1305031229.528784 -0 -0 -0 0 0 -0 -1
1305031229.564442 0.000112911 0.00854943 -0.00679682 -0.0252557 -0.0082756 -0.0129114 -0.999563
1305031229.596617 0.00531333 0.0132835 -0.00689443 -0.0546827 -0.00986448 -0.00977916 -0.998407
1305031229.628790 0.00197982 0.0179987 -0.0102838 -0.0714741 -0.011236 -0.0138855 -0.997283
1305031229.664358 0.0068736 0.0246114 -0.0122095 -0.0896512 -0.0159056 -0.0146079 -0.995739
1305031229.696843 0.00640683 0.0282268 -0.0132644 -0.102665 -0.0150195 -0.0149541 -0.99449
1305031229.729077 0.00398352 0.0341501 -0.0160503 -0.115756 -0.0143837 -0.0201975 -0.992968
1305031229.764869 0.0059182 0.0397043 -0.0169217 -0.135398 -0.0149591 -0.0233665 -0.990403
1305031229.796923 0.00608429 0.0458492 -0.0171717 -0.149848 -0.0149781 -0.0276229 -0.98821
1305031229.825630 0.00478658 0.0504679 -0.0185638 -0.168194 -0.0145807 -0.0328762 -0.985098
1305031229.863062 0.00532738 0.0564644 -0.0183439 -0.188793 -0.0149066 -0.037559 -0.981185
1305031229.896938 0.00627354 0.0631514 -0.0176193 -0.206947 -0.0150108 -0.0425309 -0.977312
1305031229.926255 0.00653718 0.0692442 -0.0172687 -0.22877 -0.0145544 -0.0462225 -0.972274
1305031229.966241 0.00684859 0.0757986 -0.015934 -0.250569 -0.0143204 -0.0502803 -0.966686
1305031229.997931 0.00701023 0.0816964 -0.0145434 -0.268748 -0.0142298 -0.0536443 -0.96161
1305031230.030002 0.00768965 0.0866114 -0.0131194 -0.284327 -0.0143572 -0.0551259 -0.957033
1305031230.065696 0.00959449 0.0923949 -0.0106099 -0.298023 -0.0145919 -0.0565622 -0.95277
1305031230.098274 0.00990617 0.0980033 -0.00804059 -0.311079 -0.0136525 -0.0592384 -0.948438
1305031230.129935 0.00920181 0.103497 -0.00558658 -0.323476 -0.0130698 -0.0607206 -0.944196
1305031230.165780 0.00990866 0.109079 -0.00287567 -0.335666 -0.0137941 -0.0620182 -0.939836
1305031230.197782 0.0109506 0.114989 0.000573359 -0.347786 -0.0141082 -0.0629565 -0.935351
1305031230.229853 0.0114015 0.120593 0.00364237 -0.360228 -0.0138068 -0.0637322 -0.930582
1305031230.265590 0.0122411 0.126933 0.00735591 -0.373148 -0.0140651 -0.0657251 -0.925334
1305031230.297993 0.0116824 0.132407 0.0103285 -0.386801 -0.0140232 -0.0669527 -0.919623
1305031230.335112 0.0140941 0.137417 0.0136794 -0.399867 -0.0149191 -0.06907 -0.913845
1305031230.365680 0.0131936 0.14287 0.0167845 -0.413584 -0.0132085 -0.070803 -0.907613
1305031230.397329 0.0136658 0.147936 0.019279 -0.4284 -0.0142371 -0.0728141 -0.900538
1305031230.436814 0.0149205 0.153175 0.0222721 -0.443803 -0.0157429 -0.0753129 -0.892815
1305031230.465312 0.0173572 0.162152 0.0287345 -0.460217 -0.0183194 -0.0798078 -0.884022
1305031230.497300 0.0179408 0.171405 0.0360192 -0.480429 -0.0200181 -0.0831498 -0.872854
1305031230.530192 0.0205979 0.180018 0.042995 -0.503157 -0.0233176 -0.085825 -0.859606
1305031230.566115 0.0220735 0.186762 0.0482975 -0.526104 -0.0243875 -0.0874034 -0.845565
1305031230.598843 0.0228234 0.194539 0.055128 -0.54844 -0.0255473 -0.0874675 -0.83121
1305031230.631914 0.0256506 0.201617 0.060318 -0.570277 -0.0267588 -0.0862516 -0.816473
1305031230.666047 0.0243283 0.208074 0.0653402 -0.589312 -0.0263973 -0.083696 -0.803125
1305031230.697945 0.0266136 0.21331 0.0688499 -0.60588 -0.028496 -0.08065 -0.790944
1305031230.733641 0.0298239 0.217953 0.0713329 -0.620757 -0.029781 -0.0792418 -0.779419
1305031230.765924 0.0340226 0.224798 0.0769614 -0.635551 -0.0318169 -0.0787055 -0.767378
1305031230.797323 0.0399066 0.233041 0.0849799 -0.650199 -0.0339491 -0.0801717 -0.754759
1305031230.831757 0.0455287 0.24153 0.0934204 -0.665112 -0.0341155 -0.0822245 -0.741419
1305031230.865542 0.0523101 0.252851 0.102357 -0.680661 -0.034909 -0.084446 -0.726878
1305031230.897394 0.0596082 0.26539 0.112726 -0.696557 -0.0344323 -0.0856688 -0.711536
1305031230.937310 0.0629441 0.281341 0.129271 -0.709682 -0.0287938 -0.0841571 -0.698885
1305031230.965035 0.0527397 0.288319 0.126594 -0.720944 -0.0246534 -0.0844034 -0.687392
1305031230.997124 0.0466812 0.293795 0.120477 -0.727774 -0.0212301 -0.0836928 -0.68036
1305031231.036750 0.0456709 0.296651 0.115197 -0.731215 -0.0196082 -0.0825791 -0.676846
1305031231.064474 0.047878 0.299014 0.11278 -0.731657 -0.0178836 -0.0812068 -0.676582
1305031231.096788 0.0462697 0.298626 0.109647 -0.730665 -0.0166608 -0.0805738 -0.67776
1305031231.134711 0.048517 0.298354 0.108924 -0.729725 -0.0181935 -0.0800025 -0.678801
1305031231.165276 0.0473451 0.298154 0.108775 -0.728322 -0.0180464 -0.0801397 -0.680293
1305031231.197771 0.0464647 0.294852 0.105924 -0.724541 -0.0170062 -0.0763663 -0.684777
1305031231.234468 0.0622504 0.289375 0.106721 -0.715621 -0.0175723 -0.0693707 -0.694813
1305031231.265635 0.0596328 0.282733 0.0956709 -0.702301 -0.0127377 -0.0644476 -0.708842
1305031231.297861 0.0350932 0.27014 0.100764 -0.682229 -0.0115369 -0.06538 -0.728118
1305031231.335152 0.0124574 0.250015 0.0986549 -0.659229 -0.0114698 -0.0667636 -0.748885
1305031231.365077 0.0147135 0.240497 0.0793745 -0.640823 -0.0121983 -0.0606028 -0.765196
1305031231.397330 0.0138181 0.228716 0.0643477 -0.620091 -0.0127489 -0.0596303 -0.782156
1305031231.436858 0.0109687 0.22373 0.0585498 -0.598657 -0.0151495 -0.0630012 -0.79838
1305031231.464989 0.0086543 0.216762 0.0514756 -0.581262 -0.0187642 -0.0634244 -0.811024
1305031231.499244 0.00393764 0.209948 0.0471867 -0.564383 -0.0219884 -0.0652903 -0.822633
1305031231.533196 0.0013192 0.203652 0.0404687 -0.54896 -0.024149 -0.0654299 -0.832933
1305031231.565068 0.000259375 0.199601 0.0345105 -0.534894 -0.0264263 -0.0652776 -0.841979
1305031231.601317 -0.00146724 0.194555 0.0276432 -0.521872 -0.0278166 -0.06247 -0.850279
1305031231.633159 -0.00290416 0.191268 0.0238803 -0.506479 -0.0291021 -0.0622082 -0.859513
1305031231.665055 -0.00530106 0.187035 0.0198654 -0.491618 -0.0290222 -0.0619236 -0.868122
1305031231.703508 -0.00779191 0.183709 0.0154936 -0.476625 -0.0283077 -0.0606507 -0.876555
1305031231.733938 -0.0105296 0.178853 0.0103834 -0.461708 -0.0274482 -0.0567555 -0.884789
1305031231.765509 -0.0128511 0.173971 0.00491607 -0.443843 -0.0265742 -0.0514872 -0.89423
1305031231.801191 -0.0141 0.168296 -0.000217669 -0.423058 -0.0268181 -0.0464077 -0.904516
1305031231.833292 -0.0143341 0.163634 -0.00391096 -0.400598 -0.027342 -0.0415144 -0.914904
1305031231.864959 -0.0133119 0.158444 -0.00719522 -0.375774 -0.0272058 -0.0358745 -0.925617
1305031231.901270 -0.0121777 0.151867 -0.0111912 -0.35007 -0.0264438 -0.0294024 -0.935889
1305031231.933046 -0.0109983 0.14328 -0.0158071 -0.32801 -0.0268014 -0.0232313 -0.944008
1305031231.965030 -0.00982218 0.137204 -0.0175406 -0.306237 -0.0267354 -0.0189728 -0.951391
1305031232.000720 -0.00962866 0.131523 -0.0198514 -0.286963 -0.0264278 -0.0158828 -0.957445
1305031232.033203 -0.00674829 0.127353 -0.0204416 -0.268433 -0.0286702 -0.0155572 -0.962746
1305031232.065145 -0.00569366 0.123753 -0.0206279 -0.247518 -0.0286605 -0.0143518 -0.968353
1305031232.100799 -0.00608084 0.11826 -0.02156 -0.228368 -0.0281962 -0.0124031 -0.973087
1305031232.132838 -0.00510459 0.113491 -0.0215607 -0.21091 -0.0282309 -0.0104532 -0.977042
1305031232.165052 -0.00421985 0.109338 -0.0212967 -0.195259 -0.0270764 -0.00781298 -0.980347
1305031232.199224 -0.00389173 0.104913 -0.0213163 -0.17925 -0.0259805 -0.00441784 -0.98345
1305031232.236468 -0.00257133 0.100892 -0.0213644 -0.16121 -0.0265957 -0.00116436 -0.986561
1305031232.262698 -0.00194079 0.09507 -0.0209879 -0.1446 -0.025856 0.00265126 -0.989149
1305031232.298025 -0.00153728 0.0902449 -0.0209419 -0.126425 -0.0257242 0.00626929 -0.991623
1305031232.332143 -0.0003599 0.0855607 -0.0202089 -0.109391 -0.0265948 0.0107092 -0.993585
1305031232.364749 -0.00151909 0.0810332 -0.018996 -0.0955927 -0.0246963 0.0152314 -0.994998
1305031232.400878 -0.0018919 0.0776245 -0.0175926 -0.084151 -0.0245751 0.0200574 -0.995948
1305031232.433144 -0.00398432 0.0740475 -0.0164955 -0.0745697 -0.0238996 0.0232774 -0.996658
1305031232.464721 -0.00453165 0.0719851 -0.0154707 -0.066268 -0.0233965 0.0259145 -0.997191
1305031232.501526 -0.00285841 0.0705306 -0.0141235 -0.0578236 -0.0233984 0.028522 -0.997645
1305031232.532464 -0.00182758 0.0679181 -0.0125174 -0.0470284 -0.0233398 0.0323332 -0.998097
1305031232.564745 -0.00195235 0.0645226 -0.0110202 -0.0354106 -0.0229259 0.035828 -0.998467
1305031232.600350 -0.00177559 0.0610196 -0.00931222 -0.0236557 -0.0221276 0.0389068 -0.998718
1305031232.629427 -0.00174392 0.0574922 -0.00737 -0.00910655 -0.0219518 0.043817 -0.998757
1305031232.664708 -0.00191501 0.0543672 -0.00532318 0.00638665 -0.0221011 0.0473235 -0.998615
1305031232.700509 -0.00107818 0.0545327 -0.00284231 0.0204512 -0.0200824 0.0499703 -0.998339
1305031232.732798 -0.001107 0.0500203 -0.00056504 0.0338476 -0.0186806 0.0552533 -0.997724
1305031232.768460 -0.00144351 0.0460643 0.00156806 0.0510381 -0.0186155 0.0610253 -0.996657
1305031232.804538 0.00044804 0.0437358 0.00456853 0.0681354 -0.017854 0.0670079 -0.995263
1305031232.834645 -0.00119794 0.039893 0.00757594 0.0826853 -0.0145624 0.0703177 -0.993985
1305031232.868557 -0.00202596 0.0367628 0.0105462 0.0958073 -0.0137672 0.072244 -0.992679
1305031232.904183 -0.00484077 0.0335109 0.013173 0.105372 -0.0116839 0.0707726 -0.991842
1305031232.933000 -0.00778281 0.0328406 0.0152477 0.110062 -0.00954582 0.0655221 -0.991717
1305031232.968364 -0.00797498 0.0322302 0.0171846 0.110896 -0.00859802 0.0624003 -0.991834
1305031233.001151 -0.012184 0.0313089 0.0177663 0.110784 -0.00697859 0.0572687 -0.992169
1305031233.033022 -0.0181115 0.0383076 0.0161886 0.105446 -0.00746998 0.0435988 -0.993441
1305031233.068843 -0.0184266 0.0446569 0.0144735 0.0863038 -0.00550235 0.0322877 -0.99573
1305031233.100447 -0.0244625 0.0502736 0.0102681 0.0622056 -0.00297433 0.0161663 -0.997928
1305031233.132892 -0.0182191 0.0545147 0.00897209 0.0320457 -0.0062991 0.0107421 -0.999409
1305031233.168480 -0.0196703 0.0520053 0.00839866 0.0163026 -0.00829166 0.0114304 -0.999767
1305031233.200634 -0.0215128 0.0531854 0.00632878 0.00952465 -0.0138183 0.00961905 -0.999813
1305031233.233009 -0.0243604 0.0562992 0.00406366 0.00309136 -0.0193932 0.00609342 -0.999789
1305031233.268468 -0.0260223 0.0649542 0.00129503 -0.0119041 -0.0216046 -0.00195463 -0.999694
1305031233.300395 -0.0349358 0.071359 -0.00326962 -0.0400797 -0.0193871 -0.0108716 -0.998949
1305031233.332530 -0.0259466 0.0850599 -0.00848424 -0.086227 -0.0309065 -0.0346631 -0.995193
1305031233.368630 -0.0315751 0.0915817 -0.0048153 -0.135062 -0.0274648 -0.0310286 -0.98997
1305031233.400893 -0.0298912 0.103035 -0.00514127 -0.16965 -0.0319824 -0.0359684 -0.984328
1305031233.433008 -0.0211978 0.118133 -0.0021713 -0.202381 -0.038829 -0.0400495 -0.977717
1305031233.468787 -0.0160465 0.130168 0.000832975 -0.227308 -0.040497 -0.0424597 -0.972054
1305031233.500736 -0.0133801 0.13703 0.00137997 -0.239923 -0.041649 -0.0436167 -0.968917
1305031233.534161 -0.0116427 0.14228 0.00205558 -0.251415 -0.0416915 -0.042965 -0.966026
1305031233.569727 -0.0119319 0.146699 0.00218224 -0.267283 -0.0408747 -0.0441789 -0.961737
1305031233.601275 -0.00919902 0.153406 0.00486197 -0.288134 -0.0430134 -0.0483732 -0.9554
1305031233.633041 -0.00751358 0.160905 0.00818592 -0.312749 -0.0425235 -0.0531822 -0.947392
1305031233.671783 -0.00642041 0.168226 0.0114159 -0.333233 -0.0423836 -0.0572945 -0.940147
1305031233.702296 -0.00653598 0.172602 0.0138281 -0.349107 -0.0420183 -0.058543 -0.934308
1305031233.731201 -0.00988168 0.173478 0.0140078 -0.357892 -0.0379109 -0.0554879 -0.931342
1305031233.769160 -0.0133776 0.171534 0.0121412 -0.357798 -0.0353209 -0.0501419 -0.931782
1305031233.799768 -0.014414 0.169025 0.0101139 -0.352012 -0.0363466 -0.0458511 -0.934165
1305031233.833831 -0.011742 0.16636 0.00878842 -0.347145 -0.039759 -0.0436446 -0.935951
1305031233.865570 -0.0100243 0.165313 0.00877779 -0.345587 -0.0397708 -0.0443023 -0.936496
1305031233.898697 -0.0104861 0.16455 0.00844864 -0.347424 -0.0388188 -0.0455217 -0.935798
1305031233.932003 -0.0093794 0.162424 0.00758837 -0.349385 -0.0382173 -0.0476311 -0.934987
1305031233.968159 -0.00942246 0.160485 0.00682587 -0.348857 -0.0341197 -0.0495468 -0.935243
1305031233.998938 -0.00697251 0.157517 0.00579879 -0.346682 -0.0293693 -0.0503916 -0.936167
1305031234.037068 -0.00696109 0.154903 0.00473566 -0.343067 -0.020505 -0.0529068 -0.937595
1305031234.068756 -0.00627274 0.151857 0.00315055 -0.338371 -0.0131078 -0.054487 -0.939343
1305031234.099741 -0.0045946 0.149517 0.00236104 -0.332913 -0.00499338 -0.0570187 -0.941219
1305031234.135069 -0.00273525 0.148339 0.0022789 -0.32862 0.00496615 -0.0590672 -0.9426
1305031234.165901 -0.00453795 0.146641 0.000227667 -0.325335 0.0165737 -0.0614593 -0.943454
1305031234.201004 -0.0010202 0.145407 -0.000482738 -0.322254 0.0230599 -0.0649639 -0.94414
1305031234.238575 -0.000735162 0.144269 -0.00155587 -0.319809 0.0355324 -0.0687173 -0.944319
1305031234.265510 -0.00366251 0.143057 -0.0039428 -0.318231 0.0464908 -0.0711325 -0.944197
1305031234.302455 -0.00109543 0.142185 -0.00489858 -0.315972 0.0529187 -0.0745675 -0.944352
1305031234.338458 0.000710232 0.14215 -0.00500824 -0.313986 0.0633566 -0.0780531 -0.94409
1305031234.366181 -0.00116736 0.141591 -0.00653317 -0.313344 0.0749977 -0.0808265 -0.943217
1305031234.400035 0.0010224 0.141321 -0.00668544 -0.311812 0.0831201 -0.0842329 -0.942746
1305031234.436771 0.00589032 0.140458 -0.00591985 -0.309694 0.0928769 -0.0870735 -0.942275
1305031234.467606 0.00660961 0.138891 -0.00633051 -0.306831 0.108489 -0.0908115 -0.94119
1305031234.497781 0.00788719 0.137474 -0.00638052 -0.304051 0.120739 -0.0949253 -0.940194
1305031234.537671 0.0148999 0.13633 -0.00365281 -0.300306 0.133762 -0.100718 -0.939031
1305031234.569037 0.0120296 0.135787 -0.00299918 -0.299719 0.154036 -0.106034 -0.93552
1305031234.598248 0.0129921 0.134768 -0.00194267 -0.299442 0.169233 -0.110356 -0.932479
1305031234.633649 0.0162734 0.133715 0.000106681 -0.296669 0.185999 -0.115907 -0.929493
1305031234.665859 0.0145518 0.132405 0.000522748 -0.294511 0.203879 -0.119056 -0.926025
1305031234.698732 0.0155092 0.130777 0.00214187 -0.291328 0.220897 -0.12209 -0.922728
1305031234.734437 0.0167571 0.130589 0.00469774 -0.288049 0.237321 -0.124628 -0.919334
1305031234.768972 0.0186408 0.129072 0.00719106 -0.284612 0.254642 -0.127883 -0.915314
1305031234.801553 0.0127209 0.130281 0.00775512 -0.281874 0.273666 -0.130851 -0.910237
1305031234.837808 0.0159784 0.130368 0.0101323 -0.279029 0.283707 -0.132538 -0.907792
1305031234.869321 0.0132943 0.134501 0.0116364 -0.274681 0.295656 -0.135207 -0.904907
1305031234.901998 0.00996175 0.13652 0.0100347 -0.272938 0.303301 -0.135885 -0.9028
1305031234.938161 0.00377826 0.141842 0.00714683 -0.271772 0.305268 -0.135932 -0.902482
1305031234.973080 0.00271707 0.143548 0.00392224 -0.273187 0.300577 -0.135568 -0.903683
1305031235.005083 0.0020365 0.147622 0.00198435 -0.276346 0.292501 -0.132719 -0.905793
1305031235.039972 0.00294567 0.145706 -0.00251963 -0.280859 0.282274 -0.131868 -0.907772
1305031235.072940 0.00189083 0.146167 -0.00694768 -0.286274 0.271467 -0.12908 -0.909775
1305031235.099591 0.000582702 0.145215 -0.0120558 -0.2914 0.258161 -0.126687 -0.912354
1305031235.136271 0.00191506 0.146352 -0.013603 -0.293543 0.245992 -0.125541 -0.915183
1305031235.166371 -0.00266438 0.150285 -0.0164359 -0.296657 0.23793 -0.122861 -0.916673
1305031235.199847 -0.00563103 0.14871 -0.0229032 -0.300982 0.22165 -0.118967 -0.919852
1305031235.237570 -0.00868156 0.147721 -0.0277045 -0.303455 0.209278 -0.117637 -0.922106
1305031235.269039 -0.0114379 0.148983 -0.0311536 -0.306236 0.196908 -0.113155 -0.924469
1305031235.306487 -0.0145601 0.148718 -0.0353452 -0.308356 0.18407 -0.108569 -0.926956
1305031235.338000 -0.0191953 0.151364 -0.0391281 -0.308934 0.168307 -0.103389 -0.930346
1305031235.369888 -0.0181858 0.150104 -0.0411953 -0.309503 0.150627 -0.0976142 -0.933805
1305031235.406016 -0.0218228 0.151729 -0.0437427 -0.311006 0.137413 -0.0939733 -0.935715
1305031235.438153 -0.0245346 0.151671 -0.0492644 -0.315897 0.116271 -0.087841 -0.937536
1305031235.470059 -0.0264458 0.153615 -0.0497003 -0.317719 0.09854 -0.084876 -0.939223
1305031235.505985 -0.0284951 0.156222 -0.0511968 -0.32033 0.0807171 -0.0815149 -0.940335
1305031235.538554 -0.031634 0.157834 -0.0538381 -0.323669 0.0628599 -0.0778124 -0.940868
1305031235.570365 -0.0337752 0.160115 -0.0548323 -0.325137 0.0447405 -0.0751952 -0.94161
1305031235.606006 -0.0392941 0.161885 -0.0581397 -0.327564 0.027637 -0.0711767 -0.941739
1305031235.638951 -0.0411178 0.163844 -0.0591938 -0.328887 0.00728585 -0.0674166 -0.941932
1305031235.670516 -0.0454072 0.166155 -0.0609249 -0.330644 -0.0114697 -0.0646899 -0.941466
1305031235.705778 -0.0472779 0.168167 -0.0619015 -0.332667 -0.0333952 -0.0614384 -0.940448
1305031235.738797 -0.0509536 0.171034 -0.0622861 -0.33465 -0.053194 -0.0589565 -0.938991
1305031235.769630 -0.057007 0.173899 -0.063032 -0.336867 -0.0714326 -0.0551588 -0.937217
1305031235.807225 -0.0607047 0.176432 -0.0631998 -0.337486 -0.0928121 -0.0518282 -0.935309
1305031235.838812 -0.0647892 0.179633 -0.0634212 -0.337277 -0.111755 -0.0500078 -0.93341
1305031235.870067 -0.0695277 0.180446 -0.0653558 -0.337513 -0.127859 -0.0456874 -0.931477
1305031235.906111 -0.0744684 0.181419 -0.0660978 -0.337137 -0.143747 -0.0421325 -0.929462
1305031235.938233 -0.0771402 0.18166 -0.0671418 -0.336966 -0.159919 -0.038618 -0.927032
1305031235.970011 -0.0836813 0.180835 -0.0695144 -0.338352 -0.170537 -0.0341816 -0.924806
1305031236.006853 -0.0869353 0.182534 -0.0695942 -0.33801 -0.184683 -0.0314047 -0.92231
1305031236.038048 -0.0903542 0.184973 -0.0694394 -0.337266 -0.19555 -0.0295222 -0.920402
1305031236.069878 -0.0951094 0.185491 -0.0701011 -0.337181 -0.207232 -0.0265738 -0.917964
1305031236.105872 -0.0977927 0.184742 -0.0708438 -0.336633 -0.217923 -0.0247371 -0.915738
1305031236.138325 -0.101024 0.184807 -0.0714976 -0.33588 -0.224044 -0.0221095 -0.914604
1305031236.170933 -0.102667 0.185193 -0.0719867 -0.334833 -0.229544 -0.0206854 -0.913657
1305031236.207190 -0.106482 0.184058 -0.0737644 -0.334987 -0.233394 -0.0180924 -0.912679
1305031236.238375 -0.105931 0.183774 -0.0756511 -0.33375 -0.238818 -0.0153381 -0.911779
1305031236.269959 -0.102767 0.184991 -0.0762647 -0.331504 -0.239245 -0.014587 -0.912499
1305031236.306994 -0.0991153 0.184485 -0.0772287 -0.330013 -0.236817 -0.0139535 -0.913682
1305031236.339217 -0.0928112 0.183277 -0.0778679 -0.328237 -0.232978 -0.0161558 -0.915271
1305031236.370096 -0.0879939 0.181612 -0.0771816 -0.328637 -0.225611 -0.0186875 -0.916923
1305031236.405869 -0.0823158 0.180635 -0.0760811 -0.329553 -0.217141 -0.0221666 -0.91856
1305031236.438788 -0.0764236 0.178837 -0.075289 -0.330023 -0.207273 -0.0258355 -0.920573
1305031236.475141 -0.070793 0.175687 -0.0742587 -0.329589 -0.195311 -0.0302229 -0.923207
1305031236.507721 -0.0667391 0.172645 -0.0724767 -0.329274 -0.182455 -0.0332686 -0.925841
1305031236.538645 -0.0594044 0.169944 -0.0703624 -0.329094 -0.170549 -0.0359008 -0.928074
1305031236.574095 -0.0547034 0.171318 -0.0642572 -0.326879 -0.156786 -0.0409437 -0.93107
1305031236.605757 -0.0465164 0.168873 -0.0618091 -0.326022 -0.144477 -0.0421792 -0.933304
1305031236.638401 -0.0403303 0.166633 -0.0583689 -0.325082 -0.128047 -0.0450136 -0.935895
1305031236.675147 -0.0354539 0.165262 -0.0542838 -0.32482 -0.112991 -0.0477819 -0.937785
1305031236.703362 -0.0297426 0.159361 -0.0524599 -0.327163 -0.0991624 -0.0481976 -0.938514
1305031236.733922 -0.0278914 0.160105 -0.0445838 -0.325884 -0.0818136 -0.0547062 -0.940273
1305031236.774041 -0.024035 0.159713 -0.0384007 -0.324799 -0.0674974 -0.0590392 -0.941522
1305031236.802588 -0.0183516 0.158385 -0.032276 -0.323679 -0.0515472 -0.0627829 -0.942673
1305031236.836415 -0.0157771 0.156375 -0.0267463 -0.322796 -0.0325834 -0.0646574 -0.943695
1305031236.874398 -0.0106382 0.154313 -0.0209705 -0.320638 -0.0170494 -0.0676467 -0.944629
1305031236.906069 -0.005247 0.152445 -0.0148973 -0.318835 0.000481449 -0.0700491 -0.945218
1305031236.934437 -0.000303054 0.150551 -0.00891133 -0.317969 0.0175116 -0.0732358 -0.945106
1305031236.974400 0.00350663 0.148089 -0.0033097 -0.317702 0.0344071 -0.0772233 -0.944414
1305031237.007426 0.00916582 0.145227 0.00298662 -0.317701 0.0507855 -0.0809508 -0.943363
1305031237.037024 0.0102937 0.142486 0.00889703 -0.317424 0.0716538 -0.0836716 -0.941863
1305031237.073427 0.015445 0.138976 0.0147026 -0.315896 0.0873822 -0.0863517 -0.940807
1305031237.105968 0.0196881 0.136426 0.0210797 -0.31315 0.104766 -0.0892567 -0.939678
1305031237.137832 0.023407 0.132074 0.0260171 -0.310197 0.124909 -0.09215 -0.937915
1305031237.171227 0.0206364 0.128418 0.0287511 -0.307436 0.143838 -0.0971052 -0.935609
1305031237.204229 0.0259757 0.125252 0.0338711 -0.305085 0.157499 -0.101638 -0.933695
1305031237.237569 0.0233635 0.122631 0.0372071 -0.302715 0.175689 -0.107354 -0.930576
1305031237.274659 0.0252522 0.119053 0.0403902 -0.300423 0.188744 -0.111184 -0.92831
1305031237.305810 0.0255565 0.115376 0.043136 -0.296116 0.203601 -0.114027 -0.926207
1305031237.337142 0.0265409 0.11233 0.0461186 -0.291347 0.215632 -0.117492 -0.924563
1305031237.374166 0.026559 0.109927 0.04931 -0.287043 0.22938 -0.121793 -0.92204
1305031237.405734 0.0234639 0.108138 0.0509158 -0.284417 0.241348 -0.124958 -0.919372
1305031237.437722 0.0231785 0.105246 0.0531434 -0.281778 0.251088 -0.127858 -0.917174
1305031237.474128 0.0221034 0.102496 0.0545458 -0.278926 0.261289 -0.133017 -0.914459
1305031237.506045 0.0194478 0.104528 0.057079 -0.277172 0.271514 -0.137017 -0.911418
1305031237.537650 0.0183527 0.103218 0.0584704 -0.275752 0.278595 -0.14011 -0.909238
1305031237.573948 0.0179914 0.103599 0.0605999 -0.273292 0.287146 -0.144489 -0.906632
1305031237.606813 0.0159004 0.104485 0.0618517 -0.272964 0.293381 -0.146222 -0.904454
1305031237.637855 0.0141918 0.105035 0.0628042 -0.271557 0.298226 -0.148283 -0.902956
1305031237.675276 0.0136688 0.105486 0.0634385 -0.270839 0.300861 -0.149126 -0.902159
1305031237.707118 0.0132666 0.105362 0.0636373 -0.269011 0.303683 -0.150027 -0.901611
1305031237.741667 0.0101085 0.108509 0.0622911 -0.268633 0.303658 -0.150407 -0.901668
1305031237.774306 0.0105431 0.107855 0.0624902 -0.269655 0.302887 -0.151017 -0.901521
1305031237.806496 0.0108056 0.108272 0.0626459 -0.267793 0.306642 -0.152988 -0.900473
1305031237.843031 0.0083704 0.111113 0.061432 -0.267687 0.306115 -0.151287 -0.900971
1305031237.875422 0.00975883 0.109204 0.0617602 -0.270239 0.301157 -0.153652 -0.90148
1305031237.907784 0.0115297 0.10924 0.0622053 -0.269593 0.305322 -0.15703 -0.899689
1305031237.944187 0.00526361 0.11197 0.0582853 -0.272436 0.305264 -0.15486 -0.899228
1305031237.973810 0.00505526 0.11272 0.0573351 -0.276628 0.297523 -0.153638 -0.900751
1305031238.006932 0.00373951 0.114036 0.0535452 -0.282429 0.288795 -0.152824 -0.901929
1305031238.043140 0.00529468 0.116198 0.0536725 -0.289816 0.277541 -0.147244 -0.904045
1305031238.074032 0.00645347 0.11794 0.0524404 -0.295777 0.26214 -0.13852 -0.908081
1305031238.106588 0.00990685 0.116073 0.0491045 -0.301579 0.240787 -0.126949 -0.913759
1305031238.143328 0.0060528 0.120578 0.0468044 -0.302781 0.223744 -0.118313 -0.918839
1305031238.172300 0.000745866 0.121981 0.0373859 -0.307947 0.201598 -0.109003 -0.923388
1305031238.205426 0.00157917 0.122747 0.034623 -0.313438 0.177538 -0.101008 -0.92738
1305031238.240147 -0.000908762 0.125939 0.0322614 -0.318907 0.159911 -0.0938351 -0.929474
1305031238.272527 -0.00263142 0.12667 0.0280405 -0.323826 0.141124 -0.0841709 -0.931738
1305031238.306053 -0.00951886 0.129521 0.0220916 -0.326732 0.122935 -0.0763558 -0.933972
1305031238.342596 -0.00837057 0.132729 0.020753 -0.328221 0.0986664 -0.0684567 -0.936936
1305031238.374104 -0.0125717 0.137304 0.0185836 -0.329577 0.0812098 -0.0620015 -0.938584
1305031238.406036 -0.01507 0.14113 0.0162099 -0.331463 0.0614743 -0.0540798 -0.939909
1305031238.443424 -0.0167991 0.144477 0.0146512 -0.331791 0.041738 -0.0473838 -0.941237
1305031238.474082 -0.0188194 0.147296 0.0131957 -0.332308 0.0245899 -0.0422037 -0.941905
1305031238.505811 -0.0190434 0.150712 0.0131488 -0.333141 0.00779922 -0.0371497 -0.942113
1305031238.543264 -0.0186795 0.153134 0.0134908 -0.334584 -0.00516252 -0.0332852 -0.941764
1305031238.574184 -0.0228612 0.155024 0.0116661 -0.337218 -0.0149785 -0.0291685 -0.940855
1305031238.605825 -0.0255991 0.157141 0.010865 -0.339499 -0.0270415 -0.0249335 -0.939887
1305031238.642759 -0.0293783 0.158194 0.00917459 -0.34137 -0.0392581 -0.0209039 -0.938876
1305031238.673813 -0.0326378 0.160673 0.00912756 -0.340981 -0.0516124 -0.0176549 -0.938486
1305031238.705189 -0.0371939 0.162262 0.00808434 -0.340684 -0.0635957 -0.0133211 -0.93793
1305031238.741307 -0.0395186 0.164052 0.0076732 -0.340787 -0.0779075 -0.00925806 -0.936861
1305031238.771796 -0.0405903 0.166396 0.00799636 -0.341486 -0.090502 -0.00689049 -0.935494
1305031238.807019 -0.0446295 0.168243 0.00809023 -0.342532 -0.100082 -0.00487672 -0.934147
1305031238.842940 -0.0490074 0.169057 0.00710733 -0.343729 -0.110948 -0.00164579 -0.93249
1305031238.873723 -0.0480006 0.169267 0.00653053 -0.344079 -0.123682 0.00106146 -0.930759
1305031238.906172 -0.0486417 0.170147 0.00668523 -0.344108 -0.131306 0.00186336 -0.929701
1305031238.942786 -0.0520231 0.170318 0.00645285 -0.344858 -0.135917 0.00245876 -0.928759
1305031238.972308 -0.0530662 0.171081 0.00659113 -0.344977 -0.143221 0.00486611 -0.927607
1305031239.010483 -0.0541716 0.171256 0.00627858 -0.344343 -0.147627 0.00809251 -0.927129
1305031239.040879 -0.0570891 0.170412 0.0046709 -0.344106 -0.152496 0.0120609 -0.926386
1305031239.074661 -0.0572054 0.170927 0.00491748 -0.343241 -0.159348 0.0133113 -0.925536
1305031239.110906 -0.0556869 0.171478 0.00502952 -0.342728 -0.161722 0.0143799 -0.925298
1305031239.141779 -0.0549724 0.172333 0.00557973 -0.341924 -0.162261 0.0149166 -0.925493
1305031239.175750 -0.0499062 0.17147 0.00475536 -0.34089 -0.162042 0.0152749 -0.925907
1305031239.209645 -0.0495161 0.169909 0.00477072 -0.340438 -0.15676 0.0148122 -0.926989
1305031239.241710 -0.0481123 0.169038 0.00526164 -0.340937 -0.153784 0.0137413 -0.927321
1305031239.273820 -0.0454132 0.168896 0.00613396 -0.341781 -0.149138 0.0102029 -0.927814
1305031239.310177 -0.042197 0.169866 0.00805199 -0.341502 -0.143251 0.006283 -0.928879
1305031239.341970 -0.038971 0.168584 0.00777286 -0.341834 -0.135039 0.00406961 -0.929999
1305031239.375024 -0.0359784 0.168366 0.00905921 -0.341176 -0.127189 0.000145835 -0.931355
1305031239.410631 -0.0343652 0.168478 0.0105735 -0.340714 -0.117767 -0.00481833 -0.932749
1305031239.441542 -0.0281407 0.167019 0.0100658 -0.341788 -0.109005 -0.00828169 -0.933397
1305031239.473318 -0.0276102 0.166427 0.0112538 -0.342883 -0.0958187 -0.0135441 -0.93438
1305031239.509739 -0.0271148 0.164914 0.0126765 -0.343264 -0.0845056 -0.0180012 -0.935256
1305031239.543802 -0.0246922 0.164606 0.0143773 -0.342171 -0.0725094 -0.0224839 -0.936566
1305031239.576116 -0.0236237 0.163658 0.0154416 -0.339865 -0.0587175 -0.0255094 -0.938293
1305031239.611161 -0.0210154 0.162925 0.0169055 -0.336379 -0.0471767 -0.0285666 -0.94011
1305031239.641422 -0.0168449 0.162223 0.0186105 -0.333345 -0.0354541 -0.0320049 -0.941594
1305031239.671056 -0.0146318 0.160522 0.019406 -0.331321 -0.0221063 -0.0356948 -0.942584
1305031239.707555 -0.00990896 0.158621 0.0212072 -0.329478 -0.0117232 -0.0402653 -0.943231
1305031239.741755 -0.00367666 0.156899 0.0236366 -0.32807 0.0011646 -0.0453385 -0.943564
1305031239.771260 0.00182551 0.154015 0.0256938 -0.32729 0.0161417 -0.0514154 -0.943386
1305031239.806087 0.00947632 0.150785 0.0280812 -0.325812 0.0320703 -0.0615443 -0.942884
1305031239.839289 0.00957708 0.149253 0.0307551 -0.324741 0.0522402 -0.0746723 -0.941402
1305031239.874430 0.011913 0.148385 0.033949 -0.326893 0.0702806 -0.0793561 -0.939098
1305031239.909062 0.0159139 0.144369 0.0355363 -0.328143 0.0874427 -0.0831643 -0.936888
1305031239.940373 0.0181742 0.141939 0.0378545 -0.326193 0.105138 -0.0860863 -0.935486
1305031239.971067 0.0186001 0.138767 0.0386606 -0.323558 0.121895 -0.0879943 -0.934189
1305031240.008865 0.0242157 0.135786 0.0417943 -0.320186 0.134782 -0.0917263 -0.933221
1305031240.039660 0.0245454 0.13461 0.0446181 -0.317845 0.151511 -0.0971626 -0.930902
1305031240.071187 0.0265977 0.133241 0.0479008 -0.316631 0.165318 -0.101964 -0.928449
1305031240.109346 0.0303436 0.129754 0.0505318 -0.316044 0.180647 -0.106725 -0.925253
1305031240.143502 0.0324988 0.126103 0.0533024 -0.314518 0.200704 -0.113014 -0.920882
1305031240.177577 0.0269061 0.124567 0.0536323 -0.313287 0.219245 -0.119502 -0.916244
1305031240.209331 0.0317547 0.119084 0.0552224 -0.312446 0.232296 -0.126277 -0.912398
1305031240.241005 0.0285904 0.11922 0.0602685 -0.308312 0.257376 -0.135549 -0.90572
1305031240.277434 0.0269788 0.117793 0.0623717 -0.307118 0.270845 -0.141614 -0.901259
1305031240.308929 0.0289364 0.117666 0.0680873 -0.304335 0.285194 -0.151501 -0.896154
1305031240.342273 0.0267237 0.118297 0.0709646 -0.301558 0.302035 -0.157766 -0.890476
1305031240.377426 0.0231988 0.119016 0.0729513 -0.297187 0.31539 -0.162465 -0.886461
1305031240.409111 0.0193547 0.122432 0.0753084 -0.291205 0.328467 -0.167903 -0.882677
1305031240.441786 0.0170098 0.123292 0.076076 -0.289153 0.338212 -0.172082 -0.878858
1305031240.477639 0.012829 0.127077 0.0767668 -0.287922 0.344679 -0.174142 -0.87634
1305031240.508449 0.00838555 0.131554 0.0774227 -0.284109 0.352075 -0.175086 -0.874454
1305031240.541270 0.00449066 0.136965 0.0778606 -0.28169 0.358422 -0.176105 -0.872451
1305031240.575909 -0.000181869 0.140578 0.0757628 -0.283262 0.35871 -0.175068 -0.872033
1305031240.610134 -0.000966888 0.140695 0.0738398 -0.284072 0.355223 -0.174932 -0.873223
1305031240.639823 0.00154867 0.139422 0.0718963 -0.28692 0.348428 -0.172439 -0.875522
1305031240.674757 0.00505745 0.13476 0.0699807 -0.289984 0.340628 -0.169163 -0.878217
1305031240.707932 0.000912938 0.135175 0.0636922 -0.290716 0.336471 -0.166443 -0.880096
1305031240.743958 0.000726257 0.133918 0.0594393 -0.293284 0.326016 -0.160309 -0.884307
1305031240.776833 0.00270055 0.132964 0.0583869 -0.293492 0.317513 -0.157983 -0.887744
1305031240.809625 0.00109912 0.133576 0.0544982 -0.294851 0.30986 -0.153115 -0.890845
1305031240.842596 -0.000500638 0.132456 0.0497878 -0.296725 0.297179 -0.144826 -0.895915
1305031240.879410 0.00147608 0.130887 0.0482688 -0.296884 0.283023 -0.139347 -0.901299
1305031240.942319 0.00226028 0.139939 0.0476486 -0.296804 0.25419 -0.121835 -0.912388
1305031240.977936 0.00536234 0.135585 0.0443114 -0.298237 0.23236 -0.115029 -0.918603
1305031241.008303 -0.000705838 0.138252 0.03791 -0.300242 0.217908 -0.109773 -0.922128
1305031241.040148 -0.000548027 0.13532 0.0311872 -0.304198 0.191804 -0.100203 -0.927704
1305031241.075933 -0.00367315 0.136418 0.027739 -0.306147 0.172714 -0.0986656 -0.930972
1305031241.106556 -0.00593778 0.140271 0.0248313 -0.311017 0.152923 -0.094023 -0.933297
1305031241.140052 -0.00820365 0.139465 0.01996 -0.316824 0.130916 -0.0875806 -0.935314
1305031241.178182 -0.0128716 0.141719 0.0165857 -0.32076 0.112029 -0.0828079 -0.936859
1305031241.239315 -0.018115 0.145968 0.0122142 -0.326396 0.0731159 -0.0686766 -0.939895
1305031241.276847 -0.0209945 0.146773 0.0104588 -0.326514 0.0575774 -0.0625383 -0.941362
1305031241.306330 -0.0270861 0.148304 0.00715662 -0.326365 0.0420431 -0.0580314 -0.942523
1305031241.342476 -0.0310834 0.148447 0.003767 -0.326994 0.0198135 -0.0561012 -0.943152
1305031241.379515 -0.0325839 0.150352 0.00487603 -0.32761 -0.0041928 -0.0585349 -0.942989
1305031241.445546 -0.0423932 0.156642 0.0064887 -0.336718 -0.0398544 -0.0626885 -0.938671
1305031241.477507 -0.0438294 0.158252 0.00795908 -0.340036 -0.0558049 -0.061838 -0.936716
1305031241.509849 -0.0432569 0.159291 0.00845285 -0.338072 -0.0623257 -0.0597415 -0.937152
1305031241.547730 -0.0411564 0.159436 0.00827086 -0.334887 -0.0621094 -0.054559 -0.938625
1305031241.578395 -0.0407811 0.158564 0.00766859 -0.33242 -0.0588549 -0.0518223 -0.939866
1305031241.647584 -0.0338472 0.157684 0.0101696 -0.331104 -0.0542758 -0.0521718 -0.940586
1305031241.678366 -0.037213 0.156331 0.0104819 -0.332124 -0.0446026 -0.0515006 -0.940772
1305031241.747102 -0.0364905 0.154472 0.0118078 -0.331403 -0.0354703 -0.0468006 -0.94166
1305031241.778268 -0.0347527 0.153488 0.0122825 -0.33128 -0.0317621 -0.0442847 -0.941957
1305031241.846436 -0.0329458 0.154816 0.0152652 -0.33365 -0.0258372 -0.0373564 -0.941602
1305031241.878799 -0.0328767 0.15581 0.0166203 -0.337922 -0.0183618 -0.0322689 -0.940441
1305031241.947705 -0.0343929 0.158833 0.0191453 -0.345593 -0.0119335 -0.0152317 -0.938185
1305031241.978343 -0.035213 0.159472 0.0198589 -0.347942 -0.0060805 -0.00209733 -0.937494
1305031242.046360 -0.0365277 0.161503 0.0212519 -0.346817 -0.000318789 0.031141 -0.937416
1305031242.079549 -0.0356361 0.163211 0.0228548 -0.341303 0.00135291 0.0497316 -0.938636
1305031242.146605 -0.0329334 0.164 0.0240225 -0.331287 0.00450946 0.0896751 -0.939248
1305031242.179708 -0.0309102 0.165307 0.025252 -0.325288 0.00489645 0.107519 -0.93947
1305031242.247809 -0.0253526 0.167374 0.027453 -0.322905 0.0079296 0.139625 -0.936042
1305031242.279498 -0.0235705 0.16837 0.0288884 -0.322493 0.0120502 0.155576 -0.933622
1305031242.347127 -0.0178123 0.168372 0.0308731 -0.316294 0.0232177 0.19249 -0.928637
1305031242.378479 -0.0163624 0.167459 0.0305984 -0.312681 0.0299741 0.20896 -0.926104
1305031242.447099 -0.0113241 0.167382 0.0336333 -0.307107 0.0413635 0.243285 -0.919123
1305031242.477647 -0.00990763 0.167492 0.0359206 -0.304019 0.0487736 0.26247 -0.914496
1305031242.509726 -0.00600683 0.168349 0.0390776 -0.298082 0.0576652 0.287454 -0.908401
1305031242.548546 -0.00520778 0.168772 0.0407346 -0.295071 0.0703268 0.312202 -0.900287
1305031242.574843 -0.00538402 0.170222 0.0433934 -0.293681 0.0788319 0.335394 -0.891655
1305031242.606115 -0.00381749 0.172059 0.0465696 -0.28894 0.0837306 0.359216 -0.88344
1305031242.643811 -0.00241285 0.17291 0.0484886 -0.281807 0.088016 0.379569 -0.876793
1305031242.675202 -0.00250932 0.173329 0.0490845 -0.277299 0.0949348 0.402243 -0.867349
1305031242.713982 -0.00308477 0.176849 0.0516469 -0.27744 0.104204 0.425629 -0.85499
1305031242.745258 -0.00447929 0.181035 0.0557579 -0.276339 0.108969 0.449175 -0.842617
1305031242.777540 -0.00469616 0.183382 0.0575735 -0.271699 0.111049 0.471381 -0.831654
1305031242.814071 -0.00727498 0.184687 0.0574733 -0.270774 0.114849 0.488501 -0.821497
1305031242.844318 -0.010669 0.187445 0.0593548 -0.271642 0.114584 0.504064 -0.811789
1305031242.874088 -0.0122598 0.190782 0.0613416 -0.270907 0.113311 0.523097 -0.800087
1305031242.913707 -0.0143717 0.19533 0.0646178 -0.266688 0.113057 0.543638 -0.787752
1305031242.944438 -0.0183227 0.195754 0.0637523 -0.260816 0.114233 0.563577 -0.77544
1305031242.976062 -0.0229052 0.199152 0.06498 -0.256919 0.113916 0.579855 -0.764712
1305031243.014166 -0.0272314 0.200241 0.0646988 -0.25294 0.110632 0.594789 -0.754989
1305031243.046910 -0.0308777 0.200898 0.0639067 -0.251099 0.108419 0.605984 -0.746979
1305031243.078045 -0.0346681 0.203019 0.0659265 -0.248338 0.105747 0.618136 -0.738278
1305031243.145816 -0.0400716 0.203613 0.0670467 -0.23959 0.107043 0.640053 -0.722129
1305031243.178076 -0.040374 0.201557 0.065472 -0.236535 0.107725 0.640617 -0.722535
1305031243.245561 -0.0379155 0.199442 0.0646242 -0.249635 0.107243 0.617487 -0.738167
1305031243.278180 -0.0321986 0.199114 0.0642942 -0.252207 0.106911 0.601636 -0.75033
1305031243.346036 -0.0282979 0.198543 0.0625654 -0.267634 0.110442 0.558068 -0.777647
1305031243.378935 -0.024531 0.199437 0.0612884 -0.269323 0.110768 0.537178 -0.791603
1305031243.447091 -0.0255218 0.203308 0.059961 -0.279557 0.111691 0.49326 -0.81613
1305031243.478037 -0.0245875 0.205393 0.0591218 -0.280148 0.113889 0.471692 -0.828284
1305031243.545943 -0.0276844 0.209788 0.0572091 -0.276686 0.113739 0.435261 -0.849151
1305031243.577984 -0.0297602 0.210696 0.0553802 -0.276328 0.115016 0.413307 -0.859995
1305031243.614055 -0.0314116 0.2129 0.0553934 -0.27926 0.115898 0.392571 -0.868602
1305031243.646187 -0.0274488 0.215963 0.0578312 -0.276387 0.112689 0.372678 -0.878648
1305031243.678280 -0.0207354 0.21812 0.0587976 -0.274689 0.115237 0.343734 -0.890569
1305031243.747378 -0.0187928 0.214189 0.0566523 -0.274162 0.11805 0.286181 -0.910494
1305031243.779036 -0.011294 0.213234 0.0556812 -0.27351 0.115734 0.244085 -0.923158
1305031243.846292 -0.00445132 0.200889 0.05111 -0.293534 0.118461 0.162992 -0.934472
1305031243.878809 -0.00132467 0.196303 0.0485165 -0.297378 0.119256 0.119832 -0.939673
1305031243.947078 -0.00606174 0.184437 0.0411095 -0.313479 0.125294 0.0473564 -0.940101
1305031243.981652 -0.00703493 0.17936 0.0384872 -0.316971 0.125683 0.0187873 -0.939883
1305031244.043823 -0.0155075 0.171736 0.0316451 -0.31829 0.131574 -0.0286509 -0.938381
1305031244.081809 -0.0190855 0.170399 0.0287256 -0.319153 0.128363 -0.0472747 -0.937779
1305031244.112790 -0.0178788 0.170072 0.0282618 -0.319977 0.12361 -0.0679605 -0.936865
1305031244.148495 -0.0237984 0.171133 0.0262473 -0.324478 0.122345 -0.0886015 -0.933754
1305031244.182431 -0.0282616 0.168993 0.0217819 -0.329875 0.116854 -0.108018 -0.930516
1305031244.247347 -0.0359981 0.165008 0.015759 -0.331623 0.104781 -0.15188 -0.925192
1305031244.283147 -0.0393003 0.162077 0.0128595 -0.331547 0.0972523 -0.175799 -0.921799
1305031244.345960 -0.051466 0.151938 0.00419028 -0.324774 0.0835323 -0.22523 -0.914776
1305031244.380856 -0.0554463 0.150239 0.00386903 -0.31667 0.0757801 -0.251198 -0.911525
1305031244.445167 -0.0676366 0.145881 0.000220526 -0.304976 0.0669991 -0.301525 -0.900879
1305031244.480659 -0.0732509 0.147816 0.000859575 -0.298492 0.0617602 -0.32357 -0.895762
1305031244.546214 -0.08136 0.153644 0.000140071 -0.291693 0.0544668 -0.359924 -0.884536
1305031244.580805 -0.0832922 0.155303 -0.00186633 -0.287505 0.0478057 -0.375062 -0.879991
1305031244.642840 -0.0874594 0.158315 -0.00491029 -0.282568 0.0360856 -0.407215 -0.867773
1305031244.680610 -0.0896223 0.159025 -0.00741495 -0.280335 0.0287567 -0.4223 -0.861538
1305031244.745888 -0.0946932 0.160607 -0.0102165 -0.275253 0.00628707 -0.456389 -0.846112
1305031244.781851 -0.0943055 0.161551 -0.00886593 -0.275019 -0.00283072 -0.4748 -0.836015
1305031244.814094 -0.095329 0.15966 -0.0106898 -0.278052 -0.00756816 -0.493092 -0.824312
1305031244.945868 -0.104582 0.155446 -0.0126919 -0.283141 -0.00644476 -0.537101 -0.794552
1305031244.981800 -0.107431 0.155695 -0.0136221 -0.285114 -0.00672429 -0.542784 -0.789969
1305031245.046440 -0.110403 0.157824 -0.0136088 -0.287649 -0.0024886 -0.546654 -0.786398
1305031245.081769 -0.108625 0.155436 -0.016747 -0.291076 -0.00456972 -0.547101 -0.784815
1305031245.145710 -0.105385 0.160732 -0.0145026 -0.297306 0.00620149 -0.534218 -0.791317
1305031245.181871 -0.099427 0.160439 -0.0142165 -0.301652 0.00968758 -0.524858 -0.795887
1305031245.214094 -0.0920286 0.161807 -0.0110993 -0.305423 0.0210199 -0.508093 -0.805057
1305031245.248795 -0.0903543 0.168646 -0.00555701 -0.309863 0.0361788 -0.484039 -0.817547
1305031245.280795 -0.0864772 0.172554 -0.000701502 -0.315021 0.0420463 -0.462357 -0.82778
1305031245.314318 -0.0800754 0.169805 0.00101755 -0.319899 0.0504132 -0.4366 -0.839347
1305031245.349181 -0.0774605 0.170775 0.00510224 -0.317032 0.0644789 -0.40463 -0.855341
1305031245.380686 -0.0729829 0.169297 0.00883881 -0.312426 0.0746212 -0.373517 -0.870234
1305031245.413311 -0.0704198 0.170093 0.0133966 -0.307607 0.0777795 -0.346966 -0.882577
1305031245.448997 -0.0635176 0.16911 0.0206063 -0.307156 0.0797906 -0.325176 -0.890814
1305031245.484671 -0.0610846 0.168166 0.0242066 -0.307873 0.0919714 -0.297597 -0.898995
1305031245.512432 -0.0590074 0.169488 0.0287941 -0.30545 0.0976504 -0.272685 -0.907087
1305031245.548146 -0.0582353 0.171155 0.0332831 -0.306924 0.100811 -0.248418 -0.913194
1305031245.578689 -0.055812 0.169426 0.0351721 -0.30645 0.10166 -0.223123 -0.919766
1305031245.610475 -0.0517141 0.170607 0.0403826 -0.304373 0.104697 -0.199822 -0.925455
1305031245.649463 -0.0526784 0.172109 0.0423049 -0.307016 0.109166 -0.17627 -0.928845
1305031245.680235 -0.0525571 0.172264 0.0427459 -0.307427 0.108269 -0.153763 -0.932804
1305031245.711032 -0.0524782 0.172799 0.0444785 -0.305653 0.107949 -0.132275 -0.93671
1305031245.749775 -0.0529139 0.17259 0.0443266 -0.302531 0.107443 -0.109057 -0.940764
1305031245.781850 -0.0521824 0.172193 0.044627 -0.295607 0.105693 -0.0852542 -0.945609
1305031245.813569 -0.0533004 0.172423 0.0443097 -0.28599 0.104781 -0.0620898 -0.950461
1305031245.849109 -0.0518988 0.172377 0.0452167 -0.275391 0.101654 -0.0369596 -0.955228
1305031245.882028 -0.0522213 0.172211 0.0450277 -0.267673 0.0998161 -0.015256 -0.958204
1305031245.945896 -0.0489389 0.172813 0.0480122 -0.257748 0.0947994 0.0270886 -0.961169
1305031245.980818 -0.0482071 0.17335 0.0494124 -0.255642 0.0951112 0.048799 -0.960843
1305031246.011003 -0.0449929 0.173424 0.0520376 -0.252187 0.0936693 0.0716091 -0.960469
1305031246.048393 -0.0419009 0.17486 0.0550948 -0.249971 0.0949852 0.0927899 -0.959105
1305031246.080525 -0.0385663 0.178128 0.05951 -0.250261 0.097924 0.115445 -0.95627
1305031246.112356 -0.0361879 0.181449 0.0636734 -0.253908 0.105432 0.142139 -0.9509
1305031246.148449 -0.0341587 0.1826 0.0663335 -0.255607 0.113013 0.169629 -0.94505
1305031246.180596 -0.0331354 0.183419 0.0679807 -0.251055 0.116031 0.192903 -0.941433
1305031246.246969 -0.0265967 0.190651 0.0752733 -0.245829 0.124573 0.243342 -0.929965
1305031246.279696 -0.0227787 0.193712 0.0791842 -0.243162 0.131589 0.271782 -0.921787
1305031246.312473 -0.0214344 0.19605 0.0814337 -0.238183 0.14003 0.299816 -0.91311
1305031246.348272 -0.0181861 0.199451 0.0844143 -0.230929 0.148033 0.331321 -0.902765
1305031246.378206 -0.0173093 0.201287 0.0849247 -0.223013 0.15779 0.359329 -0.892329
1305031246.445289 -0.0176308 0.208957 0.0872937 -0.212593 0.171432 0.411669 -0.86945
1305031246.477465 -0.0178505 0.212177 0.0880691 -0.205598 0.178196 0.438593 -0.856511
1305031246.516395 -0.0185567 0.215073 0.0882198 -0.19863 0.185861 0.464353 -0.842839
1305031246.549175 -0.0213507 0.216827 0.0873703 -0.193457 0.1928 0.486201 -0.830067
1305031246.579511 -0.0249355 0.218375 0.0861546 -0.19259 0.199539 0.508409 -0.815238
1305031246.647763 -0.0298486 0.228145 0.0907092 -0.188533 0.209998 0.548506 -0.787081
1305031246.680758 -0.0320688 0.231081 0.0907888 -0.187705 0.214496 0.567441 -0.772508
1305031246.716974 -0.0352824 0.235168 0.0929863 -0.188378 0.220854 0.58762 -0.755274
1305031246.749166 -0.0393022 0.237671 0.0942435 -0.187134 0.224684 0.608413 -0.737788
1305031246.780817 -0.0427601 0.241092 0.0963291 -0.188194 0.229706 0.627684 -0.719605
1305031246.816808 -0.0473605 0.244066 0.100116 -0.188827 0.23145 0.644668 -0.703689
1305031246.848812 -0.0507917 0.244386 0.100594 -0.185564 0.227926 0.661988 -0.689484
1305031246.880643 -0.0538718 0.24496 0.100629 -0.183903 0.227003 0.678874 -0.673631
1305031246.916671 -0.0571233 0.246394 0.103179 -0.185299 0.228398 0.693737 -0.657441
1305031246.949534 -0.0610333 0.249141 0.108554 -0.186872 0.225639 0.70727 -0.643377
1305031247.016790 -0.0683252 0.246611 0.110319 -0.185594 0.212378 0.737846 -0.613215
1305031247.047934 -0.0714306 0.246712 0.113622 -0.18726 0.204225 0.752123 -0.597944
1305031247.116213 -0.0777108 0.244056 0.11611 -0.183066 0.197152 0.778967 -0.566417
1305031247.147366 -0.0797309 0.242797 0.118234 -0.178223 0.194196 0.784987 -0.560642
1305031247.179692 -0.0786173 0.240071 0.118142 -0.178706 0.189565 0.787744 -0.558202
1305031247.216943 -0.0790558 0.237871 0.118016 -0.179257 0.185228 0.790284 -0.555886
1305031247.248793 -0.0790425 0.235145 0.115792 -0.179153 0.186776 0.791231 -0.554051
1305031247.279422 -0.0770625 0.238441 0.1191 -0.180905 0.187741 0.784534 -0.562612
1305031247.347790 -0.0745821 0.240361 0.120329 -0.198135 0.185589 0.762985 -0.586646
1305031247.378611 -0.0746759 0.241714 0.120676 -0.206833 0.185885 0.747891 -0.602766
1305031247.416862 -0.0749702 0.243952 0.121162 -0.221014 0.185342 0.728727 -0.621094
1305031247.448770 -0.0774912 0.245987 0.1214 -0.233077 0.183952 0.712375 -0.635892
1305031247.480263 -0.0781042 0.248722 0.120387 -0.240833 0.184045 0.693838 -0.653235
1305031247.545901 -0.0801642 0.25222 0.119472 -0.26187 0.183792 0.649787 -0.689509
1305031247.577921 -0.0800509 0.254667 0.120062 -0.270897 0.185069 0.626753 -0.706785
1305031247.615280 -0.0799949 0.254434 0.119431 -0.278671 0.184852 0.604789 -0.722774
1305031247.648400 -0.0784235 0.25395 0.11849 -0.282096 0.182383 0.58252 -0.740154
1305031247.683558 -0.0755461 0.254054 0.117885 -0.284979 0.180136 0.55629 -0.759526
1305031247.746902 -0.0723135 0.249275 0.114345 -0.294824 0.169823 0.491026 -0.801956
1305031247.782261 -0.064451 0.251782 0.116495 -0.299418 0.161918 0.455903 -0.822365
1305031247.813983 -0.0568344 0.251854 0.119844 -0.308687 0.163473 0.424935 -0.835116
1305031247.848442 -0.0508159 0.248281 0.121146 -0.307893 0.166517 0.399448 -0.847299
1305031247.882072 -0.0427845 0.249076 0.125812 -0.298812 0.16945 0.374908 -0.86107
1305031247.917332 -0.0481245 0.2441 0.126017 -0.299492 0.18213 0.343984 -0.871096
1305031247.949686 -0.0500167 0.239213 0.126454 -0.302644 0.185589 0.320749 -0.878113
1305031247.986145 -0.0400368 0.237452 0.131338 -0.299324 0.185235 0.298762 -0.887037
1305031248.018156 -0.0405551 0.22981 0.13013 -0.298471 0.192455 0.268598 -0.895394
1305031248.049914 -0.0405997 0.224164 0.130564 -0.303422 0.196848 0.242931 -0.900095
1305031248.117579 -0.032534 0.207587 0.130168 -0.305469 0.202545 0.185358 -0.91176
1305031248.149346 -0.0343678 0.199692 0.127815 -0.308457 0.207976 0.156392 -0.914955
1305031248.184863 -0.0340304 0.190401 0.125257 -0.31052 0.209551 0.128006 -0.918303
1305031248.216769 -0.0346623 0.182133 0.122231 -0.308795 0.21014 0.0975257 -0.922484
1305031248.248851 -0.0338676 0.178597 0.122339 -0.310151 0.209831 0.0695402 -0.92463
1305031248.284740 -0.0400107 0.169903 0.116641 -0.314461 0.209121 0.0405034 -0.925064
1305031248.316181 -0.04387 0.163944 0.112863 -0.312619 0.203051 0.0151546 -0.927798
1305031248.348843 -0.0385378 0.163147 0.115698 -0.309345 0.196367 -0.00765465 -0.930423
1305031248.388197 -0.0423925 0.161503 0.115208 -0.311548 0.194688 -0.0310755 -0.929553
1305031248.415507 -0.0439935 0.158873 0.114458 -0.313989 0.19006 -0.0520978 -0.928748
1305031248.448252 -0.043924 0.156872 0.115133 -0.314653 0.185938 -0.0734582 -0.927914
1305031248.485297 -0.0429786 0.15569 0.117322 -0.314205 0.185494 -0.0922714 -0.926473
1305031248.547003 -0.0546175 0.148775 0.1111 -0.310864 0.184929 -0.121469 -0.924343
1305031248.586058 -0.0524384 0.146806 0.112887 -0.300905 0.18029 -0.141686 -0.925676
1305031248.618038 -0.0551651 0.148108 0.11509 -0.295151 0.180235 -0.161482 -0.924297
1305031248.649439 -0.0562521 0.148448 0.116717 -0.294506 0.179525 -0.180945 -0.92103
1305031248.686028 -0.0608775 0.146085 0.114842 -0.296076 0.177851 -0.20314 -0.916211
1305031248.719923 -0.066765 0.144991 0.11302 -0.295707 0.176563 -0.225525 -0.911329
1305031248.749837 -0.0676742 0.142957 0.112709 -0.295024 0.173189 -0.246573 -0.906735
1305031248.785675 -0.0719489 0.140073 0.110548 -0.292171 0.175826 -0.266898 -0.901381
1305031248.818141 -0.081829 0.138 0.10499 -0.287996 0.177023 -0.283251 -0.897491
1305031248.849679 -0.0857254 0.130489 0.0988223 -0.281762 0.173253 -0.299533 -0.894916
1305031248.885593 -0.089643 0.125131 0.0942058 -0.27324 0.172387 -0.312301 -0.893359
1305031248.917882 -0.0954206 0.124088 0.0897614 -0.264502 0.17071 -0.323451 -0.892343
1305031248.952681 -0.0949141 0.11927 0.087471 -0.255482 0.164432 -0.336624 -0.891277
1305031248.984554 -0.0987137 0.116472 0.0840655 -0.24538 0.161675 -0.34953 -0.889651
1305031249.016951 -0.102415 0.11431 0.0805047 -0.240266 0.157413 -0.361928 -0.886849
1305031249.052366 -0.105352 0.114383 0.0768678 -0.237813 0.154341 -0.373606 -0.8832
1305031249.084503 -0.107228 0.113836 0.0733615 -0.238477 0.149656 -0.383199 -0.87971
1305031249.116884 -0.108663 0.11552 0.0704487 -0.238116 0.147952 -0.388129 -0.877934
1305031249.153447 -0.113417 0.118667 0.0660002 -0.237579 0.145027 -0.390006 -0.877735
1305031249.184739 -0.11093 0.119207 0.06328 -0.239218 0.135308 -0.393611 -0.877232
1305031249.216865 -0.106382 0.120214 0.0627284 -0.242803 0.130519 -0.399588 -0.874266
1305031249.253224 -0.109124 0.123615 0.0603139 -0.250881 0.128648 -0.404672 -0.869913
1305031249.317434 -0.105706 0.12828 0.0592927 -0.266634 0.127243 -0.413154 -0.861406
1305031249.352736 -0.104439 0.129511 0.0576657 -0.271277 0.122321 -0.414822 -0.859866
1305031249.384754 -0.0971355 0.12875 0.0601361 -0.272704 0.120642 -0.413778 -0.860154
1305031249.417834 -0.0935202 0.129489 0.0617943 -0.272004 0.13017 -0.401799 -0.864654
1305031249.453722 -0.0936381 0.130963 0.0626709 -0.269099 0.140539 -0.382437 -0.872683
1305031249.485915 -0.092355 0.131339 0.0641105 -0.265842 0.146898 -0.359657 -0.882267
1305031249.517734 -0.0874931 0.131263 0.0679297 -0.260058 0.153801 -0.334409 -0.892685
1305031249.554325 -0.0864843 0.132378 0.0712446 -0.254567 0.167405 -0.305367 -0.902176
1305031249.585905 -0.0876496 0.134033 0.0724446 -0.250634 0.173496 -0.278376 -0.910818
1305031249.618079 -0.0822963 0.133921 0.0764074 -0.249609 0.175803 -0.24877 -0.919186
1305031249.654213 -0.0813438 0.133843 0.077361 -0.249736 0.182379 -0.218764 -0.925479
1305031249.685674 -0.0800318 0.136631 0.0779039 -0.24277 0.181622 -0.187295 -0.934343
1305031249.717790 -0.0723146 0.137422 0.0807899 -0.23777 0.176358 -0.15468 -0.94257
1305031249.753962 -0.0724438 0.134849 0.0797538 -0.230276 0.174306 -0.125555 -0.949119
1305031249.785417 -0.0687598 0.134546 0.0814424 -0.216282 0.169242 -0.096066 -0.95674
1305031249.818602 -0.0648676 0.136034 0.0836516 -0.205915 0.169013 -0.0628313 -0.961814
1305031249.853747 -0.0632346 0.135471 0.0838253 -0.191886 0.169874 -0.0313933 -0.966094
1305031249.885525 -0.0591987 0.132548 0.0835007 -0.173352 0.166352 -0.00203188 -0.970707
1305031249.917065 -0.0533923 0.129979 0.0843312 -0.157638 0.164196 0.0225702 -0.973489
1305031249.953398 -0.0480588 0.127843 0.0846279 -0.144849 0.164999 0.0442692 -0.974594
1305031249.985179 -0.0454741 0.128473 0.08475 -0.134444 0.166578 0.0627466 -0.974802
1305031250.016440 -0.0424547 0.128878 0.0850803 -0.12405 0.165583 0.0813375 -0.974976
1305031250.053194 -0.038504 0.128028 0.0852972 -0.113097 0.168984 0.107088 -0.973234
1305031250.084507 -0.0359029 0.130351 0.0855128 -0.105929 0.175611 0.135904 -0.969263
1305031250.120850 -0.0340118 0.134406 0.0852864 -0.10222 0.178589 0.160177 -0.965402
1305031250.153248 -0.0342698 0.13994 0.0837082 -0.106037 0.181142 0.185359 -0.959993
1305031250.185328 -0.0306927 0.148823 0.0853302 -0.11704 0.183227 0.217505 -0.951536
1305031250.221446 -0.0269077 0.156456 0.0868125 -0.123182 0.182088 0.242 -0.945043
1305031250.253735 -0.0257025 0.159126 0.0850914 -0.127569 0.179092 0.263035 -0.939396
1305031250.285224 -0.0221923 0.166037 0.086876 -0.136682 0.182779 0.289957 -0.929427
1305031250.320862 -0.0215944 0.171389 0.0876675 -0.142572 0.187059 0.314281 -0.919733
1305031250.351700 -0.0201925 0.177133 0.0889433 -0.145678 0.191001 0.341872 -0.908526
1305031250.385149 -0.0186919 0.182114 0.0907302 -0.143303 0.194501 0.36932 -0.89735
1305031250.421536 -0.0169695 0.186496 0.0916968 -0.13575 0.197189 0.393673 -0.887531
1305031250.454018 -0.0184825 0.189074 0.0895575 -0.128133 0.197158 0.411839 -0.880397
1305031250.485613 -0.0197243 0.192602 0.0876947 -0.123918 0.195324 0.432626 -0.871394
1305031250.521538 -0.0200801 0.197631 0.0882491 -0.119601 0.193963 0.452815 -0.861993
1305031250.553658 -0.021155 0.200517 0.0870837 -0.113966 0.190357 0.466983 -0.855981
1305031250.585379 -0.0226678 0.2018 0.0839748 -0.110215 0.186919 0.478916 -0.850619
1305031250.621303 -0.0243446 0.205465 0.0830048 -0.108114 0.186404 0.494127 -0.842261
1305031250.653544 -0.025411 0.209437 0.083002 -0.105252 0.187276 0.508124 -0.834062
1305031250.685297 -0.0291273 0.210956 0.079879 -0.104314 0.18695 0.51942 -0.827268
1305031250.721640 -0.0327418 0.214785 0.0784741 -0.105991 0.185918 0.536822 -0.816102
1305031250.753428 -0.0352203 0.22085 0.0801183 -0.104764 0.186643 0.553575 -0.804825
1305031250.785365 -0.0369824 0.221933 0.0782888 -0.104318 0.185696 0.559973 -0.800665
1305031250.821793 -0.0396094 0.222768 0.07604 -0.106861 0.18289 0.563207 -0.798705
1305031250.853828 -0.0409078 0.224076 0.0754616 -0.110802 0.18313 0.566763 -0.795592
1305031250.882014 -0.0413521 0.226253 0.0762547 -0.115033 0.185893 0.567923 -0.79352
1305031250.921800 -0.0420249 0.229211 0.078145 -0.120119 0.188287 0.569278 -0.791229
1305031250.953542 -0.0420375 0.233085 0.0815453 -0.120569 0.188213 0.571255 -0.789751
1305031250.985308 -0.0402936 0.23038 0.0798905 -0.123323 0.191545 0.566249 -0.792126
1305031251.021488 -0.0403562 0.230451 0.080868 -0.130497 0.193112 0.558076 -0.796386
1305031251.053468 -0.0395696 0.23151 0.0829136 -0.13697 0.190983 0.550474 -0.801089
1305031251.085186 -0.0363088 0.231445 0.0845749 -0.143286 0.19096 0.539949 -0.80713
1305031251.121445 -0.0327136 0.23238 0.0882206 -0.150731 0.193608 0.524352 -0.815384
1305031251.153781 -0.0294183 0.232018 0.0922545 -0.156215 0.19297 0.505207 -0.826514
1305031251.185160 -0.0237234 0.229688 0.0944341 -0.16046 0.191497 0.480927 -0.840411
1305031251.220466 -0.0193899 0.225718 0.095875 -0.168687 0.193646 0.453886 -0.853249
1305031251.252424 -0.0162941 0.222378 0.0987302 -0.179015 0.194826 0.42598 -0.865181
1305031251.284482 -0.0111386 0.218778 0.102194 -0.188497 0.193215 0.394686 -0.878271
1305031251.319004 -0.00739798 0.212885 0.103167 -0.196594 0.191547 0.357321 -0.892738
1305031251.353244 -0.00416701 0.206916 0.103289 -0.204248 0.190692 0.32245 -0.904403
1305031251.387007 -0.00619586 0.199095 0.100706 -0.212279 0.190103 0.289342 -0.913827
1305031251.421050 -0.000791188 0.196234 0.103186 -0.219145 0.185716 0.259177 -0.922124
1305031251.449663 -0.000822675 0.189569 0.1008 -0.226581 0.184581 0.222817 -0.930023
1305031251.489014 -0.00212382 0.184359 0.0989058 -0.233672 0.1817 0.189379 -0.936225
1305031251.520773 -0.00162097 0.178119 0.0970725 -0.240099 0.177451 0.15685 -0.941415
1305031251.553045 -0.000804755 0.172219 0.0957274 -0.243304 0.172703 0.122269 -0.946587
1305031251.588760 -0.00385186 0.167614 0.0927369 -0.246858 0.170011 0.0887484 -0.949885
1305031251.620874 -0.00446915 0.164942 0.0919929 -0.252809 0.165082 0.0582928 -0.951545
1305031251.652875 -0.00448745 0.162857 0.0921295 -0.261601 0.159994 0.023783 -0.951526
1305031251.689768 -0.00857458 0.162056 0.0914444 -0.274441 0.156285 -0.0100041 -0.948766
1305031251.720461 -0.0102038 0.161375 0.0910089 -0.28909 0.15055 -0.0415087 -0.944478
1305031251.753144 -0.00601715 0.159078 0.0925929 -0.301313 0.143572 -0.0735816 -0.939778
1305031251.789250 -0.0092431 0.158427 0.09245 -0.314685 0.141587 -0.107327 -0.93242
1305031251.820979 -0.0118129 0.159882 0.0932907 -0.329841 0.136354 -0.137842 -0.923911
1305031251.853797 -0.00936923 0.159079 0.095244 -0.343285 0.131391 -0.16673 -0.914928
1305031251.889654 -0.00946979 0.159705 0.0970744 -0.355605 0.134057 -0.193769 -0.904448
1305031251.921930 -0.0171616 0.157551 0.0924812 -0.368085 0.137544 -0.216391 -0.893739
1305031251.953837 -0.0214634 0.155374 0.0885304 -0.374023 0.134927 -0.238325 -0.88606
1305031251.989807 -0.02308 0.156372 0.088086 -0.377085 0.132684 -0.257711 -0.879652
1305031252.022160 -0.0239684 0.153952 0.0855018 -0.380966 0.130394 -0.278481 -0.871958
1305031252.053762 -0.030211 0.151885 0.0814991 -0.384137 0.127765 -0.30385 -0.862433
1305031252.089562 -0.0370804 0.148261 0.0760799 -0.385154 0.11955 -0.331789 -0.852807
1305031252.122152 -0.0405716 0.14549 0.0735869 -0.383301 0.110269 -0.360013 -0.843393
1305031252.153971 -0.0454745 0.138752 0.0679936 -0.382365 0.103657 -0.386769 -0.832743
1305031252.189789 -0.0543471 0.134583 0.062025 -0.37694 0.100416 -0.411649 -0.823637
1305031252.222086 -0.0641071 0.143657 0.0617608 -0.369081 0.0912772 -0.431653 -0.817999
1305031252.253064 -0.0675564 0.142536 0.0574797 -0.365605 0.0728341 -0.451487 -0.810672
1305031252.288878 -0.0686899 0.138509 0.0534837 -0.359549 0.0627565 -0.468788 -0.804378
1305031252.320609 -0.0733458 0.142725 0.0535041 -0.352634 0.058952 -0.480061 -0.801071
1305031252.352855 -0.0763377 0.142636 0.0506827 -0.348612 0.049304 -0.491363 -0.796619
1305031252.389319 -0.0789743 0.145788 0.0519468 -0.344015 0.0419639 -0.503205 -0.79163
1305031252.421702 -0.0822588 0.150273 0.0543465 -0.345317 0.0337596 -0.513096 -0.785079
1305031252.453825 -0.0827907 0.14813 0.0520216 -0.347301 0.0260821 -0.523395 -0.777663
1305031252.489559 -0.084068 0.150648 0.0529766 -0.347452 0.0221398 -0.528297 -0.774396
1305031252.522170 -0.084062 0.151192 0.0528038 -0.348139 0.0178873 -0.532522 -0.771297
1305031252.553774 -0.0833512 0.153212 0.0544507 -0.349848 0.016474 -0.536717 -0.767639
1305031252.589746 -0.0855287 0.157769 0.0568846 -0.355528 0.0143566 -0.539496 -0.763111
1305031252.622125 -0.0833704 0.15302 0.0529604 -0.360049 0.0125243 -0.543735 -0.757997
1305031252.657856 -0.0816339 0.152277 0.0521514 -0.3624 0.0181254 -0.53921 -0.759993
1305031252.688998 -0.0792613 0.151175 0.0507816 -0.361338 0.0285377 -0.525938 -0.769422
1305031252.721654 -0.0779503 0.154104 0.0521879 -0.354831 0.0425155 -0.501601 -0.787835
1305031252.757822 -0.073814 0.154359 0.0526249 -0.342251 0.0548876 -0.469223 -0.812208
1305031252.789692 -0.0716005 0.153051 0.0530138 -0.322408 0.0717325 -0.437448 -0.836389
1305031252.822405 -0.0721688 0.157772 0.0565295 -0.307034 0.079948 -0.408636 -0.855778
1305031252.853978 -0.0701606 0.157358 0.0575915 -0.299346 0.0825238 -0.386186 -0.868586
1305031252.889729 -0.069783 0.157609 0.0586023 -0.293757 0.0874342 -0.367154 -0.878214
1305031252.920672 -0.069279 0.159221 0.0598813 -0.290866 0.0917398 -0.344848 -0.887728
1305031252.957865 -0.0662121 0.16004 0.0607538 -0.28713 0.0979186 -0.317047 -0.898582
1305031252.989424 -0.063918 0.163269 0.0624216 -0.283167 0.103864 -0.289046 -0.90856
1305031253.019696 -0.0635669 0.166978 0.0631355 -0.278964 0.108378 -0.257713 -0.918704
1305031253.057426 -0.059408 0.170285 0.0655389 -0.274989 0.109756 -0.228048 -0.927539
1305031253.089550 -0.0553785 0.172591 0.0681112 -0.272784 0.114175 -0.2017 -0.93374
1305031253.119724 -0.0503746 0.175163 0.0713508 -0.269926 0.121394 -0.174254 -0.939169
1305031253.157384 -0.0463293 0.181884 0.0766219 -0.270197 0.132324 -0.148212 -0.942081
1305031253.189218 -0.0468674 0.183997 0.0758659 -0.277206 0.141352 -0.124872 -0.942116
1305031253.218027 -0.0478064 0.184266 0.0738164 -0.283175 0.141853 -0.112595 -0.941813
1305031253.257847 -0.0466401 0.18791 0.0754649 -0.290812 0.137255 -0.108749 -0.940619
1305031253.289742 -0.0443637 0.189062 0.0760541 -0.301816 0.132721 -0.107397 -0.937954
1305031253.322007 -0.0389305 0.186464 0.0755666 -0.309747 0.129321 -0.109347 -0.935615
1305031253.357830 -0.0349443 0.184535 0.0757631 -0.313033 0.131723 -0.114874 -0.933522
1305031253.388097 -0.0368101 0.184539 0.0742482 -0.31532 0.136502 -0.120149 -0.931399
1305031253.421352 -0.0345505 0.184426 0.0743238 -0.316511 0.139594 -0.12423 -0.930001
1305031253.457963 -0.0357546 0.184681 0.0730164 -0.315882 0.145462 -0.126077 -0.929066
1305031253.489690 -0.0375785 0.186057 0.07194 -0.313126 0.149409 -0.125434 -0.92946
1305031253.520734 -0.0344329 0.186271 0.0724552 -0.310662 0.150392 -0.125871 -0.930068
1305031253.557854 -0.0354002 0.189085 0.0731676 -0.309397 0.154226 -0.128212 -0.929543
1305031253.589805 -0.0388734 0.192546 0.0718825 -0.311693 0.15509 -0.128013 -0.928659
