5800.035812 0 0 0 0.707789 -0.706423 0.00119798 0.000383942
5800.069129 -0.000422858 -0.00505356 0.0012056 -0.710064 0.704132 0.000657881 0.00252401
5800.102445 -0.00246605 -0.00932866 0.00246439 -0.71088 0.703248 0.00556122 0.0078108
5800.135761 -0.005903 -0.015768 0.00417648 -0.712441 0.701538 0.00916344 0.0137426
5800.169078 -0.00742727 -0.0218993 0.0057619 -0.712834 0.700998 0.0120571 0.0179953
5800.202394 -0.00898102 -0.0282799 0.00710226 -0.71239 0.70123 0.0155594 0.0231339
5800.235711 -0.0109912 -0.0370312 0.0083476 -0.712005 0.70123 0.0197126 0.030598
5800.269027 -0.0125751 -0.0452213 0.00938834 -0.711361 0.701308 0.0251269 0.0387486
5800.302343 -0.014169 -0.054461 0.00997561 -0.710976 0.701009 0.0308658 0.046327
5800.335810 -0.0144949 -0.0641966 0.0104446 -0.710997 0.699943 0.0368498 0.0566075
5800.369126 -0.0153547 -0.0735746 0.0104348 -0.709611 0.700012 0.0447407 0.0665923
5800.402442 -0.0155173 -0.0833606 0.00990899 -0.707986 0.70027 0.0527895 0.0747709
5800.435759 -0.0156323 -0.0934748 0.00917735 -0.70631 0.700303 0.0611235 0.08346
5800.469075 -0.0134556 -0.103936 0.00781338 -0.702761 0.701869 0.07028 0.0925622
5800.502391 -0.0106615 -0.114583 0.005827 -0.700216 0.702196 0.0796751 0.10134
5800.535707 -0.00756577 -0.125389 0.00328752 -0.696629 0.703467 0.0888527 0.109309
5800.569024 -0.00503946 -0.135871 0.000109669 -0.692337 0.705135 0.0991479 0.116723
5800.602340 0.000697394 -0.146128 -0.00346492 -0.688805 0.7061 0.108262 0.123487
5800.635656 0.00585783 -0.155183 -0.00680029 -0.685704 0.707397 0.114178 0.127919
5800.669123 0.0114465 -0.162616 -0.0103506 -0.68213 0.709513 0.119821 0.130123
5800.702439 0.0170851 -0.170446 -0.0150322 -0.676914 0.711761 0.130136 0.135088
5800.735755 0.025461 -0.177651 -0.0209938 -0.67121 0.714078 0.14127 0.140045
5800.769072 0.0348076 -0.18125 -0.0263391 -0.667571 0.715451 0.150889 0.140401
5800.802388 0.046796 -0.181511 -0.0313685 -0.665945 0.717096 0.156876 0.132969
5800.835704 0.0601166 -0.181635 -0.0371798 -0.666975 0.717133 0.160754 0.122565
5800.869021 0.0733014 -0.178927 -0.0415998 -0.666148 0.717948 0.165378 0.115961
5800.902337 0.0875841 -0.174526 -0.046728 -0.664509 0.719555 0.170348 0.107938
5800.935653 0.100803 -0.169915 -0.0538825 -0.664514 0.720006 0.176236 0.0946253
5800.968970 0.116486 -0.161581 -0.0593109 -0.666065 0.718523 0.182331 0.0826849
5801.002286 0.131729 -0.153855 -0.0652287 -0.669188 0.7156 0.18692 0.0718596
5801.035752 0.14687 -0.144543 -0.070569 -0.67152 0.71304 0.192563 0.0596149
5801.069069 0.16205 -0.134031 -0.0755039 -0.673724 0.710756 0.196496 0.0480759
5801.102385 0.175224 -0.123901 -0.0798986 -0.674524 0.710572 0.196824 0.0369447
5801.135701 0.187625 -0.11334 -0.0839996 -0.67576 0.710099 0.196543 0.0218888
5801.169018 0.199022 -0.0992634 -0.0863279 -0.679718 0.707383 0.193786 0.00622478
5801.202334 0.208494 -0.0857739 -0.088462 0.684059 -0.704177 -0.190133 0.00690257
5801.235651 0.216966 -0.0726031 -0.0905077 0.687282 -0.701467 -0.18758 0.0200435
5801.268967 0.225286 -0.0605314 -0.0921691 0.691342 -0.698652 -0.181133 0.033504
5801.302283 0.23513 -0.0476087 -0.0935637 0.694403 -0.696914 -0.173122 0.0463112
5801.335599 0.242394 -0.0356523 -0.0943073 0.699239 -0.693232 -0.164526 0.058527
5801.369066 0.250036 -0.0285733 -0.0943077 0.706734 -0.687543 -0.152707 0.0670182
5801.402382 0.253916 -0.0217004 -0.0923452 0.7131 -0.682795 -0.141276 0.0729342
5801.435699 0.257584 -0.0151243 -0.0894342 0.719132 -0.678574 -0.127629 0.0780819
5801.469015 0.260925 -0.0100054 -0.0852609 0.725685 -0.67401 -0.110887 0.0824404
5801.502331 0.262751 -0.00509109 -0.0795549 0.73094 -0.670664 -0.0950695 0.0830558
5801.535648 0.26199 -0.00248288 -0.0728284 0.732264 -0.671686 -0.0794942 0.0794207
5801.568964 0.261243 -0.000987546 -0.0648726 0.732642 -0.673752 -0.0609129 0.0747233
5801.602280 0.258968 -0.000273904 -0.0561493 0.734177 -0.674155 -0.0397464 0.0701462
5801.635596 0.258487 -0.0010838 -0.0471093 0.734116 -0.675832 -0.0174346 0.0634059
5801.668913 0.255353 -0.00483227 -0.0382122 0.731229 -0.679946 -0.0012563 0.0545459
5801.702379 0.253243 -0.0123065 -0.029451 0.727665 -0.684653 0.00709259 0.041268
5801.735696 0.249952 -0.0211303 -0.0206646 0.726979 -0.686056 0.0128421 0.0257614
5801.769012 0.245799 -0.0310676 -0.0117709 0.726702 -0.686618 0.0182032 0.0113646
5801.802328 0.241595 -0.0438758 -0.00307882 -0.724256 0.689151 -0.0227049 0.00292355
5801.835644 0.237739 -0.0585855 0.00499315 -0.719992 0.693312 -0.0244651 0.018221
5801.868961 0.234883 -0.0734321 0.0119097 -0.715377 0.697581 -0.0196402 0.0350817
5801.902277 0.229228 -0.0900336 0.017262 -0.711303 0.700793 -0.0104291 0.0531812
5801.935594 0.224494 -0.107103 0.0212864 -0.707834 0.702711 0.00141134 0.0718801
5801.968910 0.22176 -0.1239 0.0242056 -0.704542 0.704072 0.0141606 0.0877663
5802.002226 0.220603 -0.141201 0.0263587 -0.700807 0.705699 0.0268406 0.100688
5802.035543 0.219058 -0.154855 0.0280439 -0.696631 0.707279 0.0415699 0.112843
5802.069009 0.220669 -0.168194 0.0284657 -0.691989 0.708968 0.0569537 0.12358
5802.102325 0.223548 -0.182615 0.0273338 -0.68739 0.709873 0.0737385 0.134677
5802.135642 0.228094 -0.194559 0.0255389 -0.68366 0.70913 0.09185 0.145969
5802.168958 0.235856 -0.204599 0.0228577 -0.678761 0.710037 0.107959 0.153218
5802.202274 0.24487 -0.212963 0.0193267 -0.675044 0.710429 0.123541 0.156026
5802.235590 0.254823 -0.219368 0.0154645 -0.672915 0.708929 0.1403 0.157864
5802.268907 0.26627 -0.224086 0.0108759 -0.671491 0.706727 0.155912 0.159146
5802.302223 0.2785 -0.228724 0.00560056 -0.669548 0.70587 0.169121 0.15764
5802.335539 0.291183 -0.23175 -0.000757374 -0.666882 0.705657 0.183451 0.153829
5802.368856 0.304664 -0.232115 -0.00667143 -0.663562 0.705579 0.197711 0.150846
5802.402322 0.319069 -0.232728 -0.012881 -0.661919 0.704393 0.208666 0.148834
5802.435638 0.332602 -0.232097 -0.0186199 -0.659502 0.703995 0.218934 0.146681
5802.468955 0.345612 -0.231079 -0.0244978 -0.6557 0.705707 0.227489 0.142425
5802.502271 0.359416 -0.229302 -0.030011 -0.651786 0.70971 0.230476 0.135526
5802.535587 0.373943 -0.226209 -0.0351117 -0.646527 0.716247 0.230881 0.125247
5802.568904 0.389256 -0.22353 -0.0408621 -0.640558 0.723656 0.230664 0.113147
5802.602221 0.403717 -0.220297 -0.046607 -0.635502 0.730077 0.229727 0.101739
5802.635536 0.417967 -0.215794 -0.0522351 -0.631778 0.734692 0.22913 0.0926487
5802.668853 0.432279 -0.210618 -0.0583213 -0.63004 0.736896 0.230235 0.0838133
5802.702169 0.447591 -0.204719 -0.0648202 -0.630171 0.737402 0.23111 0.0755702
5802.735485 0.462805 -0.197876 -0.071512 -0.631489 0.736401 0.233428 0.0666835
5802.768952 0.477685 -0.190587 -0.0794502 -0.633565 0.733495 0.23915 0.0582074
5802.802268 0.49349 -0.183607 -0.0878407 -0.637935 0.728475 0.244662 0.0500324
5802.835584 0.50885 -0.177355 -0.0961669 -0.641693 0.724091 0.248891 0.044439
5802.868901 0.523652 -0.171264 -0.104589 -0.64245 0.722159 0.253584 0.0379462
5802.902217 0.539973 -0.162846 -0.112135 -0.643264 0.720854 0.256614 0.0270326
5802.935533 0.555355 -0.151792 -0.117146 -0.645853 0.719109 0.255999 0.0148383
5802.968850 0.570261 -0.138943 -0.120852 -0.646975 0.718335 0.255733 0.00441343
5803.002166 0.585365 -0.127641 -0.125345 0.648867 -0.716348 -0.256462 0.00667244
5803.035483 0.600024 -0.120143 -0.130676 0.65208 -0.713307 -0.25632 0.0168995
5803.068799 0.613656 -0.111438 -0.134707 0.653745 -0.711474 -0.256445 0.0256633
5803.102265 0.627544 -0.101654 -0.138367 0.65729 -0.70801 -0.255519 0.0374267
5803.135581 0.641752 -0.0924185 -0.142031 0.663331 -0.702797 -0.252315 0.0490519
5803.168898 0.654011 -0.0828196 -0.144615 0.667989 -0.69819 -0.250518 0.0596819
5803.202215 0.665892 -0.073029 -0.146724 0.672768 -0.692999 -0.249859 0.0686036
5803.235531 0.675976 -0.0649821 -0.147765 0.677661 -0.687579 -0.249211 0.0768393
5803.268847 0.685987 -0.0576066 -0.148754 0.681653 -0.6827 -0.249607 0.0834637
5803.302163 0.694877 -0.0511706 -0.148536 0.685388 -0.678115 -0.249714 0.089702
5803.335480 0.7031 -0.0454063 -0.147584 0.687151 -0.675931 -0.248399 0.0961192
5803.368796 0.710968 -0.0408244 -0.146203 0.687981 -0.674502 -0.246977 0.103594
5803.402112 0.7249 -0.0276334 -0.14825 0.690778 -0.672241 -0.244692 0.105088
5803.435428 0.73338 -0.0260027 -0.146614 0.690931 -0.672319 -0.242135 0.109417
5803.468895 0.740367 -0.0257696 -0.143779 0.690462 -0.673472 -0.238052 0.114143
5803.502211 0.746956 -0.0262406 -0.140482 0.690222 -0.674809 -0.232107 0.1198
5803.535528 0.753045 -0.0299968 -0.137103 0.68873 -0.676884 -0.227546 0.125309
5803.568844 0.758629 -0.0360365 -0.133364 0.686353 -0.679001 -0.226615 0.128537
5803.602160 0.763867 -0.0427341 -0.129018 0.683709 -0.679998 -0.232093 0.127585
5803.635476 0.767866 -0.0502764 -0.123986 0.682535 -0.678382 -0.241921 0.12417
5803.668793 0.771577 -0.0607525 -0.119744 0.683596 -0.674979 -0.252057 0.116479
5803.702109 0.774134 -0.073139 -0.11557 0.684172 -0.67238 -0.262399 0.104695
5803.735426 0.774661 -0.0866183 -0.111098 0.682653 -0.671751 -0.271784 0.0941698
5803.768742 0.774002 -0.101399 -0.108163 0.676724 -0.6742 -0.28373 0.0836407
5803.802208 0.771899 -0.11668 -0.106451 0.668138 -0.678743 -0.295842 0.0733299
5803.835525 0.768599 -0.130236 -0.10471 0.660842 -0.682956 -0.304823 0.0627779
5803.868841 0.763677 -0.142551 -0.102895 0.655438 -0.686483 -0.310465 0.052476
5803.902157 0.758407 -0.15309 -0.101775 0.651704 -0.689563 -0.312893 0.0433893
5803.935473 0.75237 -0.160615 -0.100641 0.648383 -0.691982 -0.315315 0.0365664
5803.968790 0.745198 -0.167255 -0.0999484 0.645772 -0.693617 -0.317633 0.0313414
5804.002106 0.738461 -0.171585 -0.100166 0.6437 -0.694764 -0.319931 0.0244414
5804.035422 0.730161 -0.175098 -0.10037 0.642011 -0.695421 -0.322339 0.0175543
5804.068739 0.722991 -0.176383 -0.101329 0.642267 -0.69472 -0.323568 0.0126999
5804.102055 0.716026 -0.175873 -0.101925 0.646094 -0.691754 -0.322383 0.0104495
5804.135371 0.708014 -0.174667 -0.101639 0.65091 -0.68887 -0.31893 0.0076148
5804.168838 0.701113 -0.173671 -0.102337 0.655876 -0.686846 -0.313089 0.0066962
5804.202154 0.693519 -0.171932 -0.102551 0.659781 -0.68555 -0.307672 0.00700558
5804.235471 0.685715 -0.170548 -0.10333 0.661697 -0.685423 -0.303856 0.00484458
5804.268787 0.676248 -0.167717 -0.103089 0.663378 -0.684953 -0.30127 0.00216236
5804.302103 0.666153 -0.164344 -0.102848 -0.666717 0.683042 0.298225 0.00190324
5804.335419 0.655636 -0.15987 -0.102149 -0.67016 0.681901 0.292999 0.00695875
5804.368736 0.645197 -0.153822 -0.101262 -0.673413 0.682503 0.283947 0.00887425
5804.402052 0.63647 -0.144477 -0.101164 -0.67709 0.683404 0.272898 0.005828
5804.435368 0.627927 -0.131569 -0.0997123 0.682986 -0.683253 -0.258249 0.00141079
5804.468685 0.620471 -0.118125 -0.0995885 0.689545 -0.682212 -0.24298 0.00865487
5804.502151 0.613079 -0.104656 -0.100349 0.695112 -0.681091 -0.229545 0.0155969
5804.535467 0.604783 -0.0934901 -0.102206 0.696313 -0.683854 -0.216951 0.0206205
5804.568784 0.59543 -0.0840986 -0.104721 0.691187 -0.691956 -0.206968 0.0249343
5804.602100 0.587841 -0.0736621 -0.107909 0.685363 -0.701077 -0.193726 0.035196
5804.635417 0.579809 -0.0646127 -0.111374 0.680198 -0.708766 -0.181531 0.0450321
5804.668733 0.569623 -0.0570277 -0.113698 0.675895 -0.714535 -0.17453 0.0462998
5804.702049 0.560885 -0.0487745 -0.116698 0.673915 -0.717863 -0.167974 0.0479114
5804.735365 0.552326 -0.039279 -0.119679 0.676598 -0.716296 -0.162487 0.0522816
5804.768682 0.543369 -0.032306 -0.12243 0.681202 -0.712908 -0.158322 0.0515679
5804.801998 0.532958 -0.0295245 -0.124651 0.683449 -0.711995 -0.152437 0.0521862
5804.835464 0.523623 -0.0295015 -0.127453 0.683607 -0.713177 -0.145499 0.0537483
5804.868782 0.513221 -0.0351337 -0.129261 0.683026 -0.715235 -0.137984 0.0536194
5804.902097 0.503057 -0.0424148 -0.129991 0.683106 -0.716645 -0.131291 0.0504895
5804.935413 0.491368 -0.0497699 -0.130286 0.68213 -0.718275 -0.129725 0.0441607
5804.968730 0.480266 -0.0563882 -0.130525 0.680663 -0.719659 -0.13245 0.0352929
5805.002046 0.470952 -0.0634726 -0.130163 0.68185 -0.718616 -0.134607 0.0234917
5805.035363 0.46065 -0.0717998 -0.129386 0.683164 -0.717606 -0.134896 0.0114743
5805.068679 0.449666 -0.0808688 -0.128352 0.683865 -0.717308 -0.13336 0.00360178
5805.101995 0.440476 -0.0894349 -0.128038 -0.68408 0.716945 0.134137 0.00562701
5805.135311 0.430001 -0.0984775 -0.128417 -0.682931 0.716637 0.14019 0.0195619
5805.168628 0.421615 -0.106767 -0.128848 -0.68062 0.717015 0.146617 0.0339094
5805.202094 0.413481 -0.115648 -0.129228 -0.679461 0.716719 0.150417 0.0449545
5805.235410 0.403538 -0.127337 -0.129065 -0.678598 0.716542 0.151591 0.0556112
5805.268727 0.393003 -0.137624 -0.129224 -0.674862 0.718376 0.15483 0.067265
5805.302043 0.381305 -0.147786 -0.129996 -0.670656 0.720196 0.159861 0.0773427
5805.335359 0.371727 -0.156364 -0.130828 -0.66586 0.722509 0.164623 0.0866628
5805.368676 0.36193 -0.162599 -0.130896 -0.662674 0.722945 0.170914 0.0948799
5805.401992 0.351738 -0.16852 -0.131552 -0.659737 0.722559 0.178595 0.103727
5805.435309 0.340809 -0.175046 -0.132769 -0.65702 0.721595 0.186012 0.114128
5805.468625 0.328392 -0.181385 -0.134042 -0.653687 0.721844 0.191321 0.122596
5805.501941 0.316396 -0.183978 -0.134234 -0.653274 0.720657 0.194699 0.126409
5805.535407 0.307319 -0.183385 -0.132667 -0.65627 0.718411 0.192977 0.126315
5805.568724 0.298212 -0.180638 -0.130059 -0.659611 0.716468 0.188814 0.126234
5805.602040 0.288577 -0.177125 -0.127394 -0.663044 0.714926 0.183403 0.124969
5805.635356 0.283004 -0.170262 -0.124019 -0.666512 0.714642 0.175092 0.119966
5805.668673 0.273663 -0.163257 -0.120334 -0.671084 0.713742 0.165291 0.113568
5805.701989 0.264713 -0.157982 -0.118322 -0.674922 0.71327 0.155334 0.107693
5805.735306 0.256696 -0.152951 -0.116945 -0.67987 0.711578 0.145658 0.101084
5805.768622 0.249045 -0.147412 -0.11541 -0.682862 0.711697 0.134927 0.0947751
5805.801938 0.241571 -0.13659 -0.113365 -0.684297 0.712733 0.12698 0.0873242
5805.835255 0.234219 -0.126482 -0.111547 -0.687072 0.711818 0.121835 0.0800217
5805.868571 0.228151 -0.118451 -0.109566 -0.689304 0.711614 0.113322 0.0749875
5805.902037 0.219219 -0.116164 -0.108157 -0.689518 0.714215 0.0999656 0.0668474
5805.935353 0.210401 -0.107132 -0.105238 -0.68965 0.716716 0.0861817 0.0572147
5805.968670 0.202604 -0.0977561 -0.102706 -0.689666 0.718622 0.0738891 0.0498363
5806.001986 0.196623 -0.0947179 -0.101042 -0.689856 0.72019 0.0595211 0.0433843
5806.035302 0.1888 -0.092268 -0.098886 -0.68967 0.721634 0.0474674 0.0366986
5806.068619 0.182377 -0.0894966 -0.0966582 -0.689834 0.7221 0.0400438 0.0331232
5806.101935 0.175334 -0.0875069 -0.0950098 -0.6907 0.721627 0.0362413 0.0295569
5806.135251 0.168792 -0.0868637 -0.0929666 -0.692908 0.719781 0.0333982 0.0260359
5806.168568 0.164003 -0.0862671 -0.0909062 -0.697162 0.715895 0.0297303 0.0239762
5806.201884 0.156977 -0.0868508 -0.0884703 -0.699654 0.713546 0.0284639 0.0229449
5806.235351 0.147803 -0.0917969 -0.0873248 -0.700437 0.712512 0.0338768 0.0237984
5806.268667 0.140915 -0.0978772 -0.0869724 -0.699903 0.712334 0.0435015 0.0286946
5806.301983 0.133308 -0.105451 -0.0866809 -0.70006 0.711187 0.054043 0.034769
5806.335299 0.124463 -0.112136 -0.0862709 -0.700006 0.710208 0.062671 0.0408457
5806.368616 0.116486 -0.118115 -0.0862271 -0.697648 0.71111 0.0725257 0.0484805
5806.401932 0.106407 -0.124663 -0.0862118 -0.693429 0.713558 0.083217 0.0553754
5806.435249 0.0974261 -0.133233 -0.0866009 -0.688255 0.717098 0.091293 0.061159
5806.468565 0.0886585 -0.14258 -0.0872426 -0.682526 0.721235 0.0975928 0.0667292
5806.501881 0.0807429 -0.150544 -0.0888132 -0.676525 0.72559 0.10455 0.0700181
5806.535197 0.0715325 -0.155791 -0.0901967 -0.672027 0.728047 0.113769 0.0733776
5806.568514 0.0637562 -0.159403 -0.0920139 -0.6706 0.727757 0.121836 0.0762938
5806.601980 0.0548645 -0.16237 -0.0938359 -0.67036 0.726642 0.128381 0.0782759
5806.635296 0.0461669 -0.166773 -0.0969549 -0.670197 0.725334 0.134905 0.0807915
5806.668613 0.0389889 -0.16934 -0.100496 -0.669836 0.72403 0.142375 0.0826398
5806.701929 0.0300966 -0.168374 -0.103389 -0.669083 0.723225 0.149713 0.0828222
5806.735246 0.020085 -0.16674 -0.106197 -0.671373 0.719808 0.15543 0.0835233
5806.768562 0.00922352 -0.163325 -0.108391 -0.673081 0.717037 0.160141 0.0847048
5806.801878 0.00121377 -0.159655 -0.110484 -0.678084 0.712136 0.160553 0.0853712
5806.835194 -0.00775212 -0.154834 -0.112409 -0.683797 0.708108 0.155714 0.0821999
5806.868511 -0.0178264 -0.145549 -0.112804 -0.68934 0.704993 0.149315 0.074158
5806.901827 -0.023888 -0.13764 -0.114388 -0.694674 0.701724 0.143475 0.0665234
5806.935293 -0.0301168 -0.131541 -0.115643 -0.699294 0.699068 0.136648 0.0601594
5806.968610 -0.0380685 -0.129721 -0.117361 -0.70276 0.698329 0.124913 0.0535003
5807.001926 -0.0501386 -0.124229 -0.117811 -0.702452 0.700406 0.116235 0.0498176
5807.035242 -0.0638242 -0.116429 -0.117264 -0.699754 0.704487 0.108982 0.0465424
5807.068559 -0.077631 -0.109079 -0.1163 -0.696131 0.710116 0.0969524 0.0416798
5807.101875 -0.0830206 -0.107025 -0.116397 -0.692749 0.716114 0.0778193 0.0349841
5807.135191 -0.091117 -0.102365 -0.115736 -0.691491 0.719118 0.0613938 0.0306656
5807.168508 -0.102291 -0.0981901 -0.115141 -0.691112 0.720625 0.0482667 0.0271046
5807.201824 -0.112845 -0.0962213 -0.114702 -0.691563 0.720965 0.0368296 0.0243621
5807.235140 -0.124212 -0.0970313 -0.113405 -0.690146 0.722822 0.0264471 0.0229638
5807.268457 -0.138578 -0.097712 -0.111847 -0.686977 0.726023 0.0212745 0.0223957
5807.301923 -0.15068 -0.0986095 -0.109351 -0.685291 0.727645 0.0175876 0.0244979
5807.335240 -0.166636 -0.101002 -0.105846 -0.684243 0.728634 0.0141108 0.0265517
5807.368556 -0.183299 -0.103476 -0.101737 -0.683167 0.729615 0.0109738 0.0287099
5807.401872 -0.198854 -0.10736 -0.097301 -0.68255 0.730181 0.00763921 0.0300376
5807.435188 -0.214861 -0.111495 -0.0930543 -0.681937 0.730542 0.0100337 0.0341871
5807.468505 -0.232327 -0.115937 -0.0883987 -0.682077 0.729931 0.0166708 0.0411445
5807.501821 -0.246577 -0.11924 -0.083009 -0.68352 0.72806 0.0222 0.0472923
5807.535137 -0.261451 -0.12298 -0.0770213 -0.684865 0.726244 0.0281707 0.0523006
5807.568454 -0.276453 -0.127466 -0.0711978 -0.68483 0.72516 0.0368837 0.0615642
5807.601770 -0.288682 -0.133997 -0.0664853 -0.682924 0.725965 0.0444167 0.0679528
5807.635236 -0.302769 -0.138316 -0.0606783 -0.680674 0.727633 0.0482199 0.0700595
5807.668553 -0.314823 -0.14233 -0.0547595 -0.681454 0.726689 0.0503571 0.0707654
5807.701869 -0.328034 -0.144355 -0.0487684 -0.683627 0.723965 0.0556954 0.0736606
5807.735185 -0.338885 -0.146513 -0.0435069 -0.685623 0.72111 0.0627 0.0773957
5807.768502 -0.35166 -0.146852 -0.0371133 -0.686023 0.720312 0.0652608 0.0791447
5807.801818 -0.36159 -0.149263 -0.0316257 -0.686764 0.719791 0.0638248 0.0786366
5807.835135 -0.372169 -0.147455 -0.0257741 -0.683627 0.723382 0.05968 0.0762206
5807.868451 -0.382482 -0.145763 -0.0195976 -0.685007 0.72318 0.0501641 0.0725193
5807.901767 -0.392745 -0.141427 -0.0136611 -0.688502 0.720999 0.0404773 0.0669838
5807.935083 -0.402021 -0.137268 -0.00936177 -0.69183 0.718637 0.0344398 0.0612091
5807.968550 -0.413199 -0.132006 -0.00408447 -0.697472 0.713521 0.0276858 0.0604541
5808.001866 -0.421248 -0.130242 6.59563e-05 -0.70138 0.710341 0.0144641 0.0572012
5808.035182 -0.433176 -0.128263 0.00432507 -0.698317 0.713931 0.000955819 0.0515232
5808.068499 -0.441389 -0.129601 0.00664857 -0.690918 0.72117 -0.00923014 0.0496169
5808.101815 -0.452118 -0.129061 0.00910522 -0.682435 0.728993 -0.0164463 0.0508159
5808.135131 -0.465565 -0.127934 0.0117587 -0.67533 0.735202 -0.0239532 0.0532314
5808.168448 -0.478544 -0.125494 0.0142105 -0.670779 0.738983 -0.0321289 0.0541068
5808.201764 -0.492451 -0.124228 0.0162855 -0.668055 0.741013 -0.0410685 0.0539973
5808.235081 -0.50468 -0.123539 0.0174337 -0.665004 0.743351 -0.0467217 0.0549093
5808.268397 -0.518096 -0.122779 0.0181193 -0.663611 0.74438 -0.047653 0.0569898
5808.301713 -0.528923 -0.125047 0.0190158 -0.664131 0.743574 -0.047626 0.0613131
5808.335179 -0.541248 -0.128583 0.0195656 -0.664292 0.743133 -0.043846 0.0674317
5808.368496 -0.553325 -0.133693 0.0196536 -0.663522 0.743515 -0.0366259 0.0747122
5808.401812 -0.565244 -0.139641 0.019501 -0.663727 0.742895 -0.0277497 0.0824874
5808.435128 -0.576309 -0.144988 0.0190201 -0.664797 0.741464 -0.0169077 0.0893866
5808.468445 -0.585814 -0.148484 0.0181705 -0.670251 0.736266 -0.0040385 0.0930611
5808.501761 -0.594305 -0.150988 0.0175884 -0.677089 0.72928 0.0103923 0.0979424
5808.535077 -0.601991 -0.152989 0.0172553 -0.68117 0.724713 0.0245247 0.100982
5808.568394 -0.608659 -0.157425 0.0164188 -0.687732 0.717473 0.0383681 0.103852
5808.601710 -0.614982 -0.161696 0.0156098 -0.691875 0.712048 0.0517259 0.107802
5808.635026 -0.619851 -0.160224 0.0162232 -0.694706 0.707742 0.0644206 0.111061
5808.668493 -0.624653 -0.163061 0.0166806 -0.695798 0.705887 0.0721021 0.111309
5808.701809 -0.627715 -0.164172 0.017471 -0.695302 0.706517 0.0750058 0.108459
5808.735126 -0.630409 -0.166054 0.0181364 -0.69445 0.708291 0.0749192 0.102227
5808.768442 -0.630672 -0.164886 0.0184468 -0.695144 0.708614 0.0745302 0.0953207
5808.801758 -0.6331 -0.164756 0.0192738 -0.697516 0.706755 0.0747615 0.0915348
5808.835075 -0.634805 -0.162343 0.0205898 -0.700505 0.703873 0.0758903 0.0899766
5808.868391 -0.633403 -0.161435 0.0215052 -0.703323 0.701491 0.0769039 0.0856313
5808.901707 -0.634637 -0.160459 0.0227156 -0.70278 0.702223 0.0784165 0.0826728
5808.935023 -0.637816 -0.159055 0.0250354 -0.699279 0.706113 0.0773436 0.0801954
5808.968340 -0.641989 -0.160635 0.0276625 -0.695559 0.710746 0.0715044 0.0769681
5809.001656 -0.644952 -0.160535 0.030442 -0.689687 0.717409 0.0655611 0.0731967
5809.035123 -0.647158 -0.160426 0.0338426 -0.684695 0.723207 0.0581744 0.0691365
5809.068439 -0.649364 -0.16085 0.0373048 -0.683297 0.72553 0.0496175 0.0651875
5809.101755 -0.651177 -0.159562 0.0406226 -0.682934 0.726333 0.0457442 0.0628386
5809.135071 -0.653688 -0.159492 0.0438762 -0.683294 0.725894 0.0468543 0.0631802
5809.168388 -0.656867 -0.158362 0.0473702 -0.682479 0.726334 0.0497846 0.0646725
5809.201704 -0.660308 -0.157768 0.0514063 -0.681948 0.726747 0.0506631 0.0649561
5809.235020 -0.66332 -0.1577 0.0560085 -0.682422 0.72691 0.0466595 0.0610385
5809.268337 -0.666423 -0.155828 0.0613786 -0.679762 0.729984 0.0420296 0.0572827
5809.301653 -0.669366 -0.156001 0.0662972 -0.677092 0.732843 0.0398218 0.0538653
5809.334969 -0.67006 -0.15437 0.0718666 -0.676597 0.733752 0.0374423 0.0492108
5809.368436 -0.671023 -0.153112 0.0771956 -0.676683 0.73387 0.0375688 0.0460815
5809.401752 -0.672206 -0.150716 0.0828939 -0.676731 0.733792 0.0417305 0.0429323
5809.435069 -0.676201 -0.149198 0.0895274 -0.67882 0.731906 0.0454446 0.038113
5809.468385 -0.676736 -0.148255 0.0961911 -0.680886 0.730021 0.0477309 0.0344225
5809.501701 -0.675522 -0.147571 0.10305 -0.684303 0.726515 0.0527872 0.0334523
5809.535018 -0.676682 -0.147423 0.110797 -0.686027 0.724294 0.0600731 0.0339935
5809.568334 -0.681522 -0.1469 0.120767 -0.686216 0.72371 0.0658004 0.0319544
5809.601650 -0.686851 -0.146509 0.130784 -0.685011 0.724681 0.0691743 0.0284927
5809.634967 -0.688137 -0.148217 0.13933 -0.68447 0.725153 0.0704293 0.0263197
5809.668283 -0.687846 -0.152338 0.147298 -0.685954 0.723808 0.0706326 0.0240847
5809.701599 -0.691978 -0.155379 0.15621 -0.686174 0.723287 0.0737552 0.02409
5809.735065 -0.698235 -0.157861 0.166111 -0.684534 0.724231 0.0790636 0.0255247
5809.768382 -0.703101 -0.158396 0.176727 -0.682692 0.725585 0.0827211 0.024803
5809.801698 -0.70673 -0.157796 0.186135 -0.682876 0.72524 0.0849619 0.0221135
5809.835014 -0.708466 -0.158198 0.193888 -0.685784 0.722048 0.0892162 0.0196911
5809.868331 -0.711436 -0.162656 0.200392 -0.689129 0.717971 0.0960867 0.0196743
5809.901647 -0.715066 -0.166112 0.206849 -0.689973 0.716441 0.101714 0.0174361
5809.934964 -0.713816 -0.167413 0.212463 -0.694316 0.711919 0.104622 0.012308
5809.968280 -0.712152 -0.165952 0.219446 -0.697404 0.708427 0.108192 0.00724597
5810.001596 -0.718237 -0.164688 0.230195 -0.698155 0.706559 0.115471 0.00449838
5810.034913 -0.721712 -0.168665 0.238623 -0.700855 0.703171 0.119702 0.00489351
5810.068381 -0.718814 -0.172627 0.244864 -0.702561 0.701563 0.11919 0.00330455
5810.101698 -0.712402 -0.176227 0.250829 -0.703813 0.700947 0.1154 0.00189386
5810.135015 -0.711441 -0.175774 0.258442 -0.702715 0.702642 0.111693 0.00311077
5810.168332 -0.714954 -0.176128 0.266269 -0.700735 0.704962 0.109516 0.00238477
5810.201650 -0.719729 -0.176939 0.27572 0.699339 -0.706358 -0.10946 0.000894571
5810.234967 -0.723047 -0.177818 0.285558 0.696984 -0.708813 -0.108579 0.00290015
5810.268284 -0.719327 -0.17804 0.293459 0.695939 -0.710322 -0.105376 0.00272381
5810.301602 -0.716103 -0.175884 0.300916 0.696006 -0.710576 -0.103228 0.000765571
5810.334919 -0.715879 -0.176476 0.308403 -0.69626 0.710436 0.102413 0.00377158
5810.368236 -0.717173 -0.18255 0.315929 -0.697723 0.709386 0.0994645 0.00777041
5810.401554 -0.716175 -0.191917 0.325561 -0.698797 0.709249 0.0923198 0.011178
5810.435021 -0.718486 -0.190036 0.337709 -0.698549 0.709986 0.0875333 0.0169695
5810.468338 -0.718075 -0.194117 0.347142 -0.69584 0.713231 0.081601 0.0212151
5810.501655 -0.719452 -0.201751 0.356267 -0.690984 0.718382 0.0768149 0.023842
5810.534973 -0.722214 -0.205415 0.367062 -0.685991 0.723488 0.0720593 0.0280901
5810.568290 -0.722682 -0.209402 0.377354 -0.683973 0.725637 0.0678035 0.0321771
5810.601607 -0.724649 -0.214362 0.386742 -0.682831 0.726602 0.0669273 0.0362298
5810.634925 -0.726071 -0.218331 0.396874 -0.68519 0.723901 0.0680472 0.0430249
5810.668242 -0.726503 -0.223662 0.405919 -0.687372 0.721307 0.0688975 0.0498938
5810.701559 -0.725438 -0.226974 0.4151 -0.688161 0.720343 0.067447 0.054688
5810.734877 -0.726257 -0.229568 0.424814 -0.689536 0.718905 0.0653535 0.0586932
5810.768344 -0.726525 -0.232925 0.433835 -0.689705 0.718791 0.0624497 0.0612093
5810.801661 -0.724863 -0.236043 0.442773 -0.688048 0.720481 0.0589561 0.0634157
5810.834978 -0.72499 -0.239072 0.451723 -0.686378 0.722175 0.0563323 0.0646253
5810.868296 -0.724337 -0.24179 0.460271 -0.685983 0.722283 0.0570318 0.0669515
5810.901613 -0.725244 -0.245136 0.46961 -0.687363 0.720223 0.0596456 0.0724872
5810.934930 -0.725467 -0.24671 0.479242 -0.686596 0.720684 0.059482 0.0752409
5810.968248 -0.726163 -0.249445 0.489122 -0.685393 0.722079 0.0558765 0.0756122
5811.001565 -0.725848 -0.251512 0.499252 -0.681575 0.725996 0.0520487 0.0753423
5811.034881 -0.725514 -0.252957 0.508851 -0.676082 0.731283 0.0518178 0.0738473
5811.068198 -0.725092 -0.252452 0.518576 -0.672539 0.734616 0.0531932 0.0721181
5811.101514 -0.7234 -0.252167 0.528279 -0.670937 0.736148 0.0540959 0.0707352
5811.134980 -0.720996 -0.252157 0.537903 -0.671045 0.736258 0.0552028 0.0676367
5811.168297 -0.719825 -0.250246 0.548187 -0.671289 0.736358 0.0554166 0.0638408
5811.201613 -0.718363 -0.251019 0.557535 -0.67236 0.735403 0.0576408 0.0615833
5811.234929 -0.71606 -0.251269 0.566291 -0.673145 0.734628 0.0611173 0.0588428
5811.268246 -0.710569 -0.250243 0.574379 -0.674957 0.7328 0.0666524 0.0547309
5811.301562 -0.708134 -0.250617 0.58224 -0.674275 0.73319 0.0736612 0.0485766
5811.334878 -0.703241 -0.249973 0.589865 -0.672061 0.735302 0.0773768 0.0409516
5811.368195 -0.700607 -0.251943 0.597582 -0.673442 0.734075 0.0810009 0.0323701
5811.401511 -0.694715 -0.252849 0.604359 -0.670408 0.736231 0.0890264 0.0243285
5811.434827 -0.688306 -0.253033 0.61136 -0.670331 0.735156 0.0995525 0.0170434
5811.468294 -0.679902 -0.252026 0.617189 -0.669476 0.734552 0.110355 0.00750399
5811.501610 -0.671982 -0.24866 0.622615 -0.669822 0.732603 0.120955 0.0010042
5811.534926 -0.664968 -0.24409 0.629572 0.669565 -0.731542 -0.128421 0.00605105
5811.568243 -0.652875 -0.25031 0.633104 0.678954 -0.722221 -0.13131 0.01325
5811.601559 -0.643911 -0.251041 0.638351 0.680837 -0.71968 -0.134246 0.0223353
5811.634875 -0.635947 -0.248733 0.64285 0.677021 -0.722369 -0.136978 0.0326122
5811.668192 -0.62747 -0.248179 0.646734 0.674027 -0.723548 -0.142913 0.0417274
5811.701508 -0.623532 -0.245621 0.651397 0.669674 -0.725753 -0.149773 0.0488681
5811.734824 -0.614378 -0.245482 0.654392 0.670166 -0.723787 -0.154702 0.0554849
5811.768141 -0.605462 -0.244674 0.656969 0.669328 -0.723048 -0.158589 0.0636497
5811.801607 -0.5975 -0.242744 0.659191 0.667309 -0.723312 -0.162666 0.0711209
5811.834923 -0.58736 -0.241916 0.66026 0.667161 -0.721488 -0.16817 0.0779078
5811.868240 -0.568609 -0.244881 0.658851 0.672759 -0.714346 -0.173257 0.0841885
5811.901556 -0.554031 -0.245112 0.657954 0.674625 -0.710133 -0.179277 0.0919377
5811.934872 -0.539532 -0.24672 0.656426 0.678006 -0.704296 -0.186353 0.0977177
5811.968189 -0.526978 -0.247218 0.655346 0.678514 -0.700819 -0.194879 0.102443
5812.001505 -0.515679 -0.247016 0.654839 0.678435 -0.69868 -0.201167 0.105376
5812.034821 -0.504329 -0.24636 0.654395 0.676812 -0.698254 -0.205732 0.109731
5812.068138 -0.492961 -0.245791 0.654122 0.675382 -0.697819 -0.208919 0.115154
5812.101454 -0.481602 -0.244863 0.653842 0.674409 -0.696798 -0.21317 0.11918
5812.134770 -0.470543 -0.244946 0.653424 0.673239 -0.695898 -0.218948 0.120568
5812.168237 -0.459468 -0.244653 0.653237 0.671507 -0.695551 -0.224796 0.121464
5812.201553 -0.448103 -0.245199 0.653006 0.670737 -0.694802 -0.228465 0.12315
5812.234869 -0.43839 -0.245473 0.653667 0.671473 -0.693165 -0.22996 0.125556
5812.268186 -0.426277 -0.246245 0.653592 0.671384 -0.692945 -0.22982 0.127486
5812.301502 -0.415407 -0.247314 0.653796 0.670806 -0.693203 -0.230781 0.12739
5812.334818 -0.405034 -0.24862 0.653688 0.669947 -0.693871 -0.231022 0.127837
5812.368135 -0.394983 -0.249243 0.653254 0.66864 -0.694288 -0.23259 0.129559
5812.401451 -0.384468 -0.25009 0.651949 0.666883 -0.694049 -0.237743 0.130542
5812.434767 -0.374693 -0.250207 0.650992 0.668092 -0.690655 -0.244331 0.130198
5812.468084 -0.363512 -0.249364 0.649969 0.671488 -0.685865 -0.248434 0.13028
5812.501550 -0.354223 -0.248171 0.649323 0.672812 -0.683442 -0.250234 0.132715
5812.534866 -0.344337 -0.247463 0.648395 0.672363 -0.682963 -0.250812 0.136318
5812.568183 -0.335297 -0.247299 0.647217 0.67142 -0.683788 -0.24812 0.141655
5812.601499 -0.32592 -0.247906 0.645784 0.669282 -0.685554 -0.245474 0.147717
5812.634815 -0.317965 -0.247698 0.644679 0.666738 -0.686138 -0.24739 0.153212
5812.668132 -0.310167 -0.247192 0.644091 0.664554 -0.686041 -0.25239 0.154968
5812.701448 -0.301207 -0.247367 0.642977 0.664201 -0.684809 -0.256229 0.155631
5812.734764 -0.293973 -0.247171 0.642953 0.663168 -0.683957 -0.259529 0.15829
5812.768081 -0.284275 -0.247648 0.641361 0.663206 -0.682658 -0.2604 0.162259
5812.801397 -0.275087 -0.247529 0.640204 0.664473 -0.680273 -0.260519 0.166835
5812.834713 -0.265244 -0.247435 0.638858 0.666603 -0.676919 -0.260848 0.171406
5812.868180 -0.256731 -0.247192 0.638285 0.668733 -0.673203 -0.261636 0.176465
5812.901496 -0.247187 -0.246944 0.637348 0.66883 -0.670963 -0.264478 0.180351
5812.934812 -0.237357 -0.247063 0.636202 0.666346 -0.670884 -0.268302 0.184152
5812.968129 -0.228151 -0.247204 0.635497 0.664061 -0.670327 -0.27145 0.189735
5813.001445 -0.219051 -0.247285 0.635217 0.661985 -0.669297 -0.275034 0.19538
5813.034761 -0.210435 -0.246147 0.635428 0.660921 -0.667197 -0.279025 0.200443
5813.068078 -0.199656 -0.246464 0.634348 0.660118 -0.66423 -0.282918 0.207363
5813.101394 -0.189862 -0.245895 0.633738 0.659836 -0.659908 -0.288179 0.214687
5813.134710 -0.179327 -0.24511 0.632956 0.660763 -0.655254 -0.291837 0.221057
5813.168027 -0.169116 -0.244998 0.632098 0.661551 -0.650738 -0.295331 0.227311
5813.201493 -0.158557 -0.245425 0.63121 0.660425 -0.64759 -0.300626 0.232574
5813.234809 -0.148379 -0.246021 0.630563 0.657509 -0.647044 -0.305278 0.236264
5813.268126 -0.137987 -0.247097 0.630197 0.65431 -0.648399 -0.305428 0.241186
5813.301442 -0.127742 -0.248397 0.629998 0.651162 -0.650029 -0.302806 0.248514
5813.334758 -0.118277 -0.248671 0.630028 0.648258 -0.650811 -0.301547 0.255494
5813.368075 -0.108305 -0.249558 0.630126 0.646512 -0.650792 -0.301767 0.259671
5813.401391 -0.0979874 -0.250448 0.630157 0.645178 -0.649707 -0.303737 0.263381
5813.434707 -0.0884143 -0.251344 0.629939 0.641919 -0.648283 -0.309555 0.268039
5813.468024 -0.0786888 -0.252182 0.629534 0.639183 -0.64622 -0.316977 0.270869
5813.501340 -0.0694929 -0.252627 0.629215 0.638581 -0.643129 -0.323455 0.271987
5813.534656 -0.0597301 -0.253166 0.628425 0.63873 -0.640356 -0.32821 0.272481
5813.568123 -0.0508097 -0.252731 0.62767 0.640935 -0.636882 -0.330549 0.272618
5813.601439 -0.0419206 -0.252389 0.626409 0.64154 -0.635131 -0.331458 0.274171
5813.634755 -0.0330166 -0.251114 0.62461 0.638592 -0.635211 -0.335505 0.275942
5813.668072 -0.021951 -0.247816 0.619586 0.638471 -0.633458 -0.341878 0.272406
5813.701388 -0.0095846 -0.243666 0.614358 0.640095 -0.631776 -0.346317 0.266837
5813.734704 0.00429162 -0.238353 0.607844 0.642142 -0.630848 -0.347021 0.263173
5813.768021 0.0139906 -0.23856 0.606546 0.642491 -0.628723 -0.348139 0.265915
5813.801337 0.028126 -0.231241 0.598857 0.644883 -0.629218 -0.347161 0.260175
5813.834653 0.0358535 -0.230925 0.598306 0.645093 -0.628639 -0.34793 0.260024
5813.867970 0.0453208 -0.229316 0.595489 0.645379 -0.627805 -0.34832 0.260806
5813.901436 0.0542144 -0.2279 0.592747 0.644643 -0.626819 -0.350472 0.262113
5813.934752 0.0639578 -0.226831 0.589083 0.644445 -0.625528 -0.353617 0.26146
5813.968069 0.0736814 -0.224931 0.585507 0.64588 -0.622628 -0.356168 0.261376
5814.001385 0.084092 -0.223033 0.580993 0.647419 -0.618718 -0.360878 0.260392
5814.034701 0.0947929 -0.22137 0.576092 0.647824 -0.615385 -0.367771 0.257622
5814.068018 0.106994 -0.220067 0.569876 0.648218 -0.613413 -0.372848 0.254011
5814.101334 0.117453 -0.219043 0.565528 0.646996 -0.613233 -0.376558 0.252084
5814.134650 0.127926 -0.219609 0.561083 0.645694 -0.614069 -0.377459 0.252039
5814.167967 0.139321 -0.219567 0.556591 0.644491 -0.615897 -0.376979 0.251374
5814.201283 0.149865 -0.220228 0.553106 0.645866 -0.616417 -0.373736 0.251413
5814.234599 0.160374 -0.219152 0.550664 0.647308 -0.616514 -0.368448 0.255243
5814.268066 0.170814 -0.218907 0.548079 0.649644 -0.61558 -0.363323 0.258884
5814.301382 0.182191 -0.219663 0.544026 0.650775 -0.616383 -0.360546 0.258014
5814.334698 0.192103 -0.221674 0.540396 0.65044 -0.617112 -0.361969 0.255106
5814.368015 0.203588 -0.223348 0.533784 0.64965 -0.617672 -0.365152 0.251198
5814.401331 0.212917 -0.223736 0.528862 0.64723 -0.617634 -0.368918 0.252035
5814.434647 0.223648 -0.223743 0.521997 0.646354 -0.617374 -0.369472 0.254101
5814.467964 0.23362 -0.222817 0.515349 0.645651 -0.616217 -0.371493 0.255743
5814.501280 0.242513 -0.222177 0.509794 0.645583 -0.614015 -0.374484 0.256846
5814.534596 0.25162 -0.222112 0.504221 0.646798 -0.611946 -0.376076 0.256401
5814.567913 0.259918 -0.221846 0.499266 0.645523 -0.611097 -0.379667 0.256346
5814.601379 0.269233 -0.222668 0.492796 0.64453 -0.609561 -0.383944 0.256134
5814.634695 0.277661 -0.222959 0.487972 0.641962 -0.609069 -0.387803 0.25793
5814.668012 0.286504 -0.222529 0.483541 0.64 -0.609007 -0.390388 0.259052
5814.701328 0.29619 -0.221941 0.477599 0.640036 -0.606491 -0.392577 0.261546
5814.734644 0.305641 -0.220517 0.472165 0.640086 -0.602864 -0.395374 0.265565
5814.767961 0.315553 -0.218429 0.466315 0.640352 -0.598318 -0.399859 0.268471
5814.801277 0.325176 -0.215644 0.461148 0.640398 -0.592507 -0.406123 0.271827
5814.834593 0.335426 -0.212773 0.455988 0.640696 -0.586177 -0.412231 0.275628
5814.867910 0.345258 -0.208757 0.452633 0.640099 -0.579424 -0.420359 0.278995
5814.901226 0.355406 -0.205663 0.451308 0.638487 -0.574685 -0.428795 0.279654
5814.934692 0.364938 -0.204655 0.450246 0.634125 -0.572904 -0.434998 0.283625
5814.968011 0.375301 -0.201925 0.446576 0.631169 -0.569445 -0.44024 0.289045
5815.001325 0.385867 -0.20296 0.44536 0.628283 -0.5665 -0.442644 0.297331
5815.034641 0.396211 -0.204487 0.444569 0.626047 -0.56247 -0.445122 0.305873
5815.067958 0.406808 -0.203119 0.442722 0.625166 -0.555501 -0.45106 0.311659
5815.101274 0.418432 -0.200467 0.43886 0.626002 -0.54798 -0.456344 0.315578
5815.134590 0.43005 -0.197758 0.435184 0.628607 -0.539677 -0.458604 0.321378
5815.167907 0.441599 -0.195134 0.431799 0.633358 -0.528442 -0.459512 0.329325
5815.201223 0.452678 -0.193741 0.42814 0.633638 -0.520959 -0.462419 0.336561
5815.234539 0.463323 -0.193276 0.425141 0.629862 -0.517459 -0.467203 0.342392
5815.267856 0.473822 -0.192833 0.422046 0.626687 -0.511971 -0.471758 0.350132
5815.301322 0.483814 -0.192352 0.420231 0.623258 -0.508689 -0.475324 0.356163
5815.334638 0.493554 -0.191775 0.41843 0.61906 -0.507627 -0.47747 0.36208
5815.367955 0.502684 -0.190673 0.416177 0.61423 -0.504214 -0.48095 0.370374
5815.401271 0.51151 -0.18892 0.412677 0.611188 -0.49789 -0.484916 0.378698
5815.434587 0.519633 -0.186365 0.409652 0.609232 -0.49039 -0.489954 0.385096
5815.467904 0.527381 -0.183107 0.405759 0.609997 -0.480553 -0.494372 0.3906
5815.501220 0.534669 -0.179853 0.400988 0.611053 -0.470467 -0.498675 0.395726
5815.534536 0.540681 -0.17669 0.397081 0.607549 -0.462295 -0.506987 0.400166
5815.567853 0.54735 -0.174867 0.387747 0.603454 -0.455712 -0.513472 0.405606
5815.601169 0.552117 -0.172249 0.38348 0.599162 -0.447707 -0.520343 0.412076
5815.634635 0.557487 -0.168541 0.377114 0.597206 -0.44094 -0.524593 0.416796
5815.667952 0.562338 -0.163464 0.370874 0.596439 -0.433615 -0.52596 0.423799
5815.701268 0.566136 -0.157578 0.364728 0.595321 -0.426335 -0.525624 0.433072
5815.734584 0.56935 -0.153811 0.358348 0.593884 -0.419669 -0.524921 0.44231
5815.767901 0.571496 -0.145405 0.350038 0.59007 -0.414406 -0.524656 0.452572
5815.801217 0.57361 -0.13609 0.338115 0.586593 -0.406531 -0.527373 0.460998
5815.834533 0.575414 -0.132109 0.331172 0.582681 -0.399017 -0.534619 0.464167
5815.867850 0.577229 -0.128435 0.325747 0.578345 -0.395071 -0.540643 0.465984
5815.901166 0.579347 -0.123889 0.318327 0.576574 -0.391836 -0.543096 0.468052
5815.934482 0.581396 -0.118357 0.311754 0.574133 -0.391259 -0.543013 0.47162
5815.967799 0.583734 -0.113342 0.305833 0.573427 -0.39196 -0.540747 0.474491
5816.001265 0.58576 -0.108868 0.300423 0.574774 -0.388923 -0.538112 0.47834
5816.034581 0.587332 -0.102638 0.29413 0.576159 -0.383459 -0.537374 0.481902
5816.067898 0.58863 -0.0985864 0.289237 0.57629 -0.378322 -0.537816 0.485301
5816.101214 0.589434 -0.093257 0.283254 0.576249 -0.37287 -0.539594 0.48759
5816.134530 0.589892 -0.0873701 0.276338 0.578308 -0.364901 -0.54023 0.490467
5816.167847 0.590417 -0.0826819 0.269712 0.579669 -0.357629 -0.539894 0.494571
5816.201163 0.59092 -0.0778315 0.261725 0.580952 -0.35254 -0.539789 0.496827
5816.234479 0.591567 -0.0739778 0.253911 0.584008 -0.349309 -0.536585 0.498993
5816.267796 0.592251 -0.0709648 0.245546 0.587719 -0.345498 -0.530567 0.503703
5816.301112 0.592617 -0.068281 0.23628 0.589714 -0.342125 -0.525068 0.509403
5816.334578 0.592707 -0.0653991 0.225656 0.591602 -0.339739 -0.521397 0.512572
5816.367895 0.592347 -0.0613505 0.21444 0.592338 -0.336268 -0.520636 0.51478
5816.401211 0.591906 -0.0578842 0.204832 0.590998 -0.332885 -0.522781 0.516343
5816.434527 0.591963 -0.0542044 0.195927 0.590655 -0.331818 -0.523724 0.516465
5816.467844 0.592237 -0.0487821 0.186313 0.592828 -0.329528 -0.522029 0.517158
5816.501160 0.592844 -0.0436002 0.177027 0.59715 -0.325168 -0.519025 0.517968
5816.534479 0.594076 -0.0403039 0.169044 0.601337 -0.321477 -0.51574 0.518708
5816.567793 0.595009 -0.0356836 0.160504 0.603886 -0.320932 -0.512745 0.519053
5816.601109 0.596301 -0.0326119 0.152306 0.605883 -0.318747 -0.509131 0.521624
5816.634425 0.59708 -0.0283594 0.144079 0.607166 -0.316423 -0.505212 0.525345
5816.667742 0.597511 -0.0239987 0.135859 0.60743 -0.312861 -0.502363 0.529885
5816.701208 0.597716 -0.0198309 0.128142 0.607549 -0.308845 -0.500626 0.533735
5816.734524 0.598239 -0.0160211 0.121182 0.609788 -0.304121 -0.495972 0.53822
5816.767841 0.598844 -0.0134676 0.113605 0.61132 -0.297879 -0.490423 0.545014
5816.801157 0.598875 -0.00933723 0.106306 0.610705 -0.29258 -0.488977 0.549853
5816.834473 0.599364 -0.00614126 0.0988145 0.612273 -0.288145 -0.486338 0.552783
5816.867790 0.599287 -0.0010225 0.0915994 0.614191 -0.280987 -0.484961 0.555543
5816.901106 0.599433 0.00290067 0.0836312 0.615934 -0.271516 -0.485743 0.557636
5816.934422 0.599535 0.00729316 0.0770155 0.617592 -0.263517 -0.488144 0.557543
5816.967739 0.599629 0.0117801 0.0701208 0.618874 -0.256085 -0.489667 0.558249
5817.001055 0.599829 0.0159373 0.0633156 0.618756 -0.24849 -0.491361 0.56032
5817.034521 0.600436 0.0199391 0.0573604 0.618542 -0.242809 -0.493167 0.561459
5817.067838 0.601417 0.0238284 0.0512575 0.618872 -0.237957 -0.493953 0.562481
5817.101154 0.602483 0.0279863 0.0450828 0.618613 -0.231988 -0.494607 0.56468
5817.134470 0.603634 0.0325474 0.0390888 0.619148 -0.224658 -0.495688 0.566107
5817.167787 0.604946 0.0369272 0.0329083 0.620114 -0.216141 -0.497179 0.567058
5817.201103 0.606133 0.0417698 0.0271688 0.61989 -0.208217 -0.499016 0.568652
5817.234419 0.607401 0.0462009 0.0203981 0.618403 -0.200421 -0.501305 0.571054
5817.267736 0.608903 0.050585 0.0139643 0.616614 -0.194378 -0.503942 0.572754
5817.301052 0.611159 0.054161 0.00719472 0.617969 -0.19096 -0.503293 0.573014
5817.334368 0.613903 0.057176 0.000152767 0.618876 -0.189668 -0.500594 0.574826
5817.367685 0.616928 0.0594942 -0.0069321 0.618158 -0.189756 -0.498604 0.577293
5817.401151 0.620125 0.0619499 -0.0140911 0.617597 -0.1901 -0.498433 0.577927
5817.434467 0.623268 0.0642834 -0.0209248 0.616885 -0.189384 -0.499705 0.577824
5817.467784 0.626459 0.0667444 -0.027932 0.618905 -0.184842 -0.497777 0.578799
5817.501100 0.62986 0.0690172 -0.0350161 0.621243 -0.180315 -0.494496 0.580532
5817.534416 0.63348 0.0704747 -0.0420786 0.620236 -0.179498 -0.493722 0.582517
5817.567733 0.637202 0.0715853 -0.0492547 0.617379 -0.179393 -0.495037 0.584466
5817.601049 0.641057 0.0725858 -0.056426 0.615587 -0.178821 -0.495957 0.585749
5817.634365 0.644673 0.0737169 -0.0636791 0.613172 -0.178464 -0.496469 0.587954
5817.667682 0.648064 0.0746245 -0.0712251 0.609641 -0.177392 -0.497442 0.591119
5817.700998 0.651398 0.0749938 -0.0786945 0.605814 -0.17716 -0.499572 0.593322
5817.734464 0.654015 0.0756515 -0.0860209 0.601207 -0.177837 -0.502559 0.59528
5817.767781 0.656416 0.0757569 -0.0933229 0.596984 -0.177367 -0.504535 0.597993
5817.801097 0.658324 0.0760174 -0.100355 0.594468 -0.175706 -0.505674 0.600024
5817.834413 0.659856 0.0763047 -0.10696 0.592361 -0.174443 -0.506608 0.601686
5817.867730 0.661472 0.07542 -0.113862 0.58922 -0.17485 -0.507661 0.603761
5817.901046 0.662753 0.0746488 -0.120345 0.58487 -0.175003 -0.511668 0.604563
5817.934362 0.663972 0.0740685 -0.126348 0.581333 -0.173069 -0.516903 0.604078
5817.967679 0.665142 0.0736616 -0.131907 0.580068 -0.171954 -0.521053 0.602043
5818.000995 0.666468 0.0720579 -0.137302 0.577319 -0.173205 -0.523387 0.602302
5818.034311 0.667455 0.0698414 -0.142679 0.572366 -0.175798 -0.525135 0.604752
5818.067778 0.66832 0.0675954 -0.147633 0.568515 -0.179515 -0.527187 0.605507
5818.101096 0.669192 0.0649774 -0.152479 0.566493 -0.183037 -0.528438 0.605258
5818.134410 0.6697 0.0626286 -0.156951 0.564208 -0.185907 -0.530506 0.604708
5818.167727 0.670325 0.0595407 -0.161669 0.561614 -0.190429 -0.533801 0.602812
5818.201044 0.671195 0.0558072 -0.166122 0.558883 -0.196416 -0.537507 0.600131
5818.234359 0.671291 0.0535542 -0.169835 0.556944 -0.202902 -0.540709 0.596891
5818.267676 0.671548 0.0505182 -0.173849 0.555242 -0.209955 -0.542399 0.594499
5818.300992 0.671432 0.0475108 -0.178237 0.552646 -0.217696 -0.545328 0.591445
5818.334308 0.671067 0.04516 -0.182792 0.551376 -0.225239 -0.548964 0.586421
5818.367625 0.670238 0.0438216 -0.187693 0.55118 -0.230002 -0.552303 0.581603
5818.400941 0.668911 0.041548 -0.19418 0.548582 -0.23306 -0.556573 0.578764
5818.434407 0.667426 0.0388211 -0.201319 0.545529 -0.236015 -0.561283 0.575896
5818.467724 0.664789 0.0394985 -0.206832 0.543364 -0.241286 -0.566542 0.570584
5818.501040 0.66244 0.0378924 -0.213601 0.540055 -0.247197 -0.571038 0.566701
5818.534356 0.660494 0.0348242 -0.220409 0.535848 -0.255197 -0.574187 0.56396
5818.567673 0.658092 0.0330533 -0.227154 0.53285 -0.263759 -0.576366 0.560629
5818.600989 0.655806 0.0310484 -0.233419 0.530103 -0.271088 -0.577502 0.558563
5818.634305 0.653121 0.0297081 -0.240008 0.52788 -0.276965 -0.57826 0.557
5818.667622 0.650461 0.027648 -0.246425 0.526493 -0.284222 -0.577819 0.555111
5818.700938 0.647516 0.0251393 -0.252927 0.524167 -0.294676 -0.577989 0.551674
5818.734254 0.644356 0.0211756 -0.259094 0.519776 -0.30493 -0.578526 0.54969
5818.767721 0.640794 0.0171346 -0.265456 0.514534 -0.312808 -0.580486 0.548126
5818.801037 0.635996 0.0156608 -0.273137 0.508223 -0.320776 -0.584806 0.544806
5818.834353 0.631597 0.0138379 -0.279363 0.502754 -0.325484 -0.588967 0.542601
5818.867670 0.627149 0.014252 -0.284781 0.499767 -0.328533 -0.590723 0.541614
5818.900986 0.622393 0.0168374 -0.290699 0.498549 -0.330845 -0.590913 0.541121
5818.934302 0.618223 0.0192325 -0.295838 0.498603 -0.332932 -0.589249 0.541607
5818.967619 0.614177 0.0226396 -0.301525 0.501104 -0.332856 -0.587289 0.541473
5819.000935 0.610356 0.0267524 -0.306668 0.50377 -0.329494 -0.586816 0.541569
5819.034251 0.60678 0.0317264 -0.311267 0.50862 -0.322952 -0.587066 0.540704
5819.067568 0.603374 0.0376134 -0.315759 0.51567 -0.313908 -0.587584 0.538787
5819.100884 0.600076 0.0437296 -0.320335 0.52109 -0.303647 -0.590883 0.535837
5819.134350 0.597222 0.0497838 -0.324655 0.525739 -0.295163 -0.594699 0.531799
5819.167667 0.594786 0.0554421 -0.328825 0.529835 -0.288951 -0.596002 0.529683
5819.200983 0.592346 0.0610851 -0.333541 0.531169 -0.284159 -0.596947 0.529875
5819.234299 0.59006 0.066939 -0.338466 0.533608 -0.277397 -0.596799 0.531174
5819.267616 0.587871 0.0728741 -0.343448 0.536197 -0.270008 -0.595532 0.533789
5819.300932 0.585342 0.0795387 -0.348706 0.536201 -0.261819 -0.59633 0.536963
5819.334248 0.582672 0.0863222 -0.35432 0.535986 -0.252274 -0.599798 0.537884
5819.367565 0.580197 0.0934439 -0.35978 0.538233 -0.243312 -0.603387 0.535751
5819.400882 0.577524 0.100838 -0.365423 0.542046 -0.233047 -0.60374 0.536072
5819.434197 0.574424 0.107899 -0.372144 0.544073 -0.222611 -0.601966 0.540431
5819.467664 0.571244 0.114457 -0.378749 0.544351 -0.212483 -0.60072 0.54559
5819.500980 0.568071 0.121811 -0.385184 0.544943 -0.201809 -0.599623 0.550239
5819.534296 0.564707 0.129271 -0.392363 0.545611 -0.192127 -0.599637 0.55302
5819.567613 0.562012 0.134524 -0.399391 0.545654 -0.182184 -0.601267 0.554571
5819.600929 0.558563 0.141543 -0.406915 0.545142 -0.1735 -0.60359 0.555336
5819.634245 0.554931 0.148634 -0.415075 0.544486 -0.164865 -0.604731 0.557364
5819.667562 0.551057 0.155632 -0.423549 0.544072 -0.155246 -0.60476 0.560491
5819.700878 0.546935 0.161955 -0.432201 0.54386 -0.145036 -0.604799 0.563381
5819.734194 0.54272 0.168863 -0.440386 0.545536 -0.133862 -0.605296 0.563993
5819.767511 0.53868 0.175276 -0.449018 0.547946 -0.123417 -0.605723 0.563582
5819.800827 0.534653 0.180534 -0.457458 0.546737 -0.1153 -0.606136 0.566025
5819.834293 0.530555 0.185144 -0.465129 0.54267 -0.10882 -0.60656 0.570747
5819.867610 0.526613 0.188952 -0.473214 0.539128 -0.102491 -0.606152 0.575688
5819.900926 0.522224 0.193382 -0.481557 0.534894 -0.0975629 -0.60611 0.580518
5819.934242 0.517587 0.198137 -0.490468 0.532891 -0.0926224 -0.605823 0.583461
5819.967559 0.513515 0.20225 -0.498703 0.533596 -0.0839192 -0.60486 0.58513
5820.000875 0.509033 0.206386 -0.507341 0.531931 -0.0767898 -0.605914 0.586534
5820.034191 0.50531 0.208501 -0.51599 0.52582 -0.0732897 -0.609893 0.588365
5820.067508 0.501745 0.212097 -0.522675 0.517821 -0.070025 -0.616131 0.589357
5820.100824 0.49699 0.216448 -0.531908 0.513032 -0.0654302 -0.620357 0.589639
5820.134140 0.493186 0.219845 -0.539303 0.509054 -0.0588445 -0.623898 0.590044
5820.167607 0.488369 0.224204 -0.547659 0.506946 -0.0534951 -0.625091 0.591106
5820.200923 0.48359 0.228189 -0.554987 0.505288 -0.0448793 -0.62443 0.593933
5820.234239 0.478374 0.231921 -0.561815 0.502367 -0.0349309 -0.624919 0.59656
5820.267557 0.472602 0.235887 -0.568686 0.499224 -0.0255776 -0.626913 0.59758
5820.300872 0.466029 0.239447 -0.576002 0.495757 -0.016478 -0.628843 0.598757
5820.334188 0.459681 0.242583 -0.582594 0.49024 -0.00724857 -0.631325 0.600866
5820.367505 0.453716 0.245237 -0.588449 0.483712 0.00317648 -0.634757 0.602574
5820.400821 0.448468 0.247647 -0.593138 0.476744 0.0154472 -0.640027 0.602364
5820.434137 0.443409 0.250862 -0.596896 0.469514 0.0267584 -0.646282 0.600966
5820.467454 0.437695 0.253758 -0.601425 0.464615 0.0366095 -0.650673 0.599514
5820.500770 0.431354 0.256585 -0.605843 0.459983 0.0463797 -0.654596 0.598138
5820.534236 0.424993 0.258876 -0.609824 0.454573 0.0570093 -0.658289 0.597302
5820.567553 0.417985 0.261104 -0.614028 0.448943 0.0655808 -0.662504 0.596018
5820.600869 0.410829 0.263642 -0.617791 0.44313 0.0724713 -0.667387 0.594119
5820.634185 0.40438 0.26537 -0.621231 0.43862 0.0799431 -0.670803 0.592659
5820.667502 0.397316 0.267656 -0.624586 0.434326 0.0859124 -0.673525 0.591898
5820.700818 0.390198 0.269557 -0.62791 0.429621 0.0917166 -0.676138 0.591482
5820.734134 0.382962 0.270912 -0.631386 0.42497 0.0966007 -0.678536 0.591318
5820.767451 0.374883 0.273048 -0.634585 0.420199 0.100771 -0.680716 0.591527
5820.800767 0.367372 0.274588 -0.637616 0.414557 0.105321 -0.683355 0.591673
5820.834083 0.359197 0.276051 -0.640842 0.4087 0.10709 -0.686364 0.591946
5820.867550 0.351257 0.277502 -0.64348 0.404724 0.110022 -0.688316 0.591873
5820.900866 0.342046 0.279491 -0.646207 0.402814 0.114854 -0.68816 0.59244
5820.934182 0.331799 0.281278 -0.648823 0.398801 0.120952 -0.68774 0.594426
5820.967499 0.321663 0.282465 -0.651016 0.392729 0.1265 -0.688684 0.596218
5821.000815 0.310241 0.28434 -0.653154 0.386693 0.131982 -0.690755 0.596579
5821.034131 0.299132 0.2857 -0.654832 0.379631 0.138683 -0.694139 0.595666
5821.067448 0.287172 0.28758 -0.656731 0.37338 0.145396 -0.697722 0.593828
5821.100764 0.275854 0.288599 -0.658873 0.366704 0.150353 -0.700198 0.593839
5821.134080 0.264336 0.28944 -0.661339 0.359446 0.152435 -0.70155 0.596146
5821.167397 0.253292 0.290172 -0.663943 0.353523 0.153843 -0.701212 0.599712
5821.200863 0.242782 0.290772 -0.666313 0.349814 0.156977 -0.698303 0.604451
5821.234179 0.231987 0.291842 -0.668487 0.347847 0.160363 -0.694397 0.609179
5821.267496 0.220911 0.293159 -0.670503 0.347313 0.163746 -0.691388 0.612
5821.300812 0.210987 0.293988 -0.672396 0.345762 0.165098 -0.690392 0.613637
5821.334128 0.201848 0.294283 -0.674283 0.343942 0.163154 -0.68914 0.61658
5821.367445 0.193293 0.294506 -0.675746 0.340876 0.161481 -0.687495 0.620547
5821.400761 0.18525 0.294666 -0.676846 0.337285 0.16089 -0.687398 0.622766
5821.434077 0.178118 0.295084 -0.677792 0.335379 0.159902 -0.688949 0.622336
5821.467394 0.172431 0.295004 -0.679089 0.335906 0.156726 -0.69001 0.621684
5821.500710 0.167941 0.295013 -0.680027 0.338726 0.155077 -0.689899 0.620689
5821.534026 0.164827 0.294663 -0.681004 0.343148 0.154903 -0.689245 0.619028
5821.567493 0.162607 0.293762 -0.68239 0.346173 0.153045 -0.688574 0.618553
5821.600809 0.16234 0.291436 -0.68442 0.344354 0.147304 -0.689421 0.620016
5821.634125 0.163067 0.288666 -0.686845 0.34032 0.13824 -0.693298 0.620008
5821.667442 0.165462 0.285158 -0.689736 0.33659 0.127893 -0.697783 0.619233
5821.700758 0.168715 0.281705 -0.69269 0.335355 0.116654 -0.699886 0.619749
5821.734074 0.173175 0.278028 -0.695887 0.337865 0.104979 -0.698939 0.621539
5821.767391 0.178568 0.2743 -0.699359 0.340835 0.0928775 -0.697309 0.623671
5821.800707 0.183837 0.270474 -0.703238 0.343079 0.0797591 -0.697471 0.624075
5821.834024 0.19047 0.265632 -0.707186 0.343919 0.0655932 -0.699243 0.623279
5821.867340 0.196859 0.260874 -0.711231 0.343472 0.0490702 -0.701248 0.622793
5821.900806 0.204022 0.255243 -0.715273 0.343802 0.032086 -0.702025 0.622842
5821.934122 0.212038 0.24936 -0.719157 0.34595 0.0148205 -0.70138 0.623029
5821.967439 0.220164 0.243624 -0.722888 0.348576 -0.00321814 -0.699599 0.623735
5822.000755 0.228552 0.237323 -0.726912 0.352003 -0.0211411 -0.696916 0.624464
5822.034071 0.237369 0.23115 -0.730552 0.356428 -0.0367313 -0.692775 0.625837
5822.067388 0.24621 0.224645 -0.73415 0.359165 -0.0515872 -0.688916 0.627482
5822.100704 0.25541 0.217951 -0.737472 0.36212 -0.0666829 -0.685559 0.628038
5822.134020 0.263826 0.211775 -0.741071 0.367481 -0.0791309 -0.68275 0.626537
5822.167337 0.270811 0.205889 -0.744782 0.370002 -0.0920827 -0.682059 0.624031
5822.200653 0.278054 0.199566 -0.748303 0.371657 -0.105341 -0.682743 0.62019
5822.233969 0.286167 0.193582 -0.751564 0.375332 -0.117215 -0.683391 0.615113
5822.267436 0.293289 0.187913 -0.75507 0.381697 -0.125 -0.682704 0.610408
5822.300752 0.300444 0.182448 -0.758985 0.388974 -0.131579 -0.679037 0.608519
5822.334068 0.306699 0.17716 -0.764416 0.394817 -0.140838 -0.672353 0.610103
5822.367385 0.312275 0.172191 -0.77138 0.396497 -0.151833 -0.665702 0.61366
5822.400701 0.317653 0.167759 -0.777067 0.395375 -0.161149 -0.661305 0.616755
5822.434018 0.32355 0.162161 -0.780917 0.394023 -0.167289 -0.659281 0.618149
5822.467334 0.328977 0.157305 -0.784665 0.392228 -0.171803 -0.660364 0.616896
5822.500650 0.334284 0.15199 -0.787487 0.390397 -0.177596 -0.663192 0.613373
5822.533966 0.339604 0.146834 -0.790132 0.389964 -0.184649 -0.665604 0.608937
5822.567283 0.344774 0.14179 -0.79248 0.391265 -0.190539 -0.666786 0.604982
5822.600749 0.349541 0.138016 -0.795788 0.394581 -0.197167 -0.666922 0.600538
5822.634065 0.353746 0.133956 -0.800012 0.401705 -0.204632 -0.665146 0.595265
5822.667382 0.358407 0.131031 -0.80328 0.411324 -0.210363 -0.660106 0.592301
5822.700698 0.363413 0.12842 -0.805388 0.418943 -0.212273 -0.655201 0.591724
5822.734014 0.367434 0.125771 -0.807925 0.424685 -0.211815 -0.651933 0.591405
5822.767331 0.371492 0.122447 -0.810362 0.429401 -0.210174 -0.650562 0.590094
5822.800647 0.375357 0.11905 -0.812912 0.43391 -0.209997 -0.651244 0.586093
5822.833963 0.378844 0.115433 -0.816356 0.439693 -0.212431 -0.652979 0.578932
5822.867280 0.382816 0.111157 -0.819658 0.444907 -0.21863 -0.654794 0.570529
5822.900596 0.387927 0.107223 -0.822118 0.446777 -0.229123 -0.654977 0.564711
5822.933912 0.392648 0.102196 -0.825364 0.450571 -0.23781 -0.653919 0.559305
5822.967379 0.398606 0.0978265 -0.827177 0.454524 -0.244741 -0.648601 0.55931
5823.000695 0.402398 0.0946792 -0.832142 0.459873 -0.25022 -0.640555 0.56178
5823.034011 0.407402 0.0897664 -0.835643 0.462286 -0.255289 -0.633594 0.565401
5823.067328 0.411258 0.0850714 -0.841253 0.464228 -0.263757 -0.627329 0.566906
5823.100644 0.415307 0.0794946 -0.846518 0.466643 -0.272636 -0.623902 0.5645
5823.133960 0.418903 0.0756194 -0.851809 0.468308 -0.280583 -0.624756 0.558248
5823.167277 0.421869 0.071282 -0.85717 0.469495 -0.286771 -0.628465 0.549881
5823.200593 0.424734 0.0661717 -0.862234 0.471226 -0.290963 -0.631671 0.542474
5823.233909 0.426904 0.0613972 -0.868216 0.474853 -0.292646 -0.633483 0.536258
5823.267226 0.4292 0.0581291 -0.873293 0.480481 -0.291402 -0.63334 0.532075
5823.300692 0.431638 0.0564123 -0.877607 0.486636 -0.289129 -0.631856 0.529478
5823.334008 0.434228 0.053856 -0.88204 0.493403 -0.289528 -0.627049 0.528713
5823.367325 0.4364 0.049871 -0.886771 0.497764 -0.291997 -0.622142 0.529064
5823.400641 0.438566 0.043889 -0.890263 0.496262 -0.297128 -0.621808 0.52801
5823.433958 0.440485 0.0394218 -0.894044 0.492036 -0.305786 -0.624514 0.523811
5823.467274 0.443229 0.0359297 -0.896074 0.487652 -0.314867 -0.626296 0.520392
5823.500590 0.446316 0.0327456 -0.898614 0.486252 -0.323147 -0.62484 0.518373
5823.533906 0.449806 0.0296975 -0.901193 0.487017 -0.328918 -0.621312 0.518265
5823.567223 0.45381 0.0278357 -0.903425 0.488596 -0.333563 -0.617017 0.51894
5823.600539 0.458306 0.0260101 -0.906335 0.49258 -0.336915 -0.611814 0.51917
5823.633855 0.462994 0.0248792 -0.909401 0.496913 -0.338478 -0.608648 0.517744
5823.667322 0.46785 0.0248718 -0.911358 0.498378 -0.338588 -0.610499 0.51407
5823.700639 0.472682 0.0262504 -0.913095 0.498652 -0.337194 -0.615174 0.509124
5823.733954 0.477679 0.0269487 -0.914526 0.499773 -0.334368 -0.618127 0.506304
5823.767271 0.482913 0.0279952 -0.915041 0.500486 -0.330484 -0.620316 0.505472
5823.800587 0.487889 0.0287682 -0.916441 0.501504 -0.326397 -0.622523 0.504405
5823.833903 0.493504 0.0295546 -0.916266 0.500665 -0.325012 -0.624991 0.503079
5823.867220 0.499321 0.0307072 -0.91529 0.498514 -0.327111 -0.62747 0.500762
5823.900536 0.505442 0.0325587 -0.913808 0.498002 -0.32923 -0.628687 0.498352
5823.933852 0.511784 0.0339824 -0.911781 0.499376 -0.329927 -0.627206 0.498382
5823.967169 0.518214 0.0359433 -0.909472 0.50068 -0.330944 -0.624123 0.500266
5824.000635 0.525384 0.0388412 -0.90615 0.503586 -0.330571 -0.619882 0.502863
5824.033951 0.532583 0.0423564 -0.902552 0.507527 -0.329604 -0.614608 0.505999
5824.067268 0.539933 0.0463292 -0.898494 0.512843 -0.326555 -0.608441 0.510053
5824.100584 0.547466 0.0505556 -0.894314 0.518426 -0.321881 -0.603266 0.513515
5824.133900 0.555317 0.0541721 -0.889261 0.522377 -0.322151 -0.598271 0.515182
5824.167217 0.563521 0.056977 -0.882931 0.525849 -0.32441 -0.593113 0.516196
5824.200533 0.571597 0.0605239 -0.87636 0.531374 -0.322626 -0.58839 0.51706
5824.233849 0.579756 0.0641293 -0.869108 0.536287 -0.321807 -0.583533 0.518002
5824.267166 0.587795 0.0660257 -0.86233 0.539589 -0.323358 -0.579968 0.517611
5824.300482 0.595556 0.069923 -0.854294 0.5439 -0.323247 -0.575119 0.518578
5824.333948 0.60307 0.0750252 -0.846192 0.549913 -0.321899 -0.567856 0.521073
5824.367265 0.610181 0.0801091 -0.838747 0.556832 -0.323148 -0.557623 0.523995
5824.400581 0.617215 0.0844539 -0.829697 0.561756 -0.328432 -0.545989 0.527692
5824.433897 0.623874 0.0876973 -0.820595 0.566161 -0.333226 -0.534965 0.531257
5824.467214 0.629917 0.0909077 -0.809939 0.569446 -0.337913 -0.525119 0.534599
5824.500530 0.635564 0.0937619 -0.799236 0.572423 -0.343604 -0.515555 0.537095
5824.533846 0.640682 0.0960466 -0.788599 0.577747 -0.346067 -0.507589 0.537401
5824.567163 0.644943 0.099271 -0.777609 0.58272 -0.348363 -0.501645 0.536128
5824.600479 0.648328 0.101496 -0.761739 0.587374 -0.353049 -0.497523 0.531807
5824.633795 0.65149 0.103937 -0.751468 0.593 -0.35536 -0.494378 0.526935
5824.667112 0.654034 0.105926 -0.74302 0.597896 -0.357315 -0.491581 0.52268
5824.700578 0.656102 0.107762 -0.734224 0.602717 -0.358656 -0.488152 0.519428
5824.733894 0.657869 0.108747 -0.725584 0.607544 -0.359295 -0.48445 0.516823
5824.767211 0.659333 0.109291 -0.716532 0.61123 -0.362479 -0.48006 0.514344
5824.800527 0.660562 0.109716 -0.707145 0.614295 -0.368865 -0.47502 0.510819
5824.833843 0.661688 0.109616 -0.698207 0.617925 -0.3766 -0.467769 0.507477
5824.867160 0.66209 0.110807 -0.686936 0.622231 -0.382383 -0.460211 0.504794
5824.900476 0.662205 0.111705 -0.67606 0.62706 -0.388462 -0.453634 0.50011
5824.933792 0.661964 0.111726 -0.664986 0.630465 -0.39708 -0.44836 0.493776
5824.967109 0.661163 0.111547 -0.652961 0.634124 -0.405566 -0.44179 0.488083
5825.000425 0.660026 0.111837 -0.641081 0.637947 -0.414133 -0.432682 0.484049
5825.033893 0.65877 0.112654 -0.630584 0.643156 -0.422355 -0.420789 0.480523
5825.067211 0.657356 0.112715 -0.620106 0.647726 -0.431386 -0.407057 0.478186
5825.100529 0.655454 0.112306 -0.609245 0.651495 -0.442327 -0.39418 0.473838
5825.133847 0.653311 0.111486 -0.598285 0.654915 -0.453929 -0.38232 0.467831
5825.167165 0.650697 0.110535 -0.58764 0.658821 -0.465019 -0.369752 0.461514
5825.200483 0.648324 0.107937 -0.57807 0.663949 -0.475604 -0.356964 0.453375
5825.233801 0.645206 0.106832 -0.568796 0.668716 -0.487264 -0.345386 0.442832
5825.267119 0.642579 0.103126 -0.559621 0.675611 -0.495788 -0.333144 0.432157
5825.300437 0.639571 0.0996983 -0.550533 0.683477 -0.503552 -0.323211 0.418124
5825.333755 0.637011 0.0949168 -0.542228 0.693186 -0.510224 -0.315363 0.399639
5825.367073 0.633733 0.090745 -0.53502 0.701782 -0.516324 -0.31095 0.379766
5825.400542 0.630038 0.0846242 -0.529036 0.706943 -0.523513 -0.308941 0.361554
5825.433860 0.625407 0.0783797 -0.524741 0.70815 -0.533397 -0.30711 0.345968
5825.467178 0.62056 0.0737884 -0.52308 0.708306 -0.544443 -0.305025 0.329915
5825.500496 0.615436 0.0660432 -0.51797 0.709407 -0.553999 -0.301961 0.31408
5825.533814 0.609192 0.0552018 -0.508113 0.711223 -0.561634 -0.298727 0.299151
5825.567132 0.601985 0.0445218 -0.497157 0.712153 -0.569318 -0.298272 0.282397
5825.600450 0.594843 0.0329816 -0.488274 0.711549 -0.577681 -0.297909 0.266895
5825.633768 0.587399 0.0240749 -0.479835 0.708763 -0.587142 -0.296159 0.255361
5825.667086 0.579408 0.0151424 -0.471551 0.70483 -0.597004 -0.29248 0.247499
5825.700404 0.571796 0.00671354 -0.464539 0.701681 -0.605542 -0.288961 0.239716
5825.733872 0.563787 -0.00171223 -0.456753 0.699531 -0.613944 -0.285313 0.228746
5825.767190 0.555748 -0.00944988 -0.449304 0.69777 -0.623102 -0.280804 0.2145
5825.800508 0.54707 -0.0153453 -0.442059 0.695168 -0.631431 -0.277793 0.202157
5825.833826 0.538861 -0.0204083 -0.435707 0.69286 -0.638797 -0.274675 0.190886
5825.867145 0.531836 -0.0225364 -0.42865 0.693024 -0.645672 -0.268365 0.175516
5825.900463 0.524755 -0.0235682 -0.420864 0.694234 -0.652304 -0.258176 0.160885
5825.933781 0.518047 -0.02553 -0.413225 0.694428 -0.658897 -0.244775 0.153979
5825.967099 0.512671 -0.0263734 -0.406094 0.694787 -0.662932 -0.233702 0.152237
5826.000417 0.506873 -0.0256476 -0.398188 0.695429 -0.664814 -0.227822 0.149995
5826.033733 0.501874 -0.0248281 -0.389944 0.696984 -0.666406 -0.219126 0.148661
5826.067050 0.498444 -0.0241189 -0.381873 0.697858 -0.669358 -0.204954 0.151483
5826.100516 0.495014 -0.0218293 -0.373297 0.697037 -0.672865 -0.191201 0.157592
5826.133832 0.491316 -0.0205999 -0.364969 0.694853 -0.676602 -0.180881 0.163311
5826.167149 0.486586 -0.0199715 -0.354525 0.691298 -0.682239 -0.170862 0.165722
5826.200465 0.48155 -0.019152 -0.343465 0.689382 -0.686706 -0.160426 0.165681
5826.233781 0.474771 -0.0142654 -0.33154 0.691672 -0.685706 -0.151908 0.168288
5826.267098 0.469256 -0.0100479 -0.320533 0.696984 -0.681312 -0.143556 0.171522
5826.300414 0.461012 -0.00803878 -0.3078 0.698949 -0.681195 -0.13719 0.16918
5826.333730 0.452442 -0.00738858 -0.29553 0.697587 -0.684396 -0.130256 0.167358
5826.367047 0.446623 -0.00473493 -0.285819 0.698175 -0.683567 -0.122758 0.173834
5826.400363 0.440686 -0.00095439 -0.275595 0.697983 -0.683358 -0.114072 0.18119
5826.433829 0.43524 0.00161259 -0.265429 0.695239 -0.687285 -0.103423 0.183265
5826.467146 0.428676 0.00464936 -0.255266 0.693566 -0.68944 -0.0958358 0.185617
5826.500464 0.422282 0.00618378 -0.245094 0.692303 -0.691119 -0.0886241 0.187663
5826.533778 0.415936 0.00934855 -0.234879 0.690437 -0.693703 -0.0796933 0.189005
5826.567095 0.411753 0.0113797 -0.226449 0.689797 -0.694071 -0.070495 0.193586
5826.600411 0.407624 0.0134121 -0.218814 0.689828 -0.693507 -0.0655955 0.197187
5826.633727 0.403497 0.0155845 -0.211005 0.689787 -0.693799 -0.0608463 0.197824
5826.667044 0.402028 0.016833 -0.204275 0.690256 -0.693323 -0.0539586 0.199845
5826.700360 0.399603 0.0184554 -0.197816 0.690927 -0.691944 -0.0487204 0.203617
5826.733676 0.397554 0.0206841 -0.191431 0.691877 -0.691091 -0.0447804 0.204192
5826.766993 0.395521 0.022626 -0.185289 0.694384 -0.688966 -0.0405081 0.203752
5826.800459 0.394935 0.025274 -0.179824 0.698168 -0.685099 -0.0357981 0.204744
5826.833775 0.393317 0.0265455 -0.172999 0.699804 -0.683469 -0.0308057 0.205414
5826.867092 0.389235 0.0275577 -0.165478 0.699614 -0.684184 -0.0250471 0.204462
5826.900408 0.385459 0.0274366 -0.157056 0.697588 -0.687294 -0.0185263 0.20163
5826.933724 0.379703 0.0268962 -0.147795 0.69385 -0.692137 -0.0114931 0.198459
5826.967041 0.375608 0.025963 -0.138017 0.689816 -0.697351 -0.00228533 0.194554
5827.000357 0.371231 0.0237956 -0.127871 0.686983 -0.701417 0.00683567 0.189796
5827.033673 0.368105 0.0218602 -0.117433 0.686283 -0.704313 0.0134347 0.181046
5827.066992 0.36344 0.0175082 -0.106243 0.687121 -0.705671 0.0186806 0.171887
5827.100306 0.362996 0.0133333 -0.0950201 0.687681 -0.70766 0.0250633 0.160263
5827.133772 0.362272 0.00733802 -0.0839573 0.688161 -0.708984 0.0300645 0.151231
5827.167089 0.36079 0.00195033 -0.0730864 0.687759 -0.711288 0.032113 0.141517
5827.200405 0.35823 -0.00526247 -0.0619754 0.687195 -0.713689 0.0348432 0.131137
5827.233721 0.355928 -0.0116539 -0.0513851 0.686165 -0.716184 0.0382146 0.121648
5827.267038 0.354821 -0.0195313 -0.0408591 0.68551 -0.717892 0.0423377 0.113642
5827.300354 0.357697 -0.0285361 -0.0299094 0.685049 -0.719721 0.046046 0.102907
5827.333670 0.357842 -0.0381271 -0.0190783 0.684959 -0.721217 0.0489268 0.0910135
5827.366987 0.358429 -0.0524986 -0.00850331 0.686805 -0.720439 0.0526983 0.0805538
5827.400303 0.360038 -0.0657185 0.00182173 0.686826 -0.721341 0.0560534 0.069252
5827.433619 0.358612 -0.0798458 0.0114597 0.686824 -0.72225 0.0575325 0.0576028
5827.467086 0.35082 -0.0967345 0.0201919 0.686461 -0.723261 0.0581995 0.0477239
5827.500402 0.345246 -0.114748 0.0273701 0.685061 -0.725015 0.0596705 0.0385094
5827.533718 0.339422 -0.131155 0.0339523 0.683028 -0.727229 0.0599819 0.0318261
5827.567035 0.332908 -0.148025 0.0398405 0.682591 -0.728249 0.0564636 0.0231217
5827.600351 0.327583 -0.162994 0.0450846 0.683236 -0.728558 0.0478862 0.00997248
5827.633667 0.320494 -0.176188 0.0500645 -0.684131 0.728392 -0.0374285 0.00293023
5827.666984 0.314906 -0.187773 0.0551083 -0.685128 0.727706 -0.029575 0.0129949
5827.700300 0.310463 -0.198072 0.0606191 -0.685516 0.727295 -0.0271077 0.0193745
5827.733616 0.305534 -0.205321 0.0666343 -0.684374 0.728216 -0.0253423 0.0263062
5827.766933 0.298924 -0.212675 0.0727311 -0.683052 0.729213 -0.0227469 0.0342342
5827.800249 0.294809 -0.218666 0.0793639 -0.682554 0.729432 -0.0213174 0.0399347
5827.833715 0.293019 -0.22122 0.0862911 -0.682817 0.729076 -0.0197645 0.042638
5827.867032 0.290957 -0.222441 0.0937571 -0.681927 0.729892 -0.019465 0.0430676
5827.900348 0.2913 -0.221471 0.102244 -0.680544 0.731296 -0.0216449 0.0399578
5827.933664 0.291376 -0.221445 0.11076 -0.679335 0.732586 -0.0235675 0.0355938
5827.966981 0.293641 -0.219661 0.119435 -0.678576 0.733433 -0.022889 0.0329571
5828.000297 0.29591 -0.217157 0.128145 -0.676036 0.736024 -0.0205055 0.0287065
5828.033613 0.300354 -0.214035 0.137138 -0.67379 0.738467 -0.0178325 0.0188403
5828.066930 0.308707 -0.209288 0.146622 -0.673335 0.739097 -0.0168338 0.00848631
5828.100246 0.31363 -0.20693 0.15639 -0.671844 0.740551 -0.0143793 0.00181974
5828.133562 0.316698 -0.205479 0.165893 0.671863 -0.740573 0.010067 0.00709133
5828.167029 0.323361 -0.201568 0.175487 0.671001 -0.741224 0.00728288 0.017082
5828.200345 0.326453 -0.203349 0.185199 0.665749 -0.745713 0.00583156 0.0256246
5828.233661 0.331865 -0.200923 0.194772 0.664405 -0.746357 0.00113706 0.038937
5828.266978 0.336063 -0.200822 0.204252 0.666866 -0.743415 -0.00226923 0.0511619
5828.300294 0.3396 -0.200427 0.214284 0.668869 -0.741226 -0.00697499 0.0561146
5828.333610 0.342686 -0.20078 0.223891 0.672414 -0.737472 -0.0122716 0.0620008
5828.366927 0.345735 -0.201698 0.233462 0.67635 -0.733112 -0.019411 0.0687161
5828.400243 0.349853 -0.20459 0.242661 0.679719 -0.729379 -0.0281964 0.0720581
5828.433559 0.355359 -0.208329 0.251509 0.682394 -0.726225 -0.0395114 0.073315
5828.466876 0.356993 -0.212894 0.260013 0.684351 -0.723304 -0.0518049 0.0762335
5828.500192 0.360588 -0.217874 0.267789 0.6864 -0.720143 -0.0621636 0.0799036
5828.533658 0.366784 -0.222203 0.274734 0.688334 -0.717054 -0.0700029 0.0844357
5828.566975 0.370749 -0.226231 0.281087 0.689632 -0.714174 -0.0802351 0.0890295
5828.600291 0.378718 -0.229046 0.286064 0.692696 -0.709332 -0.0946959 0.0897441
5828.633607 0.382623 -0.233464 0.290776 0.695807 -0.703645 -0.112754 0.0895667
5828.666924 0.390763 -0.236375 0.29446 0.698719 -0.698132 -0.130718 0.0855366
5828.700240 0.399304 -0.240127 0.297579 0.700539 -0.693785 -0.145956 0.0812667
5828.733556 0.408935 -0.243827 0.300467 0.700512 -0.69175 -0.15682 0.0785673
5828.766873 0.417236 -0.248189 0.303378 0.697763 -0.692079 -0.167596 0.0778739
5828.800189 0.427589 -0.251136 0.30602 0.692553 -0.694903 -0.177331 0.0776736
5828.833505 0.432691 -0.256097 0.309629 0.690014 -0.694468 -0.188166 0.0786627
5828.866972 0.439235 -0.260184 0.31251 0.687848 -0.693394 -0.199895 0.0781797
5828.900288 0.446173 -0.265594 0.314488 0.686945 -0.69098 -0.211526 0.0768767
5828.933604 0.45272 -0.271861 0.315807 0.684994 -0.688969 -0.224516 0.0754756
5828.966921 0.460019 -0.277942 0.316205 0.682916 -0.686481 -0.238478 0.0741459
5829.000237 0.467704 -0.284036 0.316764 0.680117 -0.68489 -0.250733 0.0741517
5829.033553 0.475859 -0.288419 0.317897 0.679496 -0.681769 -0.260176 0.0760557
5829.066870 0.483914 -0.2923 0.319998 0.680727 -0.677282 -0.26799 0.0779805
5829.100186 0.491599 -0.295915 0.32272 0.681587 -0.673602 -0.275046 0.0777821
5829.133502 0.499468 -0.299088 0.325706 0.680193 -0.672171 -0.281967 0.0775813
5829.166819 0.508033 -0.302374 0.32724 0.677724 -0.671005 -0.290003 0.0796275
5829.200135 0.517023 -0.302373 0.328987 0.67467 -0.669326 -0.299842 0.0831756
5829.233601 0.5267 -0.30078 0.331101 0.673467 -0.66681 -0.306582 0.0884015
5829.266918 0.536589 -0.298177 0.333541 0.674741 -0.663491 -0.308734 0.0958502
5829.300234 0.546913 -0.293285 0.336353 0.677389 -0.659811 -0.307853 0.104975
5829.333550 0.557142 -0.289254 0.338328 0.680111 -0.65722 -0.303162 0.116636
5829.366867 0.567241 -0.282585 0.339963 0.681094 -0.65532 -0.298918 0.131584
5829.400183 0.57742 -0.275687 0.340112 0.682396 -0.650153 -0.299772 0.147556
5829.433499 0.586987 -0.269734 0.340349 0.684417 -0.643508 -0.304946 0.156456
5829.466816 0.596021 -0.264858 0.341252 0.685484 -0.639462 -0.308549 0.161237
5829.500132 0.604358 -0.259852 0.342562 0.686632 -0.63531 -0.310601 0.168658
5829.533448 0.612366 -0.253512 0.344567 0.686972 -0.631476 -0.311988 0.178808
5829.566915 0.61894 -0.246544 0.347529 0.686181 -0.62836 -0.313595 0.18968
5829.600231 0.624885 -0.240454 0.349832 0.685716 -0.624616 -0.314005 0.202605
5829.633547 0.630396 -0.235984 0.351342 0.685425 -0.619497 -0.315651 0.216288
5829.666864 0.63554 -0.231831 0.352713 0.685383 -0.613627 -0.318309 0.228894
5829.700180 0.641083 -0.22684 0.353252 0.68583 -0.606864 -0.320708 0.24187
5829.733496 0.646351 -0.223414 0.353494 0.686096 -0.598484 -0.323952 0.257185
5829.766813 0.65134 -0.219745 0.353744 0.686482 -0.590212 -0.328186 0.269604
5829.800129 0.655911 -0.216054 0.354188 0.685774 -0.583105 -0.332765 0.281015
5829.833445 0.660768 -0.211437 0.35328 0.68522 -0.574505 -0.33813 0.293403
5829.866762 0.664931 -0.206085 0.353061 0.68633 -0.564402 -0.342475 0.305144
5829.900078 0.668405 -0.201813 0.353184 0.687402 -0.555794 -0.344956 0.315557
5829.933544 0.671254 -0.197622 0.353268 0.686608 -0.549185 -0.346821 0.32662
5829.966861 0.673326 -0.193551 0.353148 0.684535 -0.542735 -0.349554 0.33862
5830.000177 0.674883 -0.18924 0.352733 0.68435 -0.532358 -0.354231 0.350399
5830.033493 0.676153 -0.185759 0.351967 0.683956 -0.522504 -0.35988 0.360113
5830.066810 0.676949 -0.182626 0.351314 0.681809 -0.515471 -0.364926 0.369127
5830.100126 0.677693 -0.179819 0.350166 0.6795 -0.508252 -0.369514 0.378708
5830.133442 0.678143 -0.177167 0.348576 0.676815 -0.500526 -0.375624 0.387689
5830.166759 0.678756 -0.175349 0.345966 0.673187 -0.494778 -0.38207 0.395015
5830.200077 0.679331 -0.173679 0.343154 0.669416 -0.489486 -0.38708 0.403056
5830.233391 0.679844 -0.172048 0.340289 0.666073 -0.482989 -0.391345 0.412212
5830.266858 0.680218 -0.169945 0.336796 0.662276 -0.476376 -0.398296 0.419306
5830.300174 0.679939 -0.167695 0.333203 0.657685 -0.470106 -0.407056 0.425154
5830.333490 0.679402 -0.165172 0.328946 0.653487 -0.46241 -0.415508 0.431838
5830.366807 0.678796 -0.162531 0.323227 0.64944 -0.453113 -0.424168 0.439315
5830.400123 0.677551 -0.159404 0.317429 0.643942 -0.443835 -0.434879 0.446352
5830.433439 0.675882 -0.155084 0.310755 0.637503 -0.434926 -0.44727 0.452084
5830.466756 0.674415 -0.151145 0.302382 0.632761 -0.423574 -0.458809 0.457922
5830.500072 0.672837 -0.146732 0.294315 0.628376 -0.410987 -0.471641 0.462373
5830.533388 0.671367 -0.14353 0.284141 0.62206 -0.401885 -0.484613 0.46549
5830.566705 0.669663 -0.139815 0.275498 0.614383 -0.393897 -0.497321 0.469095
5830.600171 0.668046 -0.136829 0.268405 0.607047 -0.38664 -0.505957 0.475407
5830.633487 0.666596 -0.135267 0.261145 0.600169 -0.380354 -0.510969 0.483776
5830.666804 0.664819 -0.133604 0.250266 0.593996 -0.374491 -0.514606 0.492042
5830.700120 0.662363 -0.132616 0.238879 0.586919 -0.367176 -0.519917 0.500394
5830.733436 0.659349 -0.13197 0.225927 0.579185 -0.359257 -0.528403 0.506231
5830.766753 0.656413 -0.131492 0.208654 0.573145 -0.351093 -0.537826 0.508903
5830.800069 0.653367 -0.129987 0.195086 0.566412 -0.34304 -0.54795 0.511129
5830.833385 0.650322 -0.126699 0.182625 0.559969 -0.335123 -0.556457 0.514279
5830.866702 0.647397 -0.122209 0.170734 0.554893 -0.328112 -0.561571 0.518723
5830.900018 0.644705 -0.119232 0.157849 0.54669 -0.324336 -0.566353 0.524576
5830.933334 0.642193 -0.11629 0.145348 0.538455 -0.319938 -0.571717 0.529948
5830.966801 0.639769 -0.11134 0.132691 0.535082 -0.313028 -0.57484 0.534097
5831.000117 0.637488 -0.106189 0.119919 0.533758 -0.304829 -0.577148 0.537664
5831.033433 0.635138 -0.101744 0.107698 0.53108 -0.296526 -0.580806 0.541009
5831.066750 0.632628 -0.0980983 0.0951825 0.526094 -0.289327 -0.585761 0.544425
5831.100066 0.629391 -0.0926412 0.0836331 0.520092 -0.283228 -0.591859 0.5468
5831.133382 0.627191 -0.0897643 0.0720608 0.516051 -0.276855 -0.596739 0.548585
5831.166699 0.62475 -0.083108 0.0619219 0.513246 -0.272033 -0.603345 0.546399
5831.200015 0.623346 -0.0776517 0.0517408 0.515041 -0.265628 -0.606918 0.543899
5831.233331 0.621761 -0.0702036 0.0430029 0.51764 -0.259281 -0.606493 0.544967
5831.266648 0.619752 -0.0626219 0.0344 0.519077 -0.252874 -0.603525 0.549884
5831.300114 0.618039 -0.0567378 0.0249217 0.520704 -0.247083 -0.599172 0.555707
5831.333430 0.616385 -0.0498066 0.0168914 0.521677 -0.241962 -0.595498 0.560972
5831.366747 0.614739 -0.0440227 0.00786579 0.523148 -0.235912 -0.59387 0.563897
5831.400063 0.613639 -0.0382748 0.000127867 0.525336 -0.23057 -0.59276 0.565239
5831.433379 0.612929 -0.030398 -0.00536537 0.529605 -0.226244 -0.588413 0.567541
5831.466696 0.612189 -0.0231335 -0.0118798 0.537293 -0.220588 -0.58095 0.570224
5831.500012 0.612755 -0.0175905 -0.0165312 0.545302 -0.215833 -0.572632 0.572848
5831.533328 0.613889 -0.0114719 -0.0182326 0.551219 -0.214044 -0.567011 0.573447
5831.566645 0.615291 -0.0074365 -0.0213611 0.557974 -0.213019 -0.562742 0.571497
5831.599961 0.617102 -0.00278047 -0.0225034 0.56408 -0.212563 -0.558167 0.570158
5831.633277 0.618794 0.00279115 -0.0234385 0.570112 -0.212598 -0.552228 0.569928
5831.666744 0.62075 0.00778815 -0.025774 0.578805 -0.210789 -0.544257 0.569506
5831.700060 0.623389 0.0133583 -0.0264888 0.588299 -0.207218 -0.536431 0.568512
5831.733376 0.625991 0.0191689 -0.0275633 0.597369 -0.200986 -0.53107 0.566322
5831.766693 0.628995 0.0246734 -0.0292059 0.605926 -0.195392 -0.526319 0.563616
5831.800010 0.632275 0.0301628 -0.0308938 0.613243 -0.191342 -0.520939 0.562089
5831.833325 0.635839 0.0352823 -0.0327122 0.617982 -0.188145 -0.517459 0.561191
5831.866642 0.64001 0.0400294 -0.0350413 0.621205 -0.187301 -0.514792 0.560367
5831.899958 0.644511 0.0446414 -0.0379077 0.62284 -0.187027 -0.512203 0.561017
5831.933274 0.649416 0.0493929 -0.0412826 0.626622 -0.184572 -0.507292 0.56208
5831.966591 0.654651 0.0535644 -0.0453228 0.631579 -0.181504 -0.501103 0.56308
5832.000057 0.659882 0.0569371 -0.0503684 0.6358 -0.177212 -0.495418 0.564726
5832.033373 0.665131 0.059161 -0.0561665 0.638549 -0.173304 -0.491532 0.56623
5832.066690 0.670762 0.0596499 -0.0631118 0.637847 -0.172798 -0.490599 0.567984
5832.100006 0.676584 0.0587587 -0.070871 0.632704 -0.174826 -0.492848 0.571159
5832.133322 0.682687 0.0570988 -0.0794509 0.625315 -0.177808 -0.49634 0.575336
5832.166639 0.689271 0.055084 -0.0885098 0.617802 -0.180783 -0.500127 0.579234
5832.199955 0.695888 0.053112 -0.0984842 0.610626 -0.182351 -0.504984 0.58213
5832.233271 0.702169 0.0509242 -0.109017 0.601647 -0.182472 -0.512873 0.584539
5832.266588 0.707408 0.0491813 -0.119555 0.590004 -0.182964 -0.524588 0.585856
5832.299904 0.711803 0.0474012 -0.130562 0.577695 -0.183267 -0.536876 0.586895
5832.333220 0.715398 0.0451403 -0.142214 0.564762 -0.182797 -0.547775 0.589552
5832.366687 0.718328 0.0427594 -0.15397 0.551774 -0.181596 -0.556782 0.593769
5832.400003 0.720549 0.0406994 -0.165808 0.540255 -0.177694 -0.564814 0.597942
5832.433319 0.721886 0.0386469 -0.177867 0.529159 -0.1726 -0.573347 0.601226
5832.466636 0.722517 0.0358399 -0.190487 0.517587 -0.168471 -0.581802 0.60434
5832.499952 0.722652 0.0339255 -0.201472 0.50398 -0.166881 -0.58996 0.60836
5832.533268 0.721931 0.0317559 -0.213193 0.492474 -0.162883 -0.597577 0.611425
5832.566585 0.720493 0.0306997 -0.224343 0.481647 -0.15758 -0.606249 0.612901
5832.599901 0.719068 0.02928 -0.234777 0.470709 -0.153515 -0.614072 0.614639
5832.633217 0.717234 0.0283457 -0.244685 0.46205 -0.149141 -0.619388 0.616948
5832.666534 0.714647 0.0276952 -0.254182 0.453886 -0.143446 -0.622953 0.620758
5832.700000 0.711259 0.0266003 -0.263773 0.443873 -0.13777 -0.627544 0.624647
5832.733316 0.707237 0.0249906 -0.273637 0.431805 -0.133115 -0.634685 0.626897
5832.766633 0.703091 0.0244929 -0.282759 0.421036 -0.127333 -0.642462 0.627501
5832.799949 0.698581 0.024858 -0.2919 0.413426 -0.118898 -0.648791 0.627704
5832.833265 0.694123 0.025685 -0.300781 0.405644 -0.110437 -0.653835 0.629091
5832.866582 0.689367 0.0262774 -0.309811 0.398592 -0.10436 -0.657312 0.63101
5832.899898 0.684248 0.0275784 -0.318423 0.392335 -0.0988969 -0.659102 0.633938
5832.933214 0.678584 0.0296102 -0.32746 0.385995 -0.0918338 -0.660557 0.637369
5832.966531 0.672474 0.0321557 -0.338076 0.379481 -0.0848424 -0.66242 0.640309
5832.999847 0.666515 0.0357889 -0.352163 0.372874 -0.0784055 -0.664407 0.642947
5833.033163 0.659946 0.0393542 -0.36035 0.366954 -0.0694286 -0.667173 0.644519
5833.066630 0.652369 0.0433922 -0.367653 0.361914 -0.0578596 -0.67027 0.645297
5833.099946 0.645095 0.0483003 -0.376166 0.359078 -0.0484553 -0.670595 0.647315
5833.133262 0.637058 0.0534834 -0.383738 0.354153 -0.0377425 -0.6706 0.650728
5833.166579 0.628349 0.0587238 -0.390369 0.347135 -0.0269262 -0.672924 0.652645
5833.199895 0.619223 0.0646279 -0.397714 0.34295 -0.0179223 -0.674378 0.653666
5833.233211 0.609798 0.0715534 -0.405084 0.341999 -0.00826212 -0.673785 0.654967
5833.266528 0.601782 0.0781934 -0.411706 0.343297 0.0049735 -0.671717 0.656444
5833.299844 0.591941 0.0851025 -0.418917 0.343505 0.0161321 -0.669801 0.658112
5833.333160 0.580875 0.0921443 -0.426381 0.341355 0.0228761 -0.668548 0.6603
5833.366477 0.571472 0.0990548 -0.433692 0.340685 0.0301719 -0.667587 0.661325
5833.399943 0.564289 0.105737 -0.440234 0.34201 0.0408071 -0.665537 0.662136
5833.433259 0.556359 0.111761 -0.447577 0.34432 0.0494139 -0.662528 0.663369
5833.466576 0.548003 0.117304 -0.455298 0.345574 0.0551763 -0.66034 0.664443
5833.499892 0.539793 0.122443 -0.463158 0.34572 0.0615277 -0.659634 0.664511
5833.533208 0.532163 0.126495 -0.470794 0.343449 0.0663214 -0.659446 0.665414
5833.566525 0.524467 0.129889 -0.4783 0.340066 0.0685709 -0.658744 0.667614
5833.599841 0.516583 0.13332 -0.485777 0.335726 0.0734239 -0.657453 0.670561
5833.633157 0.507661 0.136426 -0.493124 0.330394 0.0818419 -0.657924 0.671772
5833.666474 0.49819 0.13863 -0.500455 0.324396 0.090276 -0.661186 0.670411
5833.699790 0.486879 0.140391 -0.507203 0.318194 0.0977308 -0.665248 0.668316
5833.733256 0.473974 0.142753 -0.512951 0.309081 0.104798 -0.669997 0.666775
5833.766573 0.462246 0.143886 -0.51916 0.294705 0.112706 -0.676068 0.665867
5833.799889 0.450245 0.143623 -0.525633 0.276723 0.119318 -0.682834 0.665527
5833.833205 0.440581 0.14221 -0.532006 0.258324 0.124576 -0.688793 0.665818
5833.866522 0.439624 0.138658 -0.539299 0.239424 0.133604 -0.692986 0.666781
5833.899838 0.434652 0.135678 -0.546394 0.224316 0.14176 -0.694718 0.668546
5833.933154 0.422211 0.134588 -0.552471 0.213281 0.148143 -0.695881 0.669562
5833.966471 0.407545 0.133848 -0.557211 0.20135 0.153651 -0.697119 0.670727
5833.999787 0.394034 0.132717 -0.561528 0.185713 0.158672 -0.698855 0.672261
5834.033103 0.374774 0.13412 -0.564454 0.171887 0.160477 -0.701581 0.672671
5834.066420 0.365655 0.135359 -0.568781 0.15616 0.168189 -0.703389 0.672734
5834.099886 0.358981 0.136433 -0.573446 0.141435 0.179023 -0.70232 0.67431
5834.133203 0.353633 0.138593 -0.577636 0.127054 0.191554 -0.699984 0.676156
5834.166519 0.346773 0.141568 -0.581354 0.114098 0.203693 -0.697729 0.677248
5834.199835 0.339926 0.145688 -0.584491 0.104192 0.215662 -0.695283 0.677655
5834.233151 0.332092 0.14914 -0.58812 0.100635 0.228756 -0.691411 0.67786
5834.266468 0.325448 0.153814 -0.590709 0.0995823 0.2444 -0.686785 0.677258
5834.299784 0.317358 0.158134 -0.592279 0.0927408 0.260063 -0.682552 0.676675
5834.333100 0.30795 0.163325 -0.591977 0.0810332 0.270658 -0.682671 0.673898
5834.366417 0.29824 0.169034 -0.59188 0.0750991 0.279534 -0.683552 0.670058
5834.399733 0.290631 0.172838 -0.594583 0.0736575 0.295863 -0.680654 0.666146
5834.433199 0.287198 0.176713 -0.598686 0.0694799 0.316175 -0.67636 0.661622
5834.466516 0.281417 0.181408 -0.600377 0.0651635 0.330361 -0.674321 0.657195
5834.499832 0.275195 0.184884 -0.60198 0.059418 0.34404 -0.672995 0.652061
5834.533148 0.268287 0.189024 -0.602084 0.0507421 0.358778 -0.672894 0.644916
5834.566465 0.26103 0.192515 -0.601598 0.0406134 0.371086 -0.671076 0.640548
5834.599781 0.254111 0.195596 -0.601132 0.0270399 0.382559 -0.667569 0.638176
5834.633097 0.247175 0.198295 -0.600295 0.0128728 0.394332 -0.6651 0.634018
5834.666414 0.238948 0.200326 -0.599109 0.00363806 0.404024 -0.662783 0.630452
5834.699730 0.230142 0.201796 -0.597622 -0.00207169 0.41411 -0.658504 0.628395
5834.733046 0.221579 0.202179 -0.596274 -0.00874152 0.425334 -0.651944 0.627681
5834.766363 0.211898 0.202875 -0.59373 -0.0186102 0.434424 -0.644884 0.628533
5834.799829 0.203704 0.203523 -0.59179 -0.0327222 0.442457 -0.639435 0.627919
5834.833145 0.19444 0.203729 -0.589489 -0.0474547 0.449225 -0.636821 0.624823
5834.866462 0.185335 0.202556 -0.588417 -0.060908 0.456481 -0.634418 0.620829
5834.899778 0.17655 0.202873 -0.586519 -0.0741939 0.462021 -0.631775 0.617974
5834.933094 0.167002 0.201076 -0.585756 -0.0856101 0.468025 -0.628719 0.61509
5834.966411 0.158342 0.199217 -0.585675 -0.0986881 0.473126 -0.625872 0.612124
5834.999727 0.148391 0.195093 -0.586578 -0.110199 0.475631 -0.62321 0.610935
5835.033043 0.139898 0.192843 -0.587347 -0.123247 0.47561 -0.620163 0.611557
5835.066360 0.131386 0.190977 -0.588011 -0.136423 0.474633 -0.616595 0.613126
5835.099676 0.12272 0.187215 -0.590526 -0.147135 0.473642 -0.614169 0.613849
5835.133142 0.113524 0.184687 -0.592846 -0.155138 0.47139 -0.613388 0.614393
5835.166459 0.104685 0.180987 -0.596887 -0.161982 0.469178 -0.611961 0.615742
5835.199775 0.0950501 0.17888 -0.599731 -0.168121 0.466294 -0.612263 0.615987
5835.233091 0.085279 0.175635 -0.603427 -0.172138 0.463631 -0.613463 0.615693
5835.266408 0.0754755 0.171964 -0.60697 -0.177337 0.458831 -0.613388 0.617884
5835.299724 0.0668238 0.166364 -0.611472 -0.185639 0.452917 -0.610001 0.623139
5835.333040 0.0580619 0.161211 -0.615177 -0.194304 0.446463 -0.607785 0.627307
5835.366357 0.0484809 0.155847 -0.618214 -0.199277 0.440486 -0.607558 0.630185
5835.399673 0.0384362 0.150939 -0.622634 -0.197271 0.437629 -0.608914 0.631498
5835.432989 0.0285665 0.145489 -0.626947 -0.194057 0.43557 -0.607669 0.635106
5835.466306 0.0188712 0.13878 -0.630187 -0.19404 0.430952 -0.605164 0.640629
5835.499772 0.0101339 0.130956 -0.635521 -0.194837 0.424698 -0.603362 0.646239
5835.533088 0.00275645 0.125216 -0.642889 -0.196702 0.417436 -0.603931 0.649864
5835.566405 -0.00580518 0.117208 -0.650579 -0.193754 0.410957 -0.605788 0.653142
5835.599721 -0.0125321 0.111033 -0.660142 -0.187766 0.405483 -0.608063 0.656191
5835.633037 -0.0197008 0.103699 -0.667762 -0.182863 0.400881 -0.609073 0.659459
5835.666354 -0.025653 0.0970435 -0.67716 -0.180599 0.395054 -0.612798 0.660148
5835.699670 -0.0343361 0.0899131 -0.683755 -0.178539 0.387175 -0.618274 0.66027
5835.732986 -0.0390097 0.0844561 -0.693198 -0.183017 0.378523 -0.622158 0.660412
5835.766303 -0.0454926 0.0800846 -0.700224 -0.189919 0.367382 -0.62721 0.659977
5835.799619 -0.0513934 0.0753167 -0.708626 -0.193246 0.358069 -0.632499 0.659081
5835.833085 -0.0568357 0.0725844 -0.715898 -0.194782 0.351718 -0.636611 0.658088
5835.866402 -0.0626408 0.069533 -0.72238 -0.193761 0.348634 -0.639529 0.657202
5835.899718 -0.0703597 0.0674488 -0.726155 -0.188977 0.348505 -0.642006 0.656246
5835.933034 -0.0763469 0.0651236 -0.730527 -0.186336 0.34947 -0.642064 0.656432
5835.966351 -0.0809356 0.0636788 -0.735457 -0.19176 0.346832 -0.64028 0.65801
5835.999667 -0.0844386 0.0633408 -0.742128 -0.201755 0.339662 -0.640684 0.658368
5836.032983 -0.0888454 0.0637988 -0.749074 -0.209442 0.330913 -0.643083 0.658084
5836.066300 -0.0940242 0.0619091 -0.755737 -0.209198 0.327176 -0.644357 0.658784
5836.099616 -0.0977417 0.0610461 -0.764181 -0.204408 0.327303 -0.642808 0.661732
5836.132932 -0.102026 0.0587296 -0.772192 -0.1995 0.326952 -0.641333 0.664827
5836.166249 -0.107304 0.0568943 -0.780515 -0.194122 0.323443 -0.642504 0.667001
5836.199715 -0.111834 0.0558702 -0.790609 -0.186764 0.318566 -0.646615 0.667475
5836.233031 -0.114618 0.054829 -0.802818 -0.181983 0.310506 -0.652266 0.667096
5836.266348 -0.11662 0.0533989 -0.815122 -0.180887 0.298833 -0.657283 0.667801
5836.299664 -0.11732 0.05173 -0.828103 -0.180916 0.285777 -0.661549 0.669294
5836.332980 -0.117949 0.0502262 -0.840945 -0.179248 0.272917 -0.666819 0.66988
5836.366297 -0.117324 0.0490858 -0.854025 -0.175678 0.26064 -0.672932 0.669602
5836.399613 -0.115695 0.0484495 -0.867695 -0.1698 0.249065 -0.679827 0.668558
5836.432929 -0.113014 0.0477384 -0.88046 -0.165097 0.237644 -0.685195 0.668413
5836.466246 -0.109851 0.0473087 -0.892783 -0.160814 0.226764 -0.689691 0.668613
5836.499562 -0.106189 0.0478096 -0.905096 -0.153733 0.218231 -0.69295 0.669747
5836.533028 -0.101523 0.0481082 -0.916056 -0.146527 0.210651 -0.694792 0.671878
5836.566345 -0.0965988 0.0487521 -0.926034 -0.142625 0.20175 -0.697226 0.672927
5836.599661 -0.0912615 0.0492974 -0.935708 -0.136686 0.191591 -0.70174 0.672436
5836.632977 -0.0869322 0.0514912 -0.944246 -0.127311 0.181355 -0.707195 0.671399
5836.666294 -0.0835591 0.0520742 -0.952376 -0.113617 0.173565 -0.714087 0.668615
5836.699610 -0.0792661 0.0522425 -0.960644 -0.0966383 0.16829 -0.719515 0.666812
5836.732926 -0.0717084 0.0512343 -0.969034 -0.0835591 0.16116 -0.721907 0.667754
5836.766243 -0.065575 0.048629 -0.977242 -0.0751036 0.149689 -0.726008 0.666981
5836.799559 -0.0566975 0.0451133 -0.985933 -0.0657751 0.135533 -0.731052 0.665483
5836.832875 -0.0488211 0.0417272 -0.993778 -0.0521106 0.123741 -0.736652 0.66281
5836.866342 -0.0422162 0.0387884 -1.00023 -0.0386132 0.112815 -0.741565 0.660199
5836.899658 -0.0351631 0.038114 -1.00545 -0.0268146 0.0997044 -0.745395 0.658579
5836.932974 -0.0241619 0.0329986 -1.01124 -0.0148791 0.0856506 -0.748633 0.65726
5836.966291 -0.0143044 0.0293806 -1.01684 -0.0043254 0.0712971 -0.752969 0.654168
5836.999607 -0.00705157 0.0266372 -1.02143 0.00879146 0.0578125 -0.758627 0.648895
5837.032923 -0.000901352 0.0247404 -1.02515 0.0219851 0.0426949 -0.761065 0.646896
5837.066240 0.00669937 0.0208309 -1.02896 0.0356082 0.027085 -0.762294 0.645683
5837.099556 0.0197604 0.013748 -1.0329 0.0489042 0.0132208 -0.764447 0.642693
5837.132872 0.034088 0.00796956 -1.03582 0.0589521 -0.00210613 -0.767182 0.638712
5837.166189 0.0492464 0.00332022 -1.03798 0.0667788 -0.0197315 -0.771591 0.632297
5837.199505 0.0662654 -0.00165706 -1.03945 0.0772219 -0.0372586 -0.775358 0.625674
5837.232971 0.0775732 -0.00519031 -1.03965 0.0886917 -0.0526645 -0.78095 0.616018
5837.266288 0.0778297 -0.00824717 -1.03919 0.102158 -0.0671404 -0.784399 0.60809
5837.299604 0.0814721 -0.0115737 -1.03899 0.114261 -0.0801295 -0.785446 0.602991
5837.332920 0.0918234 -0.0147535 -1.03772 0.125943 -0.0893313 -0.787721 0.596368
5837.366237 0.10254 -0.0142304 -1.0364 0.141811 -0.0958079 -0.788044 0.591351
5837.399553 0.117958 -0.0102723 -1.03247 0.153329 -0.0998773 -0.790214 0.584873
5837.432869 0.13065 -0.0124029 -1.03033 0.166528 -0.109016 -0.787659 0.583076
5837.466186 0.133803 -0.0224091 -1.03291 0.185179 -0.122806 -0.782596 0.581524
5837.499502 0.149685 -0.0223124 -1.0309 0.198272 -0.137071 -0.784078 0.571945
5837.532818 -0.0802352 -0.0142444 -1.13132 0.306688 -0.207558 -0.788823 0.490531
5837.566285 -0.0255538 -0.0369759 -1.09865 0.316776 -0.203674 -0.793277 0.478416
5837.599601 0.0195423 -0.0937929 -1.06971 0.335304 -0.185999 -0.792014 0.475068
5837.632917 0.0522067 -0.126487 -1.04856 0.3542 -0.170116 -0.790708 0.469451
5837.666234 0.0777086 -0.154484 -1.03785 0.367749 -0.165339 -0.787375 0.466331
5837.699550 0.101319 -0.177775 -1.02735 0.378777 -0.16709 -0.783884 0.462747
5837.732870 0.131662 -0.203721 -1.00292 0.385434 -0.168286 -0.778618 0.465697
5837.766183 0.149396 -0.212397 -0.992409 0.391655 -0.176584 -0.777549 0.459175
5837.799499 0.167577 -0.21585 -0.979746 0.398695 -0.187294 -0.773047 0.456466
5837.832816 0.184994 -0.215261 -0.967585 0.405693 -0.197555 -0.76819 0.45417
5837.866132 0.20172 -0.216039 -0.955453 0.411009 -0.207705 -0.764539 0.451011
5837.899448 0.216459 -0.21522 -0.94628 0.415512 -0.217703 -0.761606 0.447115
5837.932914 0.232027 -0.212251 -0.934213 0.419117 -0.227124 -0.759064 0.443371
5837.966231 0.247869 -0.217824 -0.92275 0.424076 -0.235562 -0.755091 0.44103
5837.999547 0.266104 -0.221968 -0.909204 0.43004 -0.244757 -0.747869 0.442551
5838.032863 0.282832 -0.228021 -0.891718 0.435292 -0.256012 -0.737139 0.449005
5838.066180 0.294971 -0.226344 -0.879377 0.438626 -0.277475 -0.72081 0.4594
5838.099496 0.308576 -0.225561 -0.867487 0.444743 -0.28733 -0.708929 0.465902
5838.132812 0.322153 -0.21488 -0.855006 0.454532 -0.291136 -0.701634 0.465135
5838.166129 0.33491 -0.214595 -0.840558 0.457645 -0.300729 -0.696875 0.463128
5838.199445 0.346162 -0.210893 -0.829908 0.459879 -0.310343 -0.694619 0.457932
5838.232761 0.357627 -0.211502 -0.818041 0.463894 -0.316042 -0.69103 0.455409
5838.266228 0.368516 -0.211209 -0.80184 0.469013 -0.322191 -0.684088 0.456337
5838.299544 0.371478 -0.211115 -0.80315 0.477174 -0.33244 -0.672397 0.457899
5838.332860 0.377588 -0.21305 -0.801406 0.487195 -0.331682 -0.670295 0.450926
5838.366177 0.383616 -0.213446 -0.797727 0.494475 -0.329895 -0.672737 0.440555
5838.399493 0.389025 -0.212995 -0.798709 0.500339 -0.329119 -0.675142 0.430727
5838.432809 0.394183 -0.214637 -0.793766 0.504878 -0.331161 -0.674774 0.424395
5838.466126 0.399306 -0.21571 -0.78885 0.508369 -0.334178 -0.672683 0.42117
5838.499442 0.402197 -0.215362 -0.787809 0.513032 -0.338822 -0.665336 0.423469
5838.532758 0.40605 -0.213462 -0.784009 0.52035 -0.338627 -0.659233 0.424242
5838.566075 0.409815 -0.211239 -0.779996 0.529459 -0.33897 -0.654026 0.42074
5838.599391 0.413608 -0.209406 -0.776094 0.540044 -0.339789 -0.64896 0.414424
5838.632857 0.41757 -0.207683 -0.772383 0.549823 -0.340007 -0.644601 0.408142
5838.666174 0.42174 -0.208086 -0.769993 0.559532 -0.346266 -0.635792 0.403476
5838.699490 0.426572 -0.208352 -0.767507 0.569586 -0.355607 -0.62302 0.401199
5838.732806 0.431343 -0.20767 -0.766583 0.578121 -0.366151 -0.608133 0.402349
5838.766123 0.435782 -0.205481 -0.765254 0.583615 -0.373716 -0.595905 0.405741
5838.799439 0.439745 -0.204034 -0.767076 0.58915 -0.379644 -0.588708 0.402735
5838.832755 0.443662 -0.202361 -0.769255 0.591811 -0.388154 -0.585423 0.395445
5838.866072 0.446982 -0.201202 -0.773271 0.592133 -0.394931 -0.58632 0.38683
5838.899388 0.450233 -0.197751 -0.776158 0.592798 -0.401516 -0.585091 0.380846
5838.932704 0.453242 -0.194785 -0.780722 0.594214 -0.408811 -0.57862 0.380766
5838.966171 0.456506 -0.189479 -0.785071 0.597279 -0.414163 -0.568629 0.385212
5838.999487 0.459967 -0.182792 -0.790502 0.604731 -0.416367 -0.55595 0.38969
5839.032803 0.462954 -0.1758 -0.795187 0.612015 -0.41797 -0.547262 0.3889
5839.066120 0.465618 -0.16988 -0.802359 0.61826 -0.418474 -0.545417 0.380992
5839.099436 0.468204 -0.163721 -0.807812 0.625097 -0.41674 -0.545392 0.371658
5839.132752 0.471024 -0.155548 -0.811212 0.630078 -0.415708 -0.543831 0.366656
5839.166069 0.473611 -0.150016 -0.816683 0.635114 -0.415079 -0.541224 0.362515
5839.199385 0.476342 -0.145875 -0.822068 0.636994 -0.419626 -0.538525 0.357971
5839.232701 0.479197 -0.142644 -0.826484 0.637423 -0.425593 -0.535834 0.354182
5839.266018 0.482006 -0.139731 -0.829436 0.637637 -0.432115 -0.531538 0.352369
5839.299334 0.485213 -0.13705 -0.832644 0.638934 -0.44007 -0.524169 0.35121
5839.332800 0.488509 -0.133494 -0.833379 0.64213 -0.446318 -0.514731 0.351455
5839.366117 0.491977 -0.129673 -0.834748 0.645561 -0.452076 -0.505531 0.351164
5839.399433 0.494484 -0.129341 -0.837578 0.644906 -0.457469 -0.501212 0.351575
5839.432750 0.496769 -0.129199 -0.841324 0.642739 -0.461789 -0.501224 0.349875
5839.466066 0.498905 -0.129473 -0.844036 0.640346 -0.465062 -0.503331 0.346889
5839.499382 0.501168 -0.128794 -0.847201 0.638513 -0.46728 -0.503192 0.347489
5839.532698 0.503491 -0.126668 -0.850091 0.638935 -0.465707 -0.502767 0.349435
5839.566015 0.505572 -0.124376 -0.853491 0.640203 -0.461646 -0.504966 0.349331
5839.599331 0.507678 -0.122239 -0.856597 0.641966 -0.457495 -0.507261 0.34823
5839.632647 0.509559 -0.120137 -0.858833 0.643797 -0.453442 -0.508235 0.348731
5839.666114 0.51134 -0.118444 -0.860559 0.644472 -0.450459 -0.50924 0.349881
5839.699430 0.512921 -0.118054 -0.862985 0.643648 -0.448972 -0.510563 0.351378
5839.732746 0.514612 -0.117225 -0.86495 0.644305 -0.446523 -0.512301 0.350764
5839.766063 0.515904 -0.116959 -0.865681 0.645376 -0.443701 -0.51411 0.34973
5839.799379 0.517163 -0.116706 -0.867579 0.645772 -0.441688 -0.516345 0.34825
5839.832695 0.517997 -0.116954 -0.868541 0.645565 -0.440516 -0.518211 0.347345
5839.866012 0.518867 -0.117443 -0.869539 0.645416 -0.439913 -0.519824 0.345974
5839.899328 0.519301 -0.117338 -0.869383 0.644798 -0.4398 -0.52115 0.345275
5839.932644 0.519915 -0.117181 -0.869805 0.645337 -0.439883 -0.520572 0.345034
5839.965961 0.520513 -0.116357 -0.870281 0.647248 -0.438569 -0.519031 0.345447
5839.999427 0.521016 -0.115023 -0.870537 0.649044 -0.436616 -0.518159 0.345861
5840.032742 0.521353 -0.114168 -0.870737 0.650294 -0.433903 -0.519006 0.345657
5840.066057 0.521675 -0.113617 -0.871107 0.650624 -0.432536 -0.520095 0.345111
5840.099372 0.522227 -0.113899 -0.871762 0.650626 -0.432359 -0.520261 0.34508
5840.132687 0.522593 -0.11445 -0.871463 0.650319 -0.432276 -0.520372 0.345595
5840.166004 0.523143 -0.114488 -0.871968 0.650741 -0.431871 -0.520793 0.344672
5840.199317 0.523519 -0.115237 -0.872189 0.649913 -0.432478 -0.521273 0.344747
5840.232632 0.523928 -0.115451 -0.87283 0.648941 -0.432373 -0.522133 0.345407
5840.265947 0.524251 -0.115347 -0.873247 0.648419 -0.431513 -0.523604 0.345238
5840.299262 0.52452 -0.114986 -0.873441 0.647814 -0.430134 -0.525289 0.345532
5840.332577 0.524824 -0.114192 -0.873698 0.647097 -0.428161 -0.526918 0.346845
5840.366042 0.525463 -0.113635 -0.874411 0.646662 -0.427622 -0.527222 0.347857
5840.399357 0.525899 -0.112884 -0.873886 0.645912 -0.427439 -0.527309 0.34934
5840.432672 0.52644 -0.112077 -0.874222 0.64473 -0.42746 -0.52709 0.35182
5840.465987 0.526867 -0.111181 -0.874621 0.643574 -0.426695 -0.527133 0.354788
5840.499302 0.527224 -0.10953 -0.875215 0.642413 -0.425183 -0.528432 0.35677
5840.532617 0.527558 -0.108478 -0.876064 0.640985 -0.424235 -0.530126 0.357953
5840.565932 0.527693 -0.107296 -0.876504 0.639502 -0.422997 -0.531593 0.359889
5840.599247 0.527937 -0.105617 -0.877085 0.638885 -0.42114 -0.532547 0.361747
5840.632562 0.528219 -0.104534 -0.877148 0.638458 -0.419947 -0.533319 0.362749
5840.665877 0.528615 -0.103816 -0.877511 0.638378 -0.420052 -0.532752 0.3636
5840.699342 0.528852 -0.103059 -0.877973 0.638383 -0.419076 -0.532744 0.364728
5840.732657 0.528883 -0.1023 -0.877768 0.638253 -0.416948 -0.534264 0.365171
5840.765972 0.52877 -0.101488 -0.878324 0.637642 -0.414803 -0.536887 0.364833
5840.799287 0.52867 -0.100668 -0.879589 0.637061 -0.412915 -0.5395 0.364136
5840.832602 0.528381 -0.10036 -0.879379 0.637019 -0.410063 -0.541674 0.364205
5840.865917 0.528231 -0.0998263 -0.879951 0.636884 -0.40786 -0.543232 0.364592
5840.899232 0.527881 -0.100033 -0.879781 0.636361 -0.407061 -0.544417 0.364633
5840.932547 0.52774 -0.100295 -0.879609 0.635994 -0.406906 -0.54494 0.364663
5840.965862 0.527489 -0.100847 -0.879159 0.635557 -0.407397 -0.544862 0.364994
5840.999177 0.527339 -0.100998 -0.879017 0.635313 -0.408265 -0.544862 0.364447
5841.032494 0.527014 -0.101752 -0.87857 0.63449 -0.410013 -0.544758 0.364075
5841.065960 0.526644 -0.102025 -0.877865 0.634365 -0.410969 -0.544496 0.363607
5841.099276 0.526519 -0.101316 -0.877955 0.63647 -0.410272 -0.54311 0.362786
5841.132592 0.526082 -0.101164 -0.877192 0.638167 -0.409469 -0.542385 0.361797
5841.165909 0.525502 -0.100467 -0.877282 0.639285 -0.408558 -0.542702 0.360373
5841.199225 0.524774 -0.0998232 -0.877203 0.64004 -0.406517 -0.544014 0.359363
5841.232541 0.524102 -0.0991935 -0.877729 0.640655 -0.404031 -0.545799 0.358362
5841.265858 0.523828 -0.0984121 -0.878486 0.641107 -0.40265 -0.547014 0.357254
5841.299174 0.523597 -0.0988493 -0.878326 0.641067 -0.402787 -0.547899 0.355812
5841.332490 0.523746 -0.0990088 -0.878724 0.641306 -0.404375 -0.547361 0.354405
5841.365807 0.524052 -0.099623 -0.878664 0.641506 -0.407337 -0.545287 0.353848
5841.399273 0.524149 -0.100536 -0.878279 0.640653 -0.411203 -0.543429 0.35378
5841.432589 0.524218 -0.100715 -0.878968 0.639392 -0.414341 -0.542432 0.353931
5841.465906 0.523991 -0.101167 -0.879025 0.638753 -0.413901 -0.543516 0.353936
5841.499222 0.524003 -0.100801 -0.879395 0.638887 -0.412503 -0.545114 0.352869
5841.532538 0.52408 -0.100563 -0.879251 0.639478 -0.411714 -0.546084 0.351215
5841.565855 0.524149 -0.100821 -0.878723 0.639166 -0.413326 -0.545489 0.350813
5841.599171 0.524374 -0.101781 -0.87942 0.63931 -0.415551 -0.544146 0.350008
5841.632487 0.524534 -0.102308 -0.879209 0.638172 -0.419119 -0.542472 0.350429
5841.665804 0.524702 -0.102921 -0.879275 0.638373 -0.42095 -0.541443 0.349457
5841.699120 0.525026 -0.102949 -0.879788 0.639092 -0.422583 -0.539691 0.348881
5841.732436 0.525115 -0.103195 -0.879398 0.640118 -0.422641 -0.537947 0.349625
5841.765903 0.525093 -0.102404 -0.879726 0.640549 -0.422139 -0.537516 0.350103
5841.799219 0.525065 -0.101778 -0.880939 0.640598 -0.421737 -0.537452 0.350596
5841.832535 0.524917 -0.100856 -0.881101 0.64044 -0.421136 -0.537422 0.351652
5841.865852 0.524911 -0.0994802 -0.88166 0.640576 -0.420942 -0.536723 0.352702
5841.899168 0.524889 -0.0990899 -0.881748 0.640914 -0.42078 -0.53529 0.354455
5841.932484 0.525183 -0.0982824 -0.882088 0.642294 -0.420697 -0.533561 0.354662
5841.965801 0.525661 -0.0972867 -0.883196 0.643417 -0.421743 -0.531591 0.354342
5841.999117 0.525714 -0.0977338 -0.883308 0.643518 -0.421981 -0.531189 0.354478
5842.032433 0.525588 -0.0979344 -0.883714 0.64253 -0.42234 -0.532301 0.354176
5842.065750 0.52558 -0.0978813 -0.884689 0.642152 -0.422358 -0.533751 0.352655
5842.099216 0.525551 -0.0979997 -0.884598 0.642624 -0.422048 -0.534353 0.35125
5842.132532 0.525533 -0.0985785 -0.885102 0.64314 -0.422397 -0.534302 0.349962
5842.165849 0.525271 -0.0997502 -0.885118 0.64227 -0.424515 -0.534226 0.349112
5842.199165 0.524902 -0.100489 -0.884565 0.641849 -0.426632 -0.533625 0.348223
5842.232481 0.524615 -0.101122 -0.883913 0.642274 -0.42829 -0.532049 0.347816
