5645.179542 0 0 0 0.707789 -0.706423 0.00119798 0.000383942
5645.212859 0.000134656 -0.00362945 0.000602066 -0.707842 0.70637 2.27888e-05 0.00117488
5645.246175 0.000789177 -0.00698238 0.00101941 -0.709119 0.705078 0.0016376 0.00355798
5645.279491 0.00208433 -0.0100713 0.00188871 -0.710939 0.703223 0.0033139 0.00574844
5645.312808 0.00330265 -0.0136312 0.00276149 -0.713054 0.701055 0.0049694 0.00713971
5645.346274 0.00508636 -0.0175472 0.00391664 -0.714779 0.699257 0.00746984 0.00865258
5645.379590 0.00696585 -0.0224004 0.00501408 -0.716072 0.697828 0.0117531 0.0117952
5645.412907 0.00927006 -0.0275583 0.00622941 -0.717841 0.695811 0.0169159 0.0163015
5645.446223 0.0122671 -0.0331648 0.00746485 -0.720366 0.692993 0.0207912 0.0200468
5645.479540 0.0155654 -0.0386671 0.00872525 -0.722887 0.690087 0.0257128 0.0235086
5645.512856 0.0194345 -0.0445249 0.00972286 -0.72495 0.687497 0.0320411 0.0277358
5645.546172 0.0236763 -0.0499185 0.0108254 -0.727804 0.684049 0.0369977 0.0317729
5645.579488 0.027682 -0.05523 0.0120783 -0.730319 0.68085 0.0419578 0.036283
5645.612805 0.0325921 -0.0614352 0.0130054 -0.731951 0.678533 0.0467461 0.0406893
5645.646121 0.0372933 -0.0667874 0.0141502 -0.73231 0.677688 0.0508237 0.0433288
5645.679437 0.0434049 -0.0735782 0.0144145 -0.731357 0.678438 0.0536318 0.0443027
5645.712904 0.0496788 -0.0789492 0.0148966 -0.728935 0.68072 0.056683 0.0454095
5645.746220 0.0559876 -0.0843096 0.0151441 -0.726326 0.683215 0.0601402 0.0452831
5645.779536 0.0629002 -0.0894993 0.0149701 -0.724369 0.68476 0.065644 0.0456578
5645.812853 0.0692603 -0.0943804 0.0145145 -0.722637 0.685612 0.0737482 0.0478811
5645.846169 0.07619 -0.0994182 0.0138337 -0.722381 0.684741 0.0820223 0.0506783
5645.879485 0.0839737 -0.103179 0.0132876 -0.724723 0.681404 0.0883453 0.0515792
5645.912802 0.0921991 -0.105996 0.0126009 -0.727047 0.678181 0.0944105 0.0505903
5645.946118 0.10008 -0.109011 0.0113809 -0.728252 0.675768 0.102345 0.050112
5645.979434 0.108148 -0.110487 0.0101718 -0.729673 0.672803 0.111555 0.0496844
5646.012751 0.116611 -0.112543 0.00866688 -0.731375 0.669707 0.119194 0.0487507
5646.046219 0.124851 -0.114595 0.00723685 -0.730422 0.669302 0.127319 0.0480483
5646.079536 0.133615 -0.115698 0.00536838 -0.727358 0.671191 0.135442 0.0459257
5646.112854 0.142432 -0.11716 0.0034341 -0.723736 0.674202 0.141532 0.0403203
5646.146172 0.152153 -0.117206 0.00165556 -0.720783 0.676737 0.14647 0.0323358
5646.179490 0.1612 -0.117271 0.000146493 -0.718602 0.678096 0.152174 0.0252997
5646.212807 0.170689 -0.115591 -0.00121956 -0.717514 0.677873 0.158929 0.0200917
5646.246125 0.180266 -0.113714 -0.0027391 -0.717699 0.676187 0.165793 0.0138531
5646.279443 0.190203 -0.11068 -0.00389777 -0.718789 0.673685 0.171589 0.00688193
5646.312761 0.200225 -0.106916 -0.00441553 0.721305 -0.669993 -0.175578 0.000999009
5646.346078 0.211313 -0.102784 -0.00547824 0.723609 -0.666043 -0.180852 0.00838816
5646.379396 0.220338 -0.0998295 -0.00587065 0.724033 -0.662953 -0.189908 0.0143053
5646.412864 0.227834 -0.0981804 -0.00557792 0.723494 -0.660636 -0.199191 0.0209581
5646.446181 0.236171 -0.0958635 -0.00511199 0.723235 -0.658126 -0.207415 0.0279259
5646.479499 0.244329 -0.0935353 -0.00387283 0.722898 -0.656161 -0.213538 0.0356835
5646.512817 0.251564 -0.0916626 -0.00166836 0.72193 -0.654981 -0.218729 0.0444375
5646.546135 0.25795 -0.0897173 0.00100437 0.718946 -0.655111 -0.226134 0.0530064
5646.579452 0.265384 -0.088039 0.00337991 0.714694 -0.656297 -0.234254 0.0600993
5646.612770 0.272583 -0.0861416 0.00632332 0.7107 -0.657165 -0.242098 0.0665447
5646.646088 0.279303 -0.0844331 0.0101854 0.707746 -0.65688 -0.249335 0.0737326
5646.679406 0.286682 -0.083283 0.0139094 0.70387 -0.657313 -0.256791 0.0810209
5646.712723 0.294038 -0.0824258 0.0178215 0.698781 -0.658358 -0.265303 0.088794
5646.746191 0.301604 -0.0817732 0.0219407 0.695176 -0.657654 -0.273583 0.0968141
5646.779509 0.307933 -0.0818834 0.0272517 0.692458 -0.655751 -0.281826 0.1052
5646.812827 0.314753 -0.0817484 0.0323448 0.689936 -0.653911 -0.289221 0.112876
5646.846144 0.321702 -0.081802 0.0374875 0.688701 -0.650926 -0.29592 0.120075
5646.879462 0.328582 -0.0841338 0.0427028 0.686523 -0.649236 -0.300913 0.128957
5646.912780 0.333342 -0.0867786 0.048976 0.682522 -0.648358 -0.307147 0.139486
5646.946097 0.339027 -0.0865153 0.0537773 0.677916 -0.646906 -0.316815 0.146871
5646.979415 0.343291 -0.0909794 0.0598916 0.674729 -0.642895 -0.328464 0.153425
5647.012733 0.348827 -0.0946399 0.0644735 0.673241 -0.637848 -0.339863 0.156169
5647.046049 0.352962 -0.0981177 0.0700539 0.671745 -0.633191 -0.34996 0.159235
5647.079365 0.355191 -0.101584 0.0768334 0.668964 -0.629734 -0.359697 0.16291
5647.112832 0.357831 -0.104935 0.0828109 0.664241 -0.627621 -0.371114 0.164772
5647.146148 0.360051 -0.110316 0.0882764 0.661533 -0.623657 -0.382198 0.16538
5647.179464 0.361881 -0.115114 0.093835 0.660351 -0.61879 -0.392176 0.165022
5647.212781 0.363182 -0.118862 0.0998375 0.659513 -0.615461 -0.399279 0.163786
5647.246097 0.363764 -0.124015 0.105474 0.65785 -0.614807 -0.403487 0.162619
5647.279413 0.36351 -0.128865 0.111185 0.654593 -0.615423 -0.40804 0.162065
5647.312730 0.363026 -0.134029 0.116467 0.650931 -0.616389 -0.412796 0.161099
5647.346046 0.362338 -0.138771 0.122009 0.648383 -0.617581 -0.41605 0.158415
5647.379362 0.361331 -0.142761 0.128071 0.647398 -0.619049 -0.416412 0.155741
5647.412679 0.359981 -0.146803 0.134447 0.648318 -0.620462 -0.413875 0.153029
5647.446145 0.358722 -0.150356 0.140872 0.650274 -0.621881 -0.410236 0.148706
5647.479461 0.356326 -0.154702 0.147623 0.652379 -0.62367 -0.406314 0.142638
5647.512778 0.353166 -0.158635 0.154508 0.652664 -0.626899 -0.403081 0.136205
5647.546094 0.349069 -0.162422 0.16186 0.653176 -0.629409 -0.400092 0.130886
5647.579410 0.346143 -0.165413 0.168595 0.653946 -0.632194 -0.395793 0.126627
5647.612727 0.342578 -0.168674 0.175884 0.656014 -0.634589 -0.390218 0.121127
5647.646043 0.337603 -0.173086 0.184001 0.65767 -0.636908 -0.385634 0.114475
5647.679359 0.332755 -0.177247 0.19218 0.658892 -0.640065 -0.380096 0.108192
5647.712676 0.32725 -0.180931 0.201245 0.660618 -0.642468 -0.375057 0.100754
5647.745992 0.321618 -0.185303 0.210249 0.661903 -0.645872 -0.369195 0.0918069
5647.779458 0.315082 -0.1894 0.220359 0.663471 -0.650316 -0.360927 0.0814107
5647.812775 0.308508 -0.192646 0.231129 0.664259 -0.656064 -0.351162 0.070888
5647.846091 0.301229 -0.196679 0.241606 0.665333 -0.661871 -0.339682 0.0622493
5647.879407 0.293858 -0.199795 0.252223 0.665627 -0.668402 -0.32751 0.0540062
5647.912724 0.285938 -0.202963 0.26294 0.665265 -0.675379 -0.314698 0.0474434
5647.946040 0.277389 -0.205104 0.27419 0.664795 -0.681507 -0.303012 0.0421894
5647.979356 0.269632 -0.206855 0.285187 0.665965 -0.686682 -0.289181 0.0365026
5648.012673 0.262009 -0.207755 0.296758 0.670002 -0.689623 -0.273116 0.0304076
5648.045989 0.254942 -0.208049 0.307251 0.673704 -0.691919 -0.258409 0.0244149
5648.079305 0.248119 -0.209814 0.316661 0.6762 -0.694571 -0.244963 0.017832
5648.112622 0.241753 -0.210549 0.324745 0.676698 -0.698284 -0.233155 0.0108563
5648.146088 0.235037 -0.211142 0.33272 0.677752 -0.701522 -0.220214 0.00498321
5648.179404 0.227686 -0.21203 0.34029 -0.67964 0.703474 0.207881 0.000676561
5648.212721 0.220165 -0.211979 0.347712 -0.682886 0.703614 0.196337 0.00678706
5648.246037 0.212934 -0.211087 0.354758 -0.686534 0.703304 0.184105 0.0118181
5648.279353 0.205515 -0.210972 0.361247 -0.689451 0.703436 0.171951 0.0163895
5648.312670 0.197126 -0.209221 0.367692 -0.690203 0.705181 0.160957 0.0207648
5648.345986 0.188394 -0.209431 0.373631 -0.691149 0.706884 0.148596 0.0233811
5648.379302 0.17969 -0.209009 0.379024 -0.691753 0.708694 0.136137 0.0264117
5648.412619 0.1719 -0.210255 0.383466 -0.691689 0.710745 0.124407 0.0305117
5648.445935 0.163754 -0.211124 0.38785 -0.691056 0.712916 0.113881 0.0349714
5648.479401 0.155336 -0.212097 0.392325 -0.68987 0.715552 0.102584 0.0392638
5648.512718 0.146535 -0.213111 0.396962 -0.688263 0.718422 0.0908417 0.0437269
5648.546034 0.138505 -0.212115 0.401857 -0.68675 0.721028 0.0782366 0.0487055
5648.579350 0.129889 -0.212203 0.406883 -0.68571 0.72303 0.0659507 0.0517742
5648.612667 0.121813 -0.212209 0.411808 -0.684377 0.724884 0.0558764 0.0552181
5648.645983 0.113103 -0.212373 0.416553 -0.682877 0.726587 0.0486551 0.0581602
5648.679299 0.104384 -0.213063 0.421256 -0.68254 0.72712 0.0419387 0.0606363
5648.712616 0.0953281 -0.213609 0.426039 -0.682903 0.726955 0.0352816 0.0627274
5648.745932 0.0864576 -0.214669 0.430536 -0.682382 0.727345 0.0305876 0.0662466
5648.779248 0.0765805 -0.216142 0.434672 -0.680632 0.728522 0.0287613 0.0718899
5648.812566 0.0670146 -0.217685 0.438913 -0.678304 0.730299 0.0259623 0.0767621
5648.846031 0.0575675 -0.219583 0.442982 -0.67621 0.732149 0.0227437 0.0786187
5648.879347 0.0481207 -0.221052 0.446975 -0.676218 0.73204 0.0197798 0.0803441
5648.912664 0.0384361 -0.22222 0.45108 -0.678127 0.729946 0.0167444 0.0839224
5648.945980 0.0283787 -0.224942 0.455222 -0.680235 0.727564 0.0107174 0.0884119
5648.979296 0.0176173 -0.227074 0.459571 -0.681156 0.726205 0.00286469 0.0929724
5649.012613 0.00647251 -0.229471 0.46374 -0.679874 0.726904 -0.00439788 0.0967596
5649.045929 -0.00417684 -0.232717 0.467738 -0.677817 0.728241 -0.0102805 0.100614
5649.079245 -0.0153817 -0.235635 0.471482 -0.676745 0.728532 -0.0137786 0.105203
5649.112562 -0.0259944 -0.238519 0.475252 -0.676644 0.727753 -0.0173737 0.110573
5649.145878 -0.0370604 -0.24101 0.478846 -0.677597 0.726043 -0.0202085 0.115394
5649.179344 -0.0476363 -0.244129 0.482234 -0.67968 0.723136 -0.0219539 0.120945
5649.212661 -0.0583295 -0.24638 0.485703 -0.681233 0.720543 -0.022768 0.127363
5649.245977 -0.0687528 -0.248388 0.489034 -0.681716 0.71905 -0.0236514 0.132934
5649.279293 -0.0792347 -0.250972 0.492295 -0.681291 0.718524 -0.0267983 0.137285
5649.312610 -0.0893004 -0.253275 0.4957 -0.681023 0.717653 -0.0334907 0.141632
5649.345926 -0.100079 -0.254747 0.498957 -0.680185 0.717074 -0.0415172 0.146389
5649.379242 -0.109499 -0.257512 0.501987 -0.678416 0.717389 -0.04889 0.150714
5649.412559 -0.118413 -0.259969 0.504611 -0.676612 0.717945 -0.0522251 0.154998
5649.445875 -0.127004 -0.262175 0.507625 -0.675888 0.717572 -0.054245 0.159133
5649.479191 -0.135177 -0.264643 0.511192 -0.677062 0.715251 -0.0585147 0.16303
5649.512508 -0.14328 -0.266953 0.515163 -0.679447 0.711518 -0.0655629 0.166722
5649.545974 -0.151094 -0.269896 0.520034 -0.682035 0.707426 -0.0755822 0.169303
5649.579290 -0.159277 -0.274734 0.52543 -0.684138 0.703456 -0.086792 0.171967
5649.612607 -0.167513 -0.283331 0.532609 -0.683919 0.701029 -0.0984281 0.176423
5649.645923 -0.175375 -0.288052 0.537368 -0.683172 0.69919 -0.104577 0.182954
5649.679239 -0.182413 -0.294002 0.542415 -0.681972 0.697773 -0.107385 0.19104
5649.712556 -0.190129 -0.301545 0.546247 -0.68003 0.69758 -0.106179 0.199168
5649.745872 -0.197804 -0.309079 0.550698 -0.678823 0.696557 -0.105111 0.207266
5649.779188 -0.205662 -0.316066 0.555207 -0.677689 0.694787 -0.104934 0.21679
5649.812505 -0.211926 -0.320979 0.561279 -0.676241 0.692315 -0.106605 0.228108
5649.845821 -0.218244 -0.325584 0.566749 -0.674396 0.690763 -0.110442 0.236304
5649.879287 -0.225269 -0.329176 0.571754 -0.672408 0.689674 -0.114167 0.243276
5649.912604 -0.22913 -0.334785 0.578651 -0.668959 0.689441 -0.120264 0.250403
5649.945921 -0.233967 -0.340709 0.58465 -0.666569 0.689561 -0.127382 0.252912
5649.979236 -0.238691 -0.343828 0.591064 -0.66729 0.686956 -0.135484 0.253888
5650.012553 -0.243876 -0.347726 0.597622 -0.670573 0.680899 -0.143985 0.256857
5650.045869 -0.248881 -0.352861 0.603818 -0.673863 0.673869 -0.148902 0.26389
5650.079185 -0.253554 -0.357448 0.609437 -0.674706 0.669145 -0.151104 0.272369
5650.112502 -0.258685 -0.361675 0.614533 -0.673501 0.66668 -0.152881 0.280287
5650.145818 -0.261897 -0.365482 0.620167 -0.670879 0.665604 -0.155523 0.287584
5650.179134 -0.265649 -0.369254 0.624466 -0.668075 0.666162 -0.15795 0.291472
5650.212451 -0.268237 -0.372047 0.62895 -0.667167 0.665092 -0.159232 0.295273
5650.245917 -0.270504 -0.373699 0.633256 -0.666848 0.662921 -0.159229 0.300823
5650.279233 -0.272151 -0.37614 0.637295 -0.666238 0.661746 -0.160612 0.30401
5650.312550 -0.273444 -0.377759 0.641129 -0.66597 0.6613 -0.161093 0.30531
5650.345866 -0.274654 -0.379371 0.644648 -0.666623 0.660392 -0.160307 0.306265
5650.379182 -0.275367 -0.380552 0.648522 -0.667943 0.658591 -0.159225 0.307826
5650.412499 -0.276035 -0.38101 0.65255 -0.668977 0.657398 -0.15879 0.308356
5650.445815 -0.276333 -0.381548 0.65693 -0.669719 0.657291 -0.159615 0.306544
5650.479131 -0.276599 -0.381244 0.661804 -0.670276 0.657598 -0.162265 0.303258
5650.512448 -0.276756 -0.381219 0.666801 -0.669884 0.658278 -0.16563 0.300818
5650.545765 -0.277059 -0.380873 0.671559 -0.669553 0.659062 -0.167983 0.298526
5650.579230 -0.276595 -0.380553 0.676494 -0.670196 0.659524 -0.168881 0.295541
5650.612547 -0.276091 -0.379654 0.681373 -0.671099 0.660276 -0.167668 0.292488
5650.645863 -0.2752 -0.378193 0.686169 -0.672611 0.661357 -0.165118 0.28799
5650.679179 -0.273569 -0.376615 0.691247 -0.674764 0.662406 -0.160905 0.28288
5650.712496 -0.271833 -0.374555 0.696291 -0.678102 0.662532 -0.155551 0.277548
5650.745812 -0.269929 -0.372271 0.701791 -0.680955 0.662916 -0.150902 0.27216
5650.779128 -0.267472 -0.369417 0.707418 -0.683589 0.66456 -0.145951 0.264129
5650.812445 -0.26452 -0.36631 0.713256 -0.685351 0.668226 -0.140039 0.253292
5650.845762 -0.261276 -0.362695 0.719545 -0.685805 0.673268 -0.134145 0.241635
5650.879077 -0.258052 -0.358948 0.725814 -0.687088 0.677311 -0.127673 0.22991
5650.912544 -0.255307 -0.355013 0.731741 -0.689271 0.680042 -0.120171 0.219103
5650.945860 -0.252106 -0.351088 0.738133 -0.6914 0.682199 -0.112237 0.209699
5650.979176 -0.248853 -0.347111 0.744501 -0.692981 0.684914 -0.104129 0.199567
5651.012493 -0.245526 -0.343993 0.750567 -0.693603 0.688842 -0.0968878 0.187146
5651.045809 -0.241535 -0.339854 0.756431 -0.693979 0.692851 -0.087356 0.17527
5651.079125 -0.237411 -0.335674 0.762089 -0.695396 0.695606 -0.0772822 0.163044
5651.112442 -0.233061 -0.332332 0.767721 -0.696404 0.698331 -0.0689726 0.15033
5651.145758 -0.228809 -0.329437 0.773136 -0.696926 0.701096 -0.0612233 0.137877
5651.179074 -0.224394 -0.326 0.778378 -0.697449 0.703629 -0.052336 0.125427
5651.212391 -0.220038 -0.322821 0.78264 -0.69694 0.706887 -0.0431669 0.112792
5651.245707 -0.214509 -0.319815 0.786876 -0.69741 0.708831 -0.0346733 0.0998797
5651.279173 -0.209887 -0.316715 0.791536 -0.69886 0.709408 -0.0248719 0.0878484
5651.312490 -0.205182 -0.315117 0.795937 -0.699621 0.710218 -0.0156119 0.0766674
5651.345806 -0.200812 -0.314004 0.800148 -0.699769 0.711293 -0.00489645 0.0660441
5651.379122 -0.196212 -0.313227 0.803902 -0.700196 0.711842 0.006686 0.0544193
5651.412439 -0.191895 -0.31154 0.807695 -0.700906 0.711701 0.018487 0.0432533
5651.445755 -0.187577 -0.311653 0.810777 -0.700995 0.711873 0.0298047 0.0308817
5651.479071 -0.183239 -0.31138 0.813526 -0.701708 0.710973 0.0420725 0.0187789
5651.512388 -0.179063 -0.31144 0.816032 -0.702458 0.709532 0.0553682 0.00721637
5651.545704 -0.174602 -0.311877 0.818169 0.703982 -0.706884 -0.0685908 0.00445629
5651.579020 -0.169738 -0.312372 0.819924 0.705426 -0.7039 -0.0815935 0.0155369
5651.612487 -0.164846 -0.312933 0.821346 0.706411 -0.700816 -0.0956648 0.026231
5651.645803 -0.159197 -0.313555 0.822287 0.707339 -0.697339 -0.109585 0.0371594
5651.679119 -0.153587 -0.314059 0.823018 0.708947 -0.692748 -0.123275 0.0479312
5651.712436 -0.14748 -0.315001 0.823378 0.709774 -0.688565 -0.136884 0.0579818
5651.745752 -0.141839 -0.315889 0.823406 0.708803 -0.685422 -0.152284 0.0678548
5651.779068 -0.134754 -0.316491 0.822796 0.707302 -0.682472 -0.167679 0.0764178
5651.812385 -0.127783 -0.317656 0.82172 0.705492 -0.679819 -0.18174 0.0842546
5651.845701 -0.120399 -0.318704 0.820001 0.702758 -0.678507 -0.193687 0.0908009
5651.879017 -0.112804 -0.319095 0.817609 0.699522 -0.67827 -0.203156 0.096679
5651.912334 -0.103773 -0.319868 0.813376 0.696792 -0.678294 -0.21002 0.101442
5651.945650 -0.0945196 -0.322729 0.807465 0.695174 -0.677012 -0.217454 0.105363
5651.979117 -0.0871246 -0.326024 0.802348 0.694149 -0.673948 -0.228011 0.10937
5652.012433 -0.0804448 -0.329033 0.797324 0.693354 -0.670463 -0.238919 0.1125
5652.045749 -0.073771 -0.33001 0.792315 0.691961 -0.667407 -0.250348 0.114384
5652.079065 -0.0678074 -0.332299 0.786901 0.690734 -0.6641 -0.26116 0.116847
5652.112382 -0.06142 -0.335126 0.780682 0.689173 -0.66167 -0.270303 0.119039
5652.145698 -0.0555979 -0.33816 0.774125 0.685952 -0.660505 -0.28046 0.120602
5652.179014 -0.0500699 -0.341712 0.76706 0.681618 -0.660036 -0.291146 0.122407
5652.212331 -0.044596 -0.344849 0.759716 0.676743 -0.660388 -0.301377 0.122793
5652.245647 -0.0407808 -0.347478 0.752954 0.671576 -0.660805 -0.312445 0.121243
5652.278963 -0.0376237 -0.350256 0.746001 0.665981 -0.661354 -0.324079 0.118548
5652.312430 -0.0340728 -0.352556 0.738373 0.658921 -0.663154 -0.335116 0.117251
5652.345746 -0.0296486 -0.353748 0.730051 0.652987 -0.663797 -0.345409 0.116934
5652.379062 -0.0254035 -0.354501 0.721713 0.64854 -0.662944 -0.355085 0.117545
5652.412379 -0.0207103 -0.354716 0.713296 0.645378 -0.661143 -0.363751 0.118585
5652.445695 -0.0162366 -0.35382 0.705418 0.644668 -0.657702 -0.371113 0.118769
5652.479011 -0.0120948 -0.352953 0.697533 0.6435 -0.655235 -0.377019 0.120131
5652.512328 -0.00758532 -0.351315 0.688992 0.641736 -0.652903 -0.383281 0.122429
5652.545644 -0.00285619 -0.349146 0.67996 0.639645 -0.650283 -0.389677 0.12703
5652.578960 0.00231844 -0.346329 0.670428 0.638134 -0.647234 -0.395947 0.13076
5652.612277 0.00748253 -0.343291 0.660886 0.638048 -0.642968 -0.402386 0.132561
5652.645593 0.0122088 -0.340059 0.65172 0.637665 -0.639033 -0.408915 0.133454
5652.679059 0.016534 -0.337027 0.64282 0.635812 -0.63701 -0.414051 0.136096
5652.712376 0.0206206 -0.333778 0.634196 0.633268 -0.635787 -0.418046 0.141362
5652.745692 0.0255305 -0.329853 0.624945 0.629434 -0.635776 -0.421703 0.147539
5652.779008 0.0301925 -0.325607 0.61618 0.625817 -0.635601 -0.424754 0.154753
5652.812325 0.0349876 -0.321066 0.607602 0.622952 -0.634951 -0.427194 0.162089
5652.845641 0.0400509 -0.316411 0.599113 0.620394 -0.634419 -0.428402 0.170574
5652.878957 0.0444809 -0.311766 0.591407 0.618492 -0.633359 -0.428922 0.179862
5652.912274 0.0491537 -0.30699 0.583869 0.617205 -0.631812 -0.429266 0.188687
5652.945591 0.0519884 -0.302536 0.578236 0.616114 -0.629336 -0.430208 0.198144
5652.978906 0.0572833 -0.297889 0.57098 0.616178 -0.625641 -0.430937 0.207825
5653.012373 0.062914 -0.292932 0.564217 0.616768 -0.621935 -0.430554 0.217755
5653.045689 0.0690129 -0.287209 0.557769 0.619227 -0.616043 -0.430411 0.227587
5653.079005 0.075355 -0.281676 0.551171 0.622627 -0.608528 -0.431739 0.235861
5653.112322 0.0810677 -0.276169 0.545481 0.625659 -0.601015 -0.434509 0.241939
5653.145638 0.0868309 -0.270921 0.539981 0.629471 -0.591655 -0.439445 0.246167
5653.178954 0.0927585 -0.266017 0.534685 0.63271 -0.583231 -0.443602 0.250474
5653.212271 0.0979248 -0.261204 0.530434 0.634589 -0.576914 -0.445551 0.256809
5653.245587 0.102545 -0.256299 0.526791 0.635287 -0.571295 -0.4475 0.264152
5653.278903 0.107486 -0.251308 0.52303 0.635586 -0.566157 -0.449549 0.27093
5653.312220 0.11288 -0.245465 0.51927 0.636242 -0.561519 -0.449819 0.278488
5653.345536 0.118121 -0.239034 0.51603 0.636609 -0.55711 -0.450274 0.285678
5653.379002 0.123765 -0.234397 0.511657 0.637912 -0.551415 -0.451939 0.291137
5653.412319 0.12949 -0.229614 0.507698 0.638901 -0.547018 -0.451428 0.297975
5653.445635 0.134998 -0.225299 0.503603 0.64015 -0.541959 -0.450292 0.306147
5653.478951 0.140449 -0.218703 0.500773 0.639233 -0.538283 -0.450969 0.313466
5653.512268 0.144761 -0.213124 0.498054 0.639891 -0.534413 -0.450029 0.320024
5653.545584 0.150519 -0.207758 0.494916 0.642178 -0.529602 -0.448314 0.325798
5653.578900 0.155787 -0.201827 0.493386 0.645762 -0.52495 -0.44509 0.330628
5653.612217 0.161158 -0.196113 0.492369 0.64897 -0.522703 -0.439267 0.335655
5653.645533 0.166468 -0.190495 0.491766 0.650369 -0.522752 -0.432831 0.341186
5653.678849 0.171542 -0.185439 0.491856 0.651758 -0.524497 -0.424661 0.346088
5653.712316 0.177356 -0.180595 0.49158 0.655633 -0.526301 -0.413071 0.350034
5653.745632 0.182083 -0.175633 0.492651 0.659157 -0.527156 -0.404741 0.351856
5653.778948 0.185121 -0.171632 0.495369 0.660859 -0.528281 -0.399777 0.35265
5653.812265 0.19126 -0.168078 0.493974 0.663752 -0.530143 -0.391674 0.353515
5653.845581 0.19548 -0.164912 0.495102 0.664514 -0.532999 -0.385663 0.354398
5653.878897 0.19928 -0.161582 0.497477 0.665761 -0.536651 -0.377825 0.354987
5653.912214 0.203074 -0.15891 0.500287 0.669372 -0.540025 -0.366453 0.355002
5653.945530 0.206179 -0.157314 0.503308 0.671025 -0.54583 -0.356574 0.353058
5653.978846 0.208629 -0.155518 0.506814 0.672228 -0.551228 -0.348097 0.350835
5654.012163 0.210695 -0.154106 0.510924 0.673591 -0.557964 -0.339462 0.346001
5654.045629 0.212212 -0.15339 0.515822 0.675694 -0.566158 -0.328834 0.338778
5654.078945 0.213637 -0.151909 0.520537 0.676301 -0.575549 -0.314912 0.334949
5654.112262 0.214425 -0.150427 0.52527 0.674996 -0.585515 -0.301156 0.332954
5654.145578 0.214809 -0.15006 0.529603 0.67439 -0.594635 -0.287925 0.329706
5654.178895 0.213639 -0.150077 0.535043 0.675915 -0.60134 -0.277144 0.323607
5654.212211 0.212242 -0.149552 0.540331 0.678071 -0.607435 -0.266594 0.316497
5654.245527 0.211182 -0.147761 0.544418 0.680565 -0.613227 -0.254645 0.309743
5654.278843 0.208959 -0.146935 0.548895 0.682478 -0.618682 -0.24257 0.304328
5654.312160 0.206883 -0.146922 0.552368 0.684414 -0.624085 -0.229401 0.299117
5654.345476 0.205144 -0.148906 0.555235 0.687418 -0.628932 -0.215022 0.29269
5654.378792 0.202908 -0.145701 0.558321 0.687707 -0.635943 -0.205065 0.283873
5654.412259 0.199862 -0.146487 0.562098 0.690371 -0.640255 -0.193673 0.275594
5654.445575 0.198394 -0.15146 0.564509 0.694744 -0.643674 -0.179091 0.266348
5654.478891 0.195635 -0.152478 0.568107 0.696217 -0.64996 -0.16545 0.255851
5654.512208 0.192911 -0.154135 0.571692 0.695489 -0.658215 -0.149017 0.246663
5654.545524 0.190133 -0.155634 0.575175 0.692375 -0.667613 -0.131443 0.240066
5654.578840 0.186698 -0.157084 0.578944 0.68841 -0.677473 -0.112734 0.233264
5654.612157 0.180337 -0.159411 0.584723 0.685728 -0.685022 -0.0926502 0.227899
5654.645473 0.177102 -0.160972 0.587483 0.682333 -0.692986 -0.0722673 0.221289
5654.678789 0.172624 -0.162084 0.590188 0.679912 -0.699489 -0.0562046 0.212779
5654.712106 0.168793 -0.162974 0.591752 0.679355 -0.704816 -0.0439656 0.199447
5654.745572 0.165296 -0.163205 0.592661 0.679623 -0.709205 -0.034277 0.1843
5654.778888 0.15999 -0.163985 0.593652 0.682086 -0.711141 -0.0240534 0.168696
5654.812205 0.156426 -0.163282 0.593886 0.683315 -0.714107 -0.00983385 0.151772
5654.845521 0.15184 -0.164279 0.594267 0.680822 -0.719252 0.00515657 0.138318
5654.878837 0.147807 -0.164073 0.594124 0.679021 -0.722805 0.0241657 0.126091
5654.912154 0.143196 -0.163936 0.594021 0.677218 -0.725017 0.0478128 0.115931
5654.945470 0.138085 -0.164178 0.593378 0.674334 -0.727649 0.0681004 0.105649
5654.978786 0.133578 -0.163511 0.592039 0.673281 -0.728685 0.0842443 0.0928116
5655.012103 0.128703 -0.162007 0.590321 0.673093 -0.7283 0.100788 0.0797941
5655.045419 0.123331 -0.161015 0.588247 0.671358 -0.728646 0.117492 0.0674451
5655.078735 0.118055 -0.15946 0.585635 0.668885 -0.72956 0.131849 0.0543167
5655.112202 0.112607 -0.15778 0.582579 0.66591 -0.730524 0.146021 0.0397097
5655.145518 0.106896 -0.156346 0.579421 0.661818 -0.731639 0.161543 0.0246139
5655.178834 0.100488 -0.154154 0.575787 0.657663 -0.731987 0.177676 0.0102905
5655.212151 0.0940874 -0.151788 0.572023 -0.652283 0.731945 -0.196914 0.00288662
5655.245467 0.0875051 -0.149768 0.567934 -0.644916 0.732903 -0.216127 0.0149981
5655.278783 0.082009 -0.1477 0.563299 -0.636409 0.734922 -0.232464 0.0288664
5655.312100 0.0757571 -0.147583 0.558778 -0.629373 0.735634 -0.246678 0.0433799
5655.345416 0.07105 -0.14624 0.554199 -0.623293 0.735143 -0.260182 0.0581091
5655.378732 0.0660218 -0.145847 0.549708 -0.617715 0.734064 -0.273424 0.0694086
5655.412049 0.0615517 -0.145648 0.545011 -0.61262 0.733775 -0.282443 0.0805979
5655.445515 0.0575575 -0.145819 0.54044 -0.608251 0.733897 -0.288711 0.0898438
5655.478831 0.0538284 -0.14576 0.5362 -0.604499 0.732664 -0.297017 0.0978013
5655.512148 0.0489413 -0.146072 0.531545 -0.601359 0.730892 -0.30431 0.107514
5655.545464 0.0433368 -0.147001 0.526639 -0.597494 0.729718 -0.31067 0.11831
5655.578780 0.0359624 -0.147665 0.520799 -0.591526 0.729702 -0.317281 0.130247
5655.612097 0.0281438 -0.148686 0.514748 -0.584187 0.730706 -0.323551 0.141807
5655.645413 0.0206766 -0.149555 0.508287 -0.576211 0.732029 -0.330017 0.152326
5655.678729 0.012784 -0.151673 0.501478 -0.568824 0.732468 -0.336458 0.16348
5655.712046 0.00423425 -0.155119 0.495408 -0.56118 0.732102 -0.343836 0.175729
5655.745362 -0.000679001 -0.158607 0.495202 -0.55443 0.730697 -0.350546 0.189228
5655.778678 -0.00503348 -0.162014 0.493732 -0.549497 0.729082 -0.355106 0.200978
5655.812145 -0.0105401 -0.165235 0.489564 -0.546761 0.726321 -0.358748 0.211684
5655.845461 -0.0141616 -0.170069 0.487994 -0.542886 0.723881 -0.362565 0.223199
5655.878777 -0.0162436 -0.174713 0.485324 -0.541835 0.719748 -0.365228 0.23449
5655.912097 -0.0230472 -0.183642 0.479702 -0.538594 0.716542 -0.368561 0.246265
5655.945410 -0.0295202 -0.192943 0.473438 -0.536087 0.71388 -0.369069 0.258407
5655.978726 -0.0374378 -0.202698 0.463392 -0.534193 0.712711 -0.365889 0.269825
5656.012043 -0.0467589 -0.211642 0.450534 -0.533739 0.710556 -0.362265 0.281064
5656.045359 -0.0554608 -0.223156 0.438516 -0.536311 0.706157 -0.359919 0.290123
5656.078675 -0.0615456 -0.232149 0.428668 -0.539833 0.700654 -0.357125 0.300209
5656.111992 -0.0650737 -0.240275 0.420609 -0.544793 0.693894 -0.355362 0.308916
5656.145458 -0.0679409 -0.246617 0.412765 -0.549507 0.68778 -0.350781 0.319301
5656.178774 -0.0714264 -0.253387 0.403308 -0.552219 0.683704 -0.346487 0.327947
5656.212091 -0.0744687 -0.258043 0.39454 -0.552881 0.681331 -0.34493 0.333367
5656.245407 -0.0768715 -0.263522 0.385383 -0.554587 0.679361 -0.341763 0.337786
5656.278723 -0.0816795 -0.273864 0.371623 -0.554258 0.679502 -0.334269 0.345454
5656.312040 -0.0826411 -0.277766 0.361659 -0.559884 0.675134 -0.326395 0.352407
5656.345356 -0.0831533 -0.283619 0.352453 -0.565707 0.671176 -0.319071 0.357341
5656.378672 -0.0820799 -0.287677 0.345301 -0.570563 0.667441 -0.314718 0.360464
5656.411989 -0.0814641 -0.289856 0.336955 -0.5739 0.664665 -0.312436 0.362274
5656.445305 -0.0795848 -0.291127 0.32946 -0.575855 0.663053 -0.309282 0.364823
5656.478625 -0.0754195 -0.29038 0.324606 -0.575403 0.663792 -0.306817 0.366271
5656.512088 -0.0714798 -0.290724 0.319353 -0.570316 0.669784 -0.305811 0.364154
5656.545404 -0.0646828 -0.288072 0.317496 -0.568429 0.676012 -0.304867 0.356304
5656.578720 -0.0576024 -0.286242 0.314704 -0.5713 0.680539 -0.302423 0.344997
5656.612037 -0.0495603 -0.280358 0.312547 -0.577789 0.680851 -0.298757 0.336669
5656.645353 -0.037712 -0.273865 0.315628 -0.584126 0.681553 -0.293559 0.328794
5656.678669 -0.02108 -0.272755 0.322322 -0.598009 0.679518 -0.290026 0.310684
5656.711986 -0.00528878 -0.273322 0.329226 -0.610784 0.675831 -0.285029 0.298251
5656.745302 0.00390734 -0.266713 0.329607 -0.61136 0.678761 -0.278137 0.296921
5656.778618 0.0137698 -0.26115 0.329391 -0.612899 0.683905 -0.271414 0.288033
5656.811935 0.0228377 -0.260714 0.327112 -0.615212 0.689476 -0.261689 0.278668
5656.845401 0.027757 -0.259574 0.320708 -0.616512 0.693998 -0.254626 0.271007
5656.878717 0.0359336 -0.256935 0.320787 -0.612954 0.700345 -0.253187 0.264009
5656.912034 0.0435513 -0.253439 0.319124 -0.606732 0.710264 -0.25147 0.253304
5656.945350 0.0529246 -0.249967 0.31855 -0.601393 0.719802 -0.248269 0.242022
5656.978666 0.0627477 -0.243583 0.318376 -0.598018 0.727063 -0.24656 0.230134
5657.011983 0.0736261 -0.237524 0.318354 -0.600735 0.729517 -0.241569 0.22038
5657.045299 0.0831233 -0.233194 0.315647 -0.609018 0.728792 -0.229507 0.212805
5657.078615 0.0940105 -0.224976 0.313329 -0.618284 0.726874 -0.214998 0.207739
5657.111932 0.106039 -0.214419 0.311996 -0.625923 0.725542 -0.20194 0.202557
5657.145248 0.11865 -0.210305 0.313446 -0.631069 0.726219 -0.191121 0.194501
5657.178714 0.1317 -0.206539 0.31566 -0.634548 0.728504 -0.182397 0.182652
5657.212031 0.145075 -0.203681 0.318397 -0.636448 0.731457 -0.177787 0.168216
5657.245347 0.158037 -0.200168 0.320927 -0.640198 0.732994 -0.169764 0.155069
5657.278663 0.17116 -0.196762 0.323129 -0.646437 0.732438 -0.158011 0.143826
5657.311980 0.18197 -0.19154 0.325121 -0.653067 0.731172 -0.145709 0.132887
5657.345296 0.191413 -0.187612 0.326903 -0.657659 0.731457 -0.134028 0.120381
5657.378612 0.198426 -0.18332 0.328314 -0.660756 0.733108 -0.121109 0.106243
5657.411929 0.207007 -0.179328 0.330247 -0.66386 0.733862 -0.110263 0.09262
5657.445245 0.214669 -0.178102 0.332243 -0.667248 0.733614 -0.100967 0.0799736
5657.478561 0.222003 -0.175367 0.334148 -0.671028 0.732994 -0.0881366 0.06836
5657.511878 0.229745 -0.173639 0.336038 -0.674997 0.732008 -0.0732758 0.0563337
5657.545344 0.237858 -0.171622 0.337737 -0.679559 0.730077 -0.0569525 0.0440881
5657.578660 0.245652 -0.169352 0.339467 -0.684743 0.727026 -0.0394903 0.0316494
5657.611977 0.253747 -0.166143 0.341252 -0.690529 0.722647 -0.0225604 0.0210125
5657.645293 0.261972 -0.164536 0.34292 -0.695662 0.718246 -0.00930435 0.00947835
5657.678609 0.270189 -0.160327 0.344702 0.699309 -0.714801 -0.00437789 0.00256066
5657.711926 0.278125 -0.156526 0.346095 0.700924 -0.712764 -0.0208383 0.0154237
5657.745242 0.286856 -0.153618 0.347305 0.701428 -0.711154 -0.0379446 0.0286192
5657.778558 0.294956 -0.15088 0.349136 0.702479 -0.708351 -0.0544985 0.0423352
5657.811875 0.301943 -0.148435 0.35134 0.703666 -0.704887 -0.0700902 0.0554681
5657.845191 0.308815 -0.146398 0.353915 0.704739 -0.701278 -0.08269 0.0686683
5657.878658 0.315899 -0.144752 0.356425 0.705082 -0.698278 -0.0921002 0.0823688
5657.911974 0.322356 -0.143061 0.358815 0.702784 -0.69732 -0.102324 0.0967882
5657.945290 0.3274 -0.141367 0.360944 0.700901 -0.694616 -0.116444 0.112638
5657.978606 0.333701 -0.138577 0.361865 0.70332 -0.686833 -0.132338 0.126833
5658.011923 0.338235 -0.13498 0.363635 0.706888 -0.677639 -0.147576 0.139053
5658.045239 0.34438 -0.130817 0.364085 0.710259 -0.668408 -0.161425 0.150683
5658.078555 0.348729 -0.12665 0.365414 0.712493 -0.659671 -0.175372 0.16258
5658.111872 0.352879 -0.122964 0.366978 0.713673 -0.652084 -0.186225 0.175434
5658.145188 0.358224 -0.119236 0.367177 0.715369 -0.64462 -0.193473 0.187831
5658.178504 0.363687 -0.116317 0.367236 0.716753 -0.637066 -0.20023 0.200801
5658.211821 0.366798 -0.1132 0.367842 0.716636 -0.629891 -0.210175 0.2133
5658.245287 0.370973 -0.109962 0.367047 0.713671 -0.625816 -0.219713 0.225289
5658.278603 0.375409 -0.107079 0.365417 0.711625 -0.621516 -0.224876 0.238199
5658.311920 0.379112 -0.103382 0.363614 0.708942 -0.618151 -0.227011 0.252501
5658.345237 0.383907 -0.101775 0.360764 0.705132 -0.615495 -0.228499 0.267849
5658.378552 0.388154 -0.0978864 0.35678 0.7035 -0.611415 -0.232133 0.278162
5658.411869 0.39204 -0.0966102 0.353554 0.70159 -0.606247 -0.234123 0.292273
5658.445185 0.395707 -0.09234 0.349314 0.700326 -0.601449 -0.23677 0.302891
5658.478501 0.398834 -0.090418 0.345578 0.699233 -0.595165 -0.23944 0.315468
5658.511818 0.40266 -0.0889423 0.341027 0.698866 -0.587705 -0.2414 0.328504
5658.545134 0.405993 -0.0859794 0.335814 0.70047 -0.578374 -0.246271 0.337899
5658.578600 0.409394 -0.0836787 0.329998 0.699032 -0.572161 -0.254208 0.345493
5658.611917 0.415294 -0.0827199 0.321479 0.697828 -0.566951 -0.26081 0.351541
5658.645233 0.415476 -0.0805796 0.318128 0.695333 -0.560606 -0.270433 0.359304
5658.678549 0.419367 -0.0809509 0.310824 0.693949 -0.554558 -0.277756 0.365721
5658.711866 0.421635 -0.0817586 0.304603 0.68998 -0.55164 -0.289369 0.368628
5658.745182 0.422707 -0.0810598 0.299073 0.684877 -0.548397 -0.303749 0.371404
5658.778498 0.42475 -0.0809984 0.292347 0.682322 -0.542733 -0.317462 0.372955
5658.811815 0.427096 -0.0802247 0.285246 0.681845 -0.535763 -0.331411 0.371769
5658.845131 0.429642 -0.0820207 0.278523 0.682795 -0.527062 -0.344915 0.370177
5658.878447 0.43113 -0.0817234 0.272399 0.680945 -0.521883 -0.360319 0.366227
5658.911766 0.432626 -0.0818557 0.266072 0.677218 -0.519161 -0.37373 0.363557
5658.945230 0.434191 -0.0845068 0.259632 0.672987 -0.516767 -0.383448 0.364703
5658.978546 0.435171 -0.0857482 0.253881 0.668549 -0.515725 -0.391135 0.366174
5659.011863 0.437169 -0.0894295 0.247057 0.666943 -0.512254 -0.398418 0.366123
5659.045179 0.436956 -0.0885697 0.241804 0.661699 -0.511177 -0.409539 0.36487
5659.078495 0.437305 -0.0908694 0.235934 0.659398 -0.505272 -0.422736 0.362201
5659.111812 0.437546 -0.0937165 0.229995 0.655776 -0.50015 -0.438573 0.357018
5659.145128 0.437988 -0.0975847 0.223383 0.652181 -0.494965 -0.453803 0.351756
5659.178444 0.439092 -0.104162 0.215665 0.650039 -0.490267 -0.465573 0.346885
5659.211761 0.438918 -0.108269 0.209901 0.646363 -0.487734 -0.476836 0.341992
5659.245077 0.438617 -0.112599 0.204447 0.64261 -0.486184 -0.48659 0.337502
5659.278543 0.437902 -0.11624 0.199735 0.637506 -0.487415 -0.495502 0.332402
5659.311860 0.437733 -0.118909 0.194637 0.632197 -0.490626 -0.502897 0.326663
5659.345176 0.437537 -0.123444 0.189008 0.627049 -0.492864 -0.509584 0.32283
5659.378492 0.437086 -0.13042 0.182756 0.620639 -0.494604 -0.51713 0.320548
5659.411809 0.436314 -0.135625 0.176851 0.611616 -0.498477 -0.525994 0.317454
5659.445125 0.434766 -0.14398 0.17066 0.602577 -0.501428 -0.535468 0.314236
5659.478441 0.433241 -0.150516 0.163598 0.594589 -0.502875 -0.545471 0.309906
5659.511758 0.431639 -0.156002 0.156412 0.586546 -0.503596 -0.555388 0.30643
5659.545074 0.429112 -0.158739 0.150839 0.577321 -0.503107 -0.567495 0.302545
5659.578390 0.425954 -0.164787 0.143157 0.567825 -0.502348 -0.578657 0.300627
5659.611707 0.424601 -0.166583 0.134492 0.555848 -0.50291 -0.589824 0.300372
5659.645173 0.422681 -0.169009 0.125199 0.54459 -0.501862 -0.600104 0.302376
5659.678489 0.421936 -0.169102 0.116234 0.534897 -0.499925 -0.608276 0.306531
5659.711806 0.420661 -0.172124 0.105418 0.526935 -0.497423 -0.614035 0.312844
5659.745122 0.420439 -0.166233 0.0955624 0.516992 -0.49579 -0.61977 0.32062
5659.778438 0.419888 -0.162173 0.085688 0.505712 -0.492772 -0.625657 0.33164
5659.811755 0.419946 -0.156382 0.0752018 0.494537 -0.488849 -0.631438 0.343142
5659.845071 0.420351 -0.150665 0.0682506 0.48565 -0.482141 -0.637739 0.353516
5659.878387 0.422051 -0.143309 0.0597068 0.480761 -0.475191 -0.64145 0.362773
5659.911705 0.424151 -0.13434 0.0513433 0.479808 -0.466514 -0.641684 0.374686
5659.945020 0.425784 -0.123618 0.0432459 0.479393 -0.455051 -0.642958 0.386931
5659.978486 0.427541 -0.112085 0.0350603 0.478161 -0.444523 -0.644578 0.397845
5660.011803 0.429133 -0.102741 0.0262694 0.478416 -0.434148 -0.644718 0.408622
5660.045119 0.430644 -0.0906131 0.0182779 0.479606 -0.422046 -0.645116 0.419142
5660.078435 0.432337 -0.0793271 0.011044 0.481676 -0.409239 -0.645599 0.428617
5660.111752 0.433961 -0.070649 0.00531879 0.484727 -0.3981 -0.643608 0.438549
5660.145068 0.436155 -0.0596876 -0.000518143 0.488708 -0.389624 -0.638614 0.448921
5660.178384 0.43841 -0.0494035 -0.00874572 0.496421 -0.377771 -0.632023 0.459785
5660.211701 0.439258 -0.0365792 -0.0182407 0.504887 -0.36293 -0.627865 0.468142
5660.245017 0.441573 -0.0278618 -0.0231745 0.509873 -0.351462 -0.624288 0.476202
5660.278333 0.443998 -0.0189345 -0.0274496 0.512551 -0.341603 -0.621136 0.48455
5660.311800 0.446548 -0.011279 -0.03111 0.51546 -0.331817 -0.617765 0.492509
5660.345116 0.449304 -0.00363852 -0.0352309 0.520303 -0.322133 -0.612106 0.500841
5660.378432 0.451765 0.00341856 -0.0384266 0.522383 -0.310047 -0.609317 0.509627
5660.411749 0.453419 0.0102823 -0.0424792 0.52241 -0.297809 -0.61091 0.514963
5660.445065 0.455042 0.0165952 -0.0465463 0.522569 -0.287589 -0.613495 0.517531
5660.478381 0.455896 0.0232288 -0.0512921 0.522391 -0.27604 -0.618174 0.51843
5660.511698 0.457714 0.0287854 -0.055012 0.522995 -0.263264 -0.623218 0.518428
5660.545014 0.45987 0.0342127 -0.0589833 0.524379 -0.25546 -0.623522 0.520564
5660.578330 0.461722 0.0396766 -0.0629712 0.524249 -0.247616 -0.620133 0.528474
5660.611647 0.461946 0.0457166 -0.0685528 0.523179 -0.234582 -0.618628 0.537173
5660.644963 0.462688 0.0507995 -0.0731351 0.520795 -0.221407 -0.620819 0.542527
5660.678429 0.462985 0.0560916 -0.0786878 0.518973 -0.209763 -0.624931 0.544177
5660.711746 0.463474 0.0605134 -0.0844872 0.516708 -0.200624 -0.627499 0.546817
5660.745062 0.465145 0.0640288 -0.0892793 0.513455 -0.193461 -0.627422 0.552519
5660.778379 0.467056 0.0672837 -0.0939577 0.510055 -0.183884 -0.626187 0.560286
5660.811695 0.469076 0.070409 -0.0980512 0.506834 -0.172951 -0.626426 0.566389
5660.845011 0.469944 0.0741668 -0.103443 0.503262 -0.165342 -0.627776 0.570339
5660.878327 0.47023 0.0779893 -0.109173 0.498244 -0.156828 -0.629823 0.574874
5660.911644 0.469932 0.0818791 -0.115342 0.492736 -0.147061 -0.632348 0.579414
5660.944960 0.469477 0.0853718 -0.121303 0.487853 -0.136701 -0.634264 0.583971
5660.978276 0.468882 0.0886006 -0.127862 0.485104 -0.125072 -0.634999 0.588054
5661.011743 0.467507 0.0911199 -0.13542 0.480514 -0.114939 -0.637668 0.590995
5661.045056 0.46544 0.0922017 -0.143788 0.471742 -0.106754 -0.64346 0.593314
5661.078370 0.462992 0.0930954 -0.152353 0.461006 -0.0991002 -0.650876 0.59499
5661.111684 0.460834 0.093032 -0.161065 0.449855 -0.0909922 -0.658131 0.596837
5661.144998 0.459047 0.091955 -0.169759 0.43825 -0.0822929 -0.665512 0.598547
5661.178312 0.456745 0.0916669 -0.178591 0.426797 -0.0750957 -0.673173 0.599203
5661.211626 0.454583 0.0915785 -0.186906 0.416737 -0.0703235 -0.681062 0.597946
5661.244940 0.451841 0.0905886 -0.196387 0.406921 -0.0679496 -0.688182 0.596827
5661.278254 0.448389 0.0910466 -0.204911 0.395447 -0.0665455 -0.693848 0.598138
5661.311568 0.444252 0.0912226 -0.213436 0.385199 -0.0637224 -0.697251 0.601167
5661.344882 0.43962 0.0921393 -0.221975 0.37592 -0.0622596 -0.700818 0.603044
5661.378345 0.435666 0.0916261 -0.230483 0.367985 -0.061179 -0.703975 0.604371
5661.411659 0.431816 0.091021 -0.238902 0.360952 -0.0576209 -0.707006 0.605422
5661.444973 0.427493 0.0923683 -0.246439 0.35459 -0.0534465 -0.709314 0.606864
5661.478287 0.423794 0.0921725 -0.254061 0.349362 -0.0483613 -0.71071 0.608686
5661.511601 0.419594 0.0911872 -0.261854 0.341652 -0.0435894 -0.71322 0.610484
5661.544915 0.415069 0.0921039 -0.268414 0.32939 -0.0375664 -0.718203 0.611781
5661.578229 0.409654 0.0923729 -0.275465 0.315837 -0.0307375 -0.725658 0.61051
5661.611543 0.404328 0.092966 -0.282436 0.302799 -0.0238633 -0.733964 0.607488
5661.644857 0.399015 0.0940621 -0.289571 0.29183 -0.0183623 -0.742261 0.602948
5661.678171 0.393722 0.0959902 -0.296544 0.283127 -0.0152931 -0.747339 0.600908
5661.711634 0.388011 0.0988846 -0.303382 0.276541 -0.0109916 -0.748655 0.602429
5661.744948 0.381949 0.103471 -0.309712 0.271851 -0.0025436 -0.749303 0.603851
5661.778262 0.376168 0.108917 -0.315479 0.269001 0.00683291 -0.750546 0.60355
5661.811576 0.369558 0.115455 -0.321374 0.269371 0.014287 -0.752184 0.60121
5661.844890 0.363655 0.120912 -0.327147 0.268045 0.0181827 -0.753232 0.600386
5661.878204 0.358142 0.126486 -0.332533 0.26675 0.0207092 -0.753065 0.601089
5661.911518 0.353298 0.132087 -0.337979 0.272302 0.0240542 -0.750954 0.601117
5661.944832 0.3489 0.137547 -0.343071 0.280234 0.0270456 -0.747637 0.601479
5661.978146 0.344167 0.14303 -0.347683 0.285652 0.0296913 -0.743187 0.604314
5662.011460 0.339428 0.148589 -0.351803 0.291543 0.0346211 -0.738823 0.606585
5662.044776 0.334615 0.154364 -0.355506 0.297691 0.0401126 -0.736405 0.606201
5662.078242 0.329963 0.160149 -0.358654 0.30316 0.0449087 -0.734553 0.6054
5662.111559 0.325172 0.165715 -0.361935 0.311204 0.0512597 -0.73127 0.604788
5662.144875 0.320701 0.171664 -0.364607 0.319901 0.0590528 -0.7279 0.603604
5662.178191 0.316949 0.177099 -0.367006 0.32792 0.0649224 -0.724344 0.602976
5662.211508 0.313623 0.181971 -0.369439 0.335207 0.0679685 -0.720756 0.602932
5662.244824 0.310416 0.186726 -0.371872 0.341186 0.0708451 -0.717374 0.603281
5662.278140 0.307611 0.191245 -0.374218 0.347416 0.0749349 -0.713585 0.603724
5662.311457 0.304531 0.195378 -0.376759 0.351396 0.0800121 -0.711267 0.603505
5662.344773 0.30175 0.199107 -0.379077 0.350982 0.0856231 -0.711218 0.603034
5662.378089 0.29875 0.203221 -0.381544 0.349809 0.091112 -0.713118 0.600662
5662.411556 0.296215 0.207328 -0.384415 0.350352 0.0969083 -0.714276 0.598057
5662.444872 0.294221 0.210913 -0.388021 0.35357 0.101964 -0.713047 0.596788
5662.478188 0.292716 0.214256 -0.39196 0.35695 0.104582 -0.7105 0.597361
5662.511505 0.291301 0.217431 -0.396359 0.36026 0.105734 -0.707635 0.59857
5662.544821 0.289869 0.220537 -0.40122 0.363634 0.108825 -0.704888 0.599217
5662.578137 0.288354 0.223422 -0.406332 0.363272 0.114374 -0.702395 0.601327
5662.611454 0.287084 0.225562 -0.411656 0.359201 0.11977 -0.701303 0.60399
5662.644770 0.285704 0.227544 -0.417738 0.354939 0.124865 -0.701621 0.605108
5662.678086 0.284349 0.229111 -0.424214 0.34965 0.130257 -0.702345 0.606209
5662.711403 0.282845 0.230251 -0.431307 0.342622 0.134043 -0.702534 0.60917
5662.744719 0.281887 0.230803 -0.438728 0.33586 0.136081 -0.701875 0.613231
5662.778185 0.281024 0.231302 -0.446203 0.329709 0.137759 -0.700426 0.617834
5662.811502 0.279806 0.232035 -0.45345 0.323242 0.141303 -0.698896 0.622168
5662.844818 0.278301 0.233116 -0.460069 0.316322 0.147371 -0.698827 0.62439
5662.878134 0.277059 0.234066 -0.466267 0.310159 0.154711 -0.700407 0.623935
5662.911451 0.275673 0.234712 -0.472139 0.303049 0.162801 -0.70236 0.623176
5662.944767 0.274563 0.234796 -0.477621 0.294125 0.172417 -0.70416 0.622833
5662.978083 0.272981 0.235256 -0.483111 0.285672 0.180784 -0.706069 0.622234
5663.011400 0.272204 0.23493 -0.487519 0.276959 0.188134 -0.707725 0.622113
5663.044716 0.272192 0.234084 -0.490404 0.267417 0.194975 -0.708967 0.622768
5663.078032 0.272401 0.232954 -0.493767 0.256691 0.201135 -0.709918 0.624236
5663.111499 0.27165 0.232185 -0.497362 0.246594 0.207489 -0.710055 0.626068
5663.144815 0.269734 0.231822 -0.501458 0.235694 0.214305 -0.710162 0.627847
5663.178131 0.266786 0.231589 -0.505052 0.224302 0.221956 -0.711431 0.627926
5663.211448 0.263675 0.231214 -0.509851 0.213151 0.230774 -0.713858 0.625873
5663.244764 0.262385 0.230587 -0.512957 0.200361 0.238708 -0.717559 0.622884
5663.278080 0.259429 0.229555 -0.516284 0.18728 0.243442 -0.721393 0.620689
5663.311397 0.25758 0.227741 -0.521092 0.175056 0.247214 -0.7239 0.619846
5663.344713 0.254759 0.225859 -0.52542 0.16246 0.249684 -0.725592 0.620307
5663.378029 0.25224 0.223978 -0.529253 0.147946 0.251537 -0.726523 0.622098
5663.411346 0.249769 0.222122 -0.533658 0.134755 0.252191 -0.727159 0.624084
5663.444812 0.247214 0.221486 -0.537625 0.1239 0.252438 -0.727432 0.625913
5663.478129 0.244221 0.220616 -0.541799 0.116537 0.253302 -0.726825 0.627681
5663.511445 0.241105 0.219167 -0.546623 0.111296 0.254202 -0.725497 0.629801
5663.544761 0.238463 0.218413 -0.551652 0.105987 0.253578 -0.724468 0.632148
5663.578077 0.2356 0.216753 -0.556515 0.101413 0.251481 -0.723917 0.634363
5663.611395 0.233518 0.213378 -0.562589 0.0971083 0.249405 -0.723607 0.636208
5663.644710 0.231536 0.214463 -0.567081 0.0910646 0.245433 -0.724428 0.63771
5663.678026 0.229355 0.212309 -0.57287 0.0859948 0.242629 -0.725029 0.638803
5663.711343 0.226892 0.211221 -0.578231 0.0793223 0.237649 -0.727184 0.639089
5663.744659 0.225243 0.209681 -0.584429 0.0731342 0.231789 -0.729939 0.638838
5663.777975 0.224122 0.208518 -0.591214 0.0685058 0.224575 -0.73247 0.639031
5663.811442 0.222942 0.206142 -0.598667 0.0655156 0.217404 -0.733946 0.64013
5663.844758 0.220679 0.202917 -0.606412 0.0642558 0.212625 -0.734813 0.640868
5663.878074 0.21881 0.20046 -0.614299 0.0620819 0.208777 -0.736218 0.640735
5663.911391 0.216767 0.196094 -0.623095 0.0566036 0.202649 -0.73826 0.64086
5663.944707 0.215053 0.191873 -0.631875 0.049262 0.19277 -0.741064 0.641278
5663.978023 0.213521 0.187487 -0.641295 0.0458828 0.182923 -0.743686 0.641378
5664.011340 0.210503 0.184655 -0.649426 0.0467568 0.177501 -0.744905 0.641424
5664.044656 0.207227 0.181294 -0.657341 0.047419 0.175487 -0.745164 0.641628
5664.077972 0.20397 0.178273 -0.66459 0.0439056 0.171105 -0.744903 0.643362
5664.111289 0.200976 0.173959 -0.671839 0.0348914 0.163879 -0.745575 0.645015
5664.144755 0.197773 0.168354 -0.679173 0.0240607 0.156021 -0.747804 0.644878
5664.178071 0.194263 0.162852 -0.686281 0.0130068 0.149229 -0.750688 0.643451
5664.211388 0.190452 0.157393 -0.692846 0.00255794 0.142256 -0.752176 0.643419
5664.244704 0.18646 0.152403 -0.698663 -0.00642181 0.135891 -0.751885 0.645106
5664.278020 0.181675 0.1479 -0.703581 -0.0131413 0.132318 -0.749569 0.648433
5664.311340 0.177081 0.144235 -0.70757 -0.0198877 0.130971 -0.746409 0.652169
5664.344653 0.172743 0.143715 -0.710214 -0.0267651 0.131373 -0.742399 0.656406
5664.377969 0.166489 0.141686 -0.712388 -0.0330561 0.132216 -0.74059 0.657992
5664.411286 0.161199 0.14158 -0.714096 -0.0415232 0.132124 -0.740629 0.657486
5664.444602 0.155372 0.141779 -0.715578 -0.0515783 0.132847 -0.740848 0.65638
5664.477918 0.148927 0.142227 -0.716322 -0.0632433 0.13517 -0.740846 0.654887
5664.511385 0.141339 0.142544 -0.716783 -0.0745018 0.138836 -0.739043 0.654973
5664.544701 0.132212 0.143601 -0.715965 -0.0844593 0.14373 -0.735768 0.656395
5664.578017 0.125184 0.14573 -0.716589 -0.0929089 0.149011 -0.733498 0.656616
5664.611334 0.11704 0.147484 -0.716658 -0.100936 0.153994 -0.73114 0.656912
5664.644650 0.108622 0.150214 -0.716815 -0.108503 0.15904 -0.728368 0.657581
5664.677966 0.100248 0.153243 -0.717427 -0.11299 0.166065 -0.723994 0.659915
5664.711283 0.0913366 0.15652 -0.718033 -0.117958 0.173703 -0.720429 0.66098
5664.744599 0.0828151 0.160655 -0.718633 -0.123814 0.182411 -0.715886 0.662498
5664.777915 0.0756963 0.165184 -0.720263 -0.129988 0.19231 -0.711482 0.66326
5664.811232 0.0667912 0.170158 -0.720712 -0.137112 0.202616 -0.709149 0.661252
5664.844698 0.0571706 0.175297 -0.720841 -0.143003 0.213309 -0.705836 0.660185
5664.878014 0.0475214 0.179856 -0.720859 -0.150186 0.224216 -0.701762 0.659319
5664.911331 0.0379991 0.184062 -0.720439 -0.15865 0.235188 -0.697066 0.658495
5664.944647 0.0291335 0.188538 -0.720499 -0.164632 0.24696 -0.692822 0.657195
5664.977963 0.0194606 0.193418 -0.719462 -0.17145 0.258153 -0.689101 0.655059
5665.011280 0.0115328 0.197344 -0.719285 -0.181977 0.268432 -0.685614 0.651738
5665.044596 0.00318336 0.202225 -0.719097 -0.191971 0.278109 -0.682543 0.648025
5665.077912 -0.00383735 0.207317 -0.719648 -0.196776 0.288597 -0.678684 0.646049
5665.111229 -0.0108173 0.211917 -0.720563 -0.198555 0.300048 -0.676722 0.642335
5665.144545 -0.0172765 0.217359 -0.721614 -0.201245 0.311734 -0.676283 0.636367
5665.177861 -0.0239804 0.222038 -0.722354 -0.204033 0.321118 -0.674095 0.633127
5665.211328 -0.0289858 0.226632 -0.724149 -0.209054 0.328748 -0.671804 0.63
5665.244644 -0.0332702 0.230512 -0.726931 -0.216203 0.335126 -0.670344 0.625768
5665.277960 -0.0392815 0.233808 -0.728378 -0.221234 0.342036 -0.67029 0.620305
5665.311277 -0.0425358 0.239231 -0.73111 -0.226302 0.349594 -0.667274 0.617509
5665.344593 -0.0466983 0.24349 -0.733792 -0.227922 0.357793 -0.666938 0.612559
5665.377909 -0.0510312 0.248958 -0.735975 -0.227191 0.365506 -0.66754 0.607602
5665.411226 -0.0548738 0.25487 -0.738461 -0.227087 0.373206 -0.66787 0.602576
5665.444542 -0.0583063 0.262111 -0.740218 -0.225171 0.382129 -0.667494 0.598103
5665.477858 -0.0622974 0.269687 -0.741053 -0.22526 0.392747 -0.6667 0.592046
5665.511175 -0.0667446 0.276538 -0.74003 -0.229237 0.400581 -0.66381 0.588508
5665.544642 -0.0702205 0.281205 -0.740313 -0.234181 0.408234 -0.660897 0.584567
5665.577957 -0.0742197 0.28617 -0.739747 -0.238574 0.415546 -0.658364 0.580483
5665.611274 -0.0791833 0.290337 -0.738287 -0.2412 0.42268 -0.656909 0.575878
5665.644590 -0.083298 0.294444 -0.737597 -0.241824 0.42933 -0.653664 0.574386
5665.677906 -0.0880928 0.298113 -0.736041 -0.242556 0.435314 -0.651505 0.572023
5665.711223 -0.0929612 0.302074 -0.733945 -0.242264 0.443483 -0.648473 0.56931
5665.744539 -0.0976051 0.305802 -0.73161 -0.24472 0.45072 -0.644458 0.567131
5665.777855 -0.102267 0.309595 -0.728587 -0.250634 0.455414 -0.641544 0.564093
5665.811172 -0.10859 0.310692 -0.724845 -0.251914 0.462236 -0.642219 0.557164
5665.844488 -0.111761 0.317663 -0.721953 -0.255475 0.468105 -0.641584 0.551344
5665.877804 -0.118363 0.319428 -0.717229 -0.256157 0.476333 -0.642072 0.543355
5665.911271 -0.124008 0.32169 -0.713346 -0.256357 0.483176 -0.641399 0.537986
5665.944587 -0.127449 0.32808 -0.710886 -0.253379 0.487925 -0.63984 0.536966
5665.977903 -0.132834 0.332284 -0.707211 -0.246315 0.497259 -0.639208 0.532425
5666.011220 -0.138864 0.337622 -0.702689 -0.245095 0.506223 -0.639255 0.524424
5666.044536 -0.142982 0.341366 -0.700427 -0.242788 0.51275 -0.636796 0.522142
5666.077852 -0.147725 0.346509 -0.69722 -0.241185 0.515578 -0.637704 0.518982
5666.111169 -0.153691 0.350494 -0.693166 -0.237051 0.520203 -0.640195 0.513173
5666.144485 -0.159149 0.355334 -0.689092 -0.231931 0.527005 -0.641662 0.506698
5666.177803 -0.165403 0.358686 -0.684641 -0.226606 0.531639 -0.64294 0.502631
5666.211118 -0.171577 0.361754 -0.679902 -0.221847 0.534553 -0.644026 0.500268
5666.244584 -0.177786 0.364207 -0.674206 -0.218777 0.538578 -0.644292 0.496949
5666.277900 -0.183545 0.366718 -0.668638 -0.217332 0.542943 -0.644097 0.49307
5666.311217 -0.189088 0.369579 -0.663207 -0.215477 0.545141 -0.644894 0.490411
5666.344533 -0.194806 0.372176 -0.657959 -0.212784 0.547652 -0.645872 0.487493
5666.377849 -0.200669 0.374677 -0.652377 -0.210444 0.550724 -0.647238 0.483218
5666.411166 -0.20612 0.377448 -0.647766 -0.208751 0.551269 -0.64938 0.480449
5666.444482 -0.211675 0.38004 -0.643531 -0.206047 0.550524 -0.651986 0.478938
5666.477798 -0.216966 0.382822 -0.639688 -0.203094 0.550357 -0.654939 0.476356
5666.511115 -0.22218 0.385768 -0.63579 -0.200106 0.55028 -0.65833 0.473024
5666.544431 -0.226807 0.389255 -0.632291 -0.194709 0.549664 -0.662965 0.469506
5666.577897 -0.231188 0.392474 -0.628592 -0.188023 0.550167 -0.666548 0.466559
5666.611214 -0.23482 0.395733 -0.625084 -0.183189 0.552189 -0.668015 0.463989
5666.644530 -0.23832 0.398419 -0.621421 -0.178139 0.554416 -0.669293 0.461451
5666.677846 -0.241282 0.40138 -0.617759 -0.171614 0.558313 -0.670289 0.457763
5666.711163 -0.244248 0.404076 -0.613694 -0.163284 0.56539 -0.670149 0.452297
5666.744479 -0.247661 0.40567 -0.60883 -0.157181 0.572858 -0.668786 0.447049
5666.777795 -0.25086 0.407409 -0.604013 -0.157161 0.578245 -0.666685 0.443243
5666.811112 -0.254039 0.409256 -0.598261 -0.160702 0.5847 -0.66528 0.43555
5666.844428 -0.257256 0.411582 -0.591168 -0.167233 0.593145 -0.664026 0.423417
5666.877744 -0.260719 0.413274 -0.584794 -0.175844 0.599598 -0.661605 0.414536
5666.911061 -0.264394 0.414593 -0.578662 -0.183006 0.605746 -0.658158 0.407932
5666.944527 -0.268202 0.415432 -0.573105 -0.187599 0.614631 -0.653725 0.399599
5666.977843 -0.272229 0.416506 -0.566921 -0.192947 0.622911 -0.64834 0.392949
5667.011160 -0.276457 0.417448 -0.56104 -0.199757 0.629775 -0.642668 0.387888
5667.044476 -0.280788 0.41901 -0.555344 -0.206814 0.635882 -0.637707 0.382377
5667.077792 -0.285551 0.420769 -0.549704 -0.212394 0.642311 -0.633217 0.375981
5667.111109 -0.290071 0.422851 -0.544474 -0.216773 0.64957 -0.628367 0.369083
5667.144425 -0.294196 0.424771 -0.539669 -0.219997 0.657588 -0.623061 0.361904
5667.177741 -0.298391 0.426551 -0.533736 -0.22312 0.666172 -0.617222 0.354217
5667.211058 -0.302299 0.428197 -0.527834 -0.227412 0.67406 -0.611708 0.346036
5667.244374 -0.30626 0.429584 -0.522502 -0.232133 0.680577 -0.607467 0.337508
5667.277840 -0.310599 0.430457 -0.516942 -0.23841 0.687101 -0.601397 0.330719
5667.311157 -0.315147 0.430895 -0.511732 -0.247593 0.692881 -0.593645 0.325882
5667.344473 -0.319913 0.431451 -0.506872 -0.255998 0.697273 -0.587764 0.320638
5667.377789 -0.324867 0.432214 -0.501979 -0.262134 0.70225 -0.583375 0.312737
5667.411106 -0.329943 0.432689 -0.49672 -0.267892 0.707306 -0.578684 0.305085
5667.444422 -0.33495 0.432881 -0.492907 -0.274173 0.710987 -0.573911 0.299922
5667.477738 -0.339812 0.432695 -0.489339 -0.280617 0.714308 -0.568959 0.295473
5667.511055 -0.344315 0.432469 -0.486055 -0.287156 0.718019 -0.563725 0.290178
5667.544371 -0.348693 0.432243 -0.482328 -0.292962 0.72129 -0.55966 0.284067
5667.577687 -0.352578 0.431862 -0.479658 -0.300533 0.725332 -0.553882 0.277106
5667.611004 -0.356571 0.431285 -0.47659 -0.309578 0.729383 -0.546724 0.270654
5667.644470 -0.360266 0.430844 -0.473492 -0.318974 0.732897 -0.53957 0.264539
5667.677786 -0.363879 0.430689 -0.46996 -0.329297 0.736059 -0.53267 0.256989
5667.711103 -0.367697 0.430538 -0.464575 -0.340935 0.738337 -0.526174 0.248521
5667.744419 -0.370558 0.431009 -0.463 -0.355053 0.740184 -0.518734 0.238704
5667.777735 -0.373229 0.431147 -0.459088 -0.368323 0.740787 -0.512774 0.229426
5667.811052 -0.375636 0.431255 -0.456128 -0.381595 0.740953 -0.507148 0.219488
5667.844368 -0.378087 0.43037 -0.452765 -0.39323 0.740975 -0.500978 0.21295
5667.877684 -0.381268 0.428441 -0.447961 -0.40213 0.741363 -0.494252 0.210683
5667.911001 -0.384353 0.426407 -0.44443 -0.40947 0.742795 -0.486343 0.209909
5667.944317 -0.384691 0.423774 -0.440999 -0.416028 0.744175 -0.478283 0.210643
5667.977783 -0.384171 0.42071 -0.436007 -0.422434 0.743765 -0.472079 0.213319
5668.011100 -0.386065 0.416941 -0.429935 -0.428414 0.743426 -0.46684 0.214101
5668.044416 -0.386765 0.414925 -0.423529 -0.433963 0.743767 -0.461577 0.213152
5668.077732 -0.38934 0.412397 -0.417154 -0.438418 0.744748 -0.455927 0.212767
5668.111049 -0.392391 0.409051 -0.410456 -0.44301 0.745568 -0.449726 0.213583
5668.144365 -0.395877 0.40531 -0.403128 -0.44937 0.745313 -0.44411 0.212937
5668.177681 -0.400087 0.402086 -0.397581 -0.458279 0.743737 -0.437898 0.212323
5668.210998 -0.404275 0.398284 -0.390907 -0.467324 0.740992 -0.433059 0.21213
5668.244314 -0.409279 0.394074 -0.384741 -0.475628 0.738315 -0.428534 0.212198
5668.277630 -0.415027 0.389313 -0.378811 -0.481766 0.736462 -0.423335 0.215203
5668.310947 -0.42115 0.384515 -0.3734 -0.484963 0.73593 -0.418279 0.219684
5668.344413 -0.426467 0.378971 -0.366959 -0.488091 0.736097 -0.411932 0.224143
5668.377729 -0.43198 0.373769 -0.361071 -0.494552 0.735052 -0.403325 0.229011
5668.411046 -0.437678 0.368785 -0.354957 -0.502613 0.731679 -0.396733 0.23373
5668.444362 -0.442721 0.364461 -0.347543 -0.508788 0.727901 -0.394918 0.235233
5668.477679 -0.447781 0.360435 -0.340069 -0.513584 0.725528 -0.393829 0.233965
5668.510995 -0.452208 0.356021 -0.332433 -0.518041 0.723126 -0.391738 0.235082
5668.544311 -0.458205 0.351304 -0.325836 -0.5234 0.719889 -0.388344 0.238749
5668.577627 -0.463334 0.346054 -0.318843 -0.529591 0.716439 -0.383686 0.242968
5668.610944 -0.467554 0.341418 -0.311812 -0.536446 0.712516 -0.378309 0.247848
5668.644260 -0.472249 0.335571 -0.304491 -0.541856 0.708825 -0.374628 0.252217
5668.677726 -0.475561 0.330017 -0.296459 -0.545862 0.705956 -0.371045 0.256877
5668.711043 -0.478811 0.325035 -0.289125 -0.549723 0.704375 -0.365293 0.261193
5668.744359 -0.482754 0.319185 -0.282638 -0.552641 0.703542 -0.35861 0.266486
5668.777675 -0.486954 0.313813 -0.276689 -0.553939 0.703523 -0.3523 0.272199
5668.810992 -0.49067 0.307594 -0.270928 -0.553378 0.704393 -0.34778 0.27686
5668.844308 -0.49335 0.302722 -0.264768 -0.55223 0.706177 -0.343656 0.279744
5668.877624 -0.495246 0.296571 -0.257345 -0.552932 0.706865 -0.340001 0.281083
5668.910941 -0.497371 0.288596 -0.249636 -0.555985 0.706208 -0.33549 0.282129
5668.944257 -0.500048 0.281909 -0.242842 -0.557973 0.706445 -0.329836 0.284272
5668.977573 -0.502528 0.278846 -0.236532 -0.559898 0.707607 -0.322552 0.285948
5669.010890 -0.505425 0.275194 -0.230389 -0.56325 0.708175 -0.31731 0.283817
5669.044357 -0.500777 0.273274 -0.219214 -0.572144 0.704221 -0.312609 0.281068
5669.077672 -0.500335 0.267856 -0.210324 -0.577436 0.702946 -0.307542 0.279019
5669.110989 -0.501296 0.263252 -0.202574 -0.58251 0.70252 -0.299968 0.277788
5669.144305 -0.502486 0.260228 -0.195177 -0.586765 0.703006 -0.290366 0.277807
5669.177622 -0.501858 0.253942 -0.18516 -0.591267 0.703245 -0.281385 0.276899
5669.210938 -0.503334 0.250708 -0.177705 -0.592485 0.706565 -0.270699 0.276495
5669.244254 -0.502681 0.244541 -0.167956 -0.595765 0.708332 -0.260675 0.274551
5669.277570 -0.503241 0.239699 -0.159636 -0.596825 0.711902 -0.249694 0.273218
5669.310887 -0.500807 0.23539 -0.149001 -0.598161 0.715182 -0.239594 0.270762
5669.344203 -0.498332 0.230883 -0.138151 -0.60019 0.718214 -0.230711 0.265919
5669.377669 -0.494145 0.219309 -0.12294 -0.602182 0.720039 -0.224766 0.261534
5669.410986 -0.491577 0.195142 -0.104716 -0.596687 0.72733 -0.217311 0.260253
5669.444302 -0.479782 0.192229 -0.0855295 -0.592662 0.732629 -0.202104 0.266759
5669.477618 -0.465515 0.186163 -0.0631604 -0.589466 0.738639 -0.186079 0.268917
5669.510935 -0.468385 0.184787 -0.0648449 -0.593438 0.740957 -0.175031 0.261111
5669.544251 -0.455304 0.183405 -0.0488309 -0.598122 0.741042 -0.163424 0.257681
5669.577567 -0.436345 0.175724 -0.0265791 -0.601058 0.743757 -0.149349 0.251496
5669.610884 -0.410067 0.156901 0.00813824 -0.643637 0.71534 -0.159165 0.220651
5669.644200 -0.403261 0.156383 0.011148 -0.649681 0.714464 -0.1499 0.212101
5669.677516 -0.410433 0.152638 0.00530562 -0.652153 0.71918 -0.135961 0.197464
5669.710833 -0.415636 0.150553 -0.00146888 -0.658614 0.71945 -0.123691 0.182537
5669.744299 -0.423881 0.14742 -0.00994812 -0.664074 0.720825 -0.107779 0.166734
5669.777615 -0.436334 0.139215 -0.0192633 -0.668213 0.723269 -0.0919155 0.148072
5669.810932 -0.455568 0.127224 -0.0286512 -0.668942 0.728995 -0.0735297 0.125204
5669.844248 -0.460503 0.128271 -0.0314026 -0.671178 0.731197 -0.0580833 0.107223
5669.877566 -0.465143 0.113175 -0.0359311 -0.675241 0.730898 -0.044146 0.0888171
5669.910881 -0.463621 0.113373 -0.036312 -0.681457 0.727377 -0.030279 0.074978
5669.944197 -0.462293 0.116819 -0.0329794 -0.688194 0.722437 -0.0132198 0.06556
5669.977513 -0.461174 0.121002 -0.0292657 -0.693569 0.718178 0.00250015 0.0563541
5670.010830 -0.483849 0.09288 -0.0166641 -0.709198 0.702155 0.0272236 0.0572256
5670.044146 -0.492173 -0.0339831 -0.0293688 -0.714189 0.697123 0.0413176 0.0474023
5670.077612 -0.500468 -0.169425 -0.0476385 -0.715262 0.695948 0.054217 0.0334203
5670.110929 -0.488928 -0.164789 -0.0470134 -0.716517 0.694675 0.0601957 0.0201897
5670.144245 -0.474492 -0.16032 -0.0466829 -0.71833 0.692616 0.0649603 0.00805155
5670.177561 -0.462892 -0.156172 -0.0463893 0.720077 -0.690282 -0.0706372 0.00324772
5670.210878 -0.449478 -0.152874 -0.0469734 0.720677 -0.689161 -0.0739514 0.0146057
5670.244194 -0.438791 -0.148569 -0.0469802 0.722241 -0.686746 -0.0781071 0.025423
5670.277510 -0.430884 -0.143086 -0.0455122 0.723951 -0.684037 -0.0827097 0.0338754
5670.310827 -0.424646 -0.137944 -0.0430243 0.726364 -0.680859 -0.0847592 0.040516
5670.344143 -0.417821 -0.13346 -0.0416638 0.728464 -0.677578 -0.0859806 0.0532583
5670.377459 -0.412491 -0.129737 -0.0407597 0.728529 -0.67517 -0.091659 0.0706397
5670.410926 -0.408494 -0.125016 -0.0396674 0.729134 -0.671131 -0.101912 0.086957
5670.444242 -0.403693 -0.11992 -0.0392626 0.731028 -0.665048 -0.115296 0.10008
5670.477558 -0.397917 -0.113753 -0.0398501 0.733449 -0.657503 -0.131411 0.111687
5670.510875 -0.393782 -0.110043 -0.0388317 0.735489 -0.650286 -0.14701 0.120715
5670.544191 -0.387211 -0.104134 -0.0380171 0.740599 -0.64051 -0.157437 0.128351
5670.577507 -0.381232 -0.102337 -0.0372349 0.743642 -0.632867 -0.164278 0.139601
5670.610824 -0.378878 -0.100951 -0.0339864 0.742123 -0.630408 -0.172301 0.148837
5670.644140 -0.369044 -0.0939931 -0.0346051 0.741007 -0.627972 -0.177931 0.157796
5670.677456 -0.367269 -0.0942437 -0.0313106 0.739317 -0.625303 -0.183233 0.169802
5670.710773 -0.363188 -0.0932529 -0.0289443 0.737585 -0.622987 -0.189245 0.179001
5670.744089 -0.352069 -0.0843485 -0.0302424 0.737392 -0.619203 -0.195256 0.186322
5670.777555 -0.351619 -0.0893586 -0.0253581 0.737416 -0.614971 -0.200523 0.194471
5670.810872 -0.340451 -0.0788433 -0.0282573 0.738171 -0.610469 -0.207439 0.198496
5670.844188 -0.338488 -0.0769609 -0.0269242 0.737756 -0.604028 -0.218643 0.207511
5670.877504 -0.328952 -0.0655223 -0.0304952 0.737163 -0.597433 -0.234789 0.211041
5670.910821 -0.326297 -0.0633976 -0.0298041 0.738421 -0.587426 -0.248772 0.218579
5670.944137 -0.32342 -0.0583781 -0.030033 0.738487 -0.578203 -0.261745 0.227613
5670.977453 -0.320153 -0.0546381 -0.0299224 0.735395 -0.572096 -0.273892 0.238503
5671.010770 -0.316038 -0.0509075 -0.031494 0.730433 -0.568188 -0.285009 0.2498
5671.044086 -0.310858 -0.0485706 -0.0344053 0.723906 -0.5646 -0.296763 0.262905
5671.077402 -0.310165 -0.0457835 -0.0328075 0.717442 -0.558586 -0.310267 0.277476
5671.110869 -0.303897 -0.0374068 -0.0342382 0.712832 -0.550068 -0.325848 0.288302
5671.144185 -0.306123 -0.0354625 -0.0290819 0.708633 -0.539952 -0.340973 0.300048
5671.177501 -0.306218 -0.0310409 -0.0247902 0.703387 -0.529506 -0.354881 0.314531
5671.210818 -0.304018 -0.0256573 -0.0215824 0.697376 -0.517842 -0.36921 0.330441
5671.244134 -0.300707 -0.0204097 -0.0198361 0.689901 -0.508138 -0.382003 0.346276
5671.277450 -0.297685 -0.014976 -0.0182986 0.680554 -0.500799 -0.393761 0.361938
5671.310767 -0.296498 -0.0113999 -0.016703 0.671591 -0.491519 -0.405307 0.378286
5671.344083 -0.287877 -0.00568804 -0.0254081 0.664053 -0.483746 -0.415585 0.390273
5671.377399 -0.290072 -0.00486949 -0.0203438 0.654517 -0.471777 -0.424839 0.410544
5671.410716 -0.291853 -0.00634963 -0.0149243 0.648505 -0.454583 -0.432776 0.430698
5671.444032 -0.292621 -0.00475901 -0.0106263 0.64346 -0.43852 -0.441599 0.445701
5671.477498 -0.292878 -0.00663134 -0.00499506 0.639061 -0.422712 -0.44915 0.459542
5671.510815 -0.289331 -0.000824429 -0.00580329 0.634324 -0.410957 -0.45393 0.471905
5671.544131 -0.291717 -0.00413084 0.0034362 0.63009 -0.395313 -0.457105 0.487616
5671.577447 -0.293589 -0.00264539 0.00892507 0.62548 -0.382124 -0.461012 0.500223
5671.610764 -0.293364 -0.00159566 0.0130939 0.621167 -0.367151 -0.465549 0.512461
5671.644081 -0.295044 0.000993572 0.0177509 0.61776 -0.353469 -0.471557 0.52064
5671.677396 -0.296362 0.00201739 0.0219102 0.613356 -0.342897 -0.475046 0.529667
5671.710713 -0.296825 0.00349062 0.0253705 0.607792 -0.333599 -0.476715 0.54041
5671.744029 -0.297802 0.00380419 0.0292409 0.600073 -0.322729 -0.479641 0.552904
5671.777345 -0.301193 0.00531608 0.0289562 0.594653 -0.307904 -0.486258 0.56137
5671.810812 -0.303581 0.00590195 0.030729 0.590428 -0.291573 -0.496888 0.565227
5671.844128 -0.305109 0.00611187 0.0349344 0.586427 -0.276571 -0.504829 0.569877
5671.877444 -0.308537 0.0067496 0.0381019 0.583536 -0.263017 -0.510216 0.574445
5671.910761 -0.308896 0.00551193 0.0413766 0.577947 -0.253825 -0.515206 0.579753
5671.944077 -0.309913 0.00433568 0.0445532 0.572112 -0.245902 -0.519556 0.585049
5671.977393 -0.31034 0.00335069 0.0470628 0.567318 -0.237407 -0.522748 0.590358
5672.010710 -0.310642 0.00204794 0.0489691 0.563496 -0.229445 -0.524584 0.595516
5672.044026 -0.310332 0.00105428 0.0512663 0.56105 -0.219733 -0.525172 0.600944
5672.077342 -0.310873 0.00033848 0.0526818 0.558547 -0.209411 -0.525498 0.606649
5672.110659 -0.313228 0.00103213 0.053319 0.55734 -0.196509 -0.527874 0.610004
5672.143975 -0.315495 0.00167292 0.0542262 0.556342 -0.182578 -0.531644 0.611966
5672.177441 -0.317702 0.00223027 0.0552016 0.55408 -0.171659 -0.534899 0.614339
5672.210758 -0.319477 0.00242452 0.0563193 0.550594 -0.163567 -0.536104 0.618615
5672.244074 -0.320344 0.00220834 0.0575361 0.547691 -0.157553 -0.536281 0.622586
5672.277390 -0.320372 0.00178537 0.0586716 0.547085 -0.150407 -0.536357 0.624817
5672.310707 -0.320491 0.000776013 0.0601397 0.545068 -0.14394 -0.537839 0.626827
5672.344023 -0.320402 -0.000719791 0.0619325 0.540451 -0.139376 -0.541799 0.628443
5672.377339 -0.319855 -0.00275754 0.0635482 0.536344 -0.133705 -0.546652 0.62899
5672.410656 -0.319484 -0.00461211 0.0655201 0.531917 -0.126604 -0.553062 0.628617
5672.443972 -0.31804 -0.00659474 0.0677825 0.527753 -0.11865 -0.559408 0.628062
5672.477288 -0.315778 -0.00815766 0.0700521 0.52635 -0.109775 -0.563434 0.627253
5672.510755 -0.312816 -0.00947833 0.0724642 0.526459 -0.0999351 -0.565227 0.627194
5672.544071 -0.309621 -0.0105952 0.074706 0.527288 -0.087871 -0.567436 0.626308
5672.577387 -0.306563 -0.0112707 0.077081 0.527922 -0.07637 -0.569922 0.625024
5672.610704 -0.303442 -0.0120298 0.0798295 0.529167 -0.0651951 -0.57121 0.62406
5672.644020 -0.300196 -0.0129549 0.0824414 0.529879 -0.0559893 -0.571347 0.624224
5672.677336 -0.296397 -0.0145902 0.0862183 0.528084 -0.0462638 -0.572892 0.625125
5672.710653 -0.291888 -0.0165345 0.0904707 0.527295 -0.0375695 -0.573495 0.625821
5672.743969 -0.286161 -0.0192703 0.0953022 0.527189 -0.0287072 -0.572754 0.627057
5672.777285 -0.280078 -0.0216958 0.100408 0.52764 -0.0227353 -0.571826 0.62777
5672.810602 -0.274616 -0.0235021 0.104814 0.530891 -0.0212685 -0.57016 0.626594
5672.843918 -0.267781 -0.0256444 0.109868 0.535662 -0.0192422 -0.566446 0.625967
5672.877384 -0.260201 -0.0281314 0.11506 0.541144 -0.0162719 -0.561725 0.625591
5672.910701 -0.252805 -0.030324 0.120509 0.546428 -0.0134365 -0.558425 0.624017
5672.944017 -0.245941 -0.0320185 0.125732 0.551718 -0.0108209 -0.556218 0.621379
5672.977333 -0.238869 -0.0340719 0.130847 0.555515 -0.00724013 -0.556713 0.617592
5673.010650 -0.231509 -0.0356498 0.136014 0.560268 -0.00652316 -0.555819 0.614104
5673.043966 -0.224136 -0.0371571 0.140555 0.564956 -0.00826178 -0.554104 0.61133
5673.077282 -0.217456 -0.038277 0.144748 0.568012 -0.00813508 -0.55604 0.606725
5673.110599 -0.210771 -0.0393494 0.148518 0.570994 -0.00916689 -0.557519 0.60254
5673.143915 -0.203673 -0.0401953 0.152271 0.574302 -0.00960265 -0.558872 0.598119
5673.177231 -0.197005 -0.0406972 0.155925 0.578617 -0.0107685 -0.55988 0.592977
5673.210698 -0.189523 -0.0413665 0.159486 0.581053 -0.0124235 -0.562899 0.58768
5673.244014 -0.182899 -0.0419029 0.162355 0.58282 -0.0159714 -0.566926 0.581945
5673.277330 -0.175974 -0.0422679 0.165141 0.582743 -0.0189313 -0.571788 0.577158
5673.310647 -0.168974 -0.0427789 0.167828 0.581186 -0.0215638 -0.575043 0.575399
5673.343963 -0.162537 -0.0426801 0.170172 0.579653 -0.0228242 -0.578379 0.573549
5673.377281 -0.155431 -0.0426662 0.172992 0.576396 -0.0240507 -0.583124 0.571976
5673.410596 -0.147899 -0.0428043 0.175421 0.573536 -0.0285384 -0.586012 0.571692
5673.443912 -0.140059 -0.0426683 0.177611 0.57177 -0.0349143 -0.586424 0.572685
5673.477228 -0.131505 -0.042309 0.179686 0.570572 -0.0396149 -0.586455 0.57354
5673.510545 -0.12271 -0.0416486 0.180072 0.56979 -0.042734 -0.586166 0.574389
5673.544011 -0.113697 -0.0413441 0.182485 0.56832 -0.0457275 -0.5862 0.575579
5673.577327 -0.105327 -0.0408451 0.184066 0.566419 -0.0470612 -0.589218 0.574262
5673.610644 -0.0904408 -0.0419434 0.191862 0.564415 -0.0485221 -0.594685 0.570465
5673.643960 -0.0851286 -0.0406845 0.190369 0.565603 -0.0549997 -0.593685 0.569743
5673.677277 -0.067685 -0.0443035 0.200964 0.565316 -0.0600984 -0.59052 0.572793
5673.710593 -0.0664503 -0.0419779 0.193965 0.568325 -0.0708357 -0.585599 0.57364
5673.743909 -0.0529101 -0.0447141 0.200067 0.570607 -0.0765639 -0.581326 0.574983
5673.777225 -0.0463566 -0.0446048 0.199397 0.57427 -0.0815537 -0.576629 0.575379
5673.810542 -0.0367937 -0.0464064 0.203053 0.57561 -0.0836004 -0.575043 0.575335
5673.843858 -0.0278685 -0.0478901 0.205364 0.57614 -0.0843295 -0.574206 0.575534
5673.877174 -0.018011 -0.0500761 0.209781 0.574606 -0.0824447 -0.575494 0.576053
5673.910641 -0.00839882 -0.0520601 0.213245 0.573612 -0.0814749 -0.577484 0.57519
5673.943957 0.000899149 -0.0532964 0.215657 0.574484 -0.0826762 -0.576889 0.574745
5673.977273 0.0100612 -0.0550869 0.218355 0.573715 -0.0852175 -0.574844 0.577186
5674.010590 0.0177499 -0.0560238 0.219152 0.571612 -0.0894153 -0.573618 0.57985
5674.043906 0.0260342 -0.0569324 0.221037 0.568933 -0.0923992 -0.573615 0.582017
5674.077222 0.0340729 -0.0573094 0.22169 0.568553 -0.0949661 -0.57129 0.584257
5674.110539 0.0421069 -0.0571812 0.221881 0.570482 -0.0964595 -0.566883 0.586421
5674.143857 0.0488263 -0.0569579 0.220464 0.571282 -0.0982508 -0.563684 0.588425
5674.177171 0.0552697 -0.0567982 0.218493 0.568363 -0.100997 -0.56504 0.589485
5674.210488 0.0616793 -0.0571976 0.217334 0.564302 -0.101924 -0.568811 0.589601
5674.243954 0.067924 -0.0571277 0.215219 0.562528 -0.101639 -0.571022 0.589208
5674.277270 0.0732587 -0.0569313 0.211781 0.560701 -0.103287 -0.572303 0.58942
5674.310587 0.0789079 -0.0570694 0.209539 0.55816 -0.105005 -0.573796 0.590075
5674.343903 0.0840221 -0.0574365 0.206273 0.556394 -0.106609 -0.574664 0.590612
5674.377219 0.088049 -0.0573101 0.201435 0.554557 -0.108643 -0.57552 0.591135
5674.410536 0.0925277 -0.0574433 0.197479 0.551234 -0.108717 -0.577517 0.59228
5674.443852 0.0967355 -0.0574192 0.192884 0.547453 -0.10674 -0.580404 0.593323
5674.477168 0.100547 -0.0569552 0.187648 0.543987 -0.103815 -0.584808 0.592707
5674.510485 0.105074 -0.0564277 0.182542 0.540903 -0.101749 -0.590514 0.590223
5674.543801 0.109372 -0.0557655 0.177285 0.54029 -0.10139 -0.594022 0.587319
5674.577117 0.114639 -0.0552462 0.172063 0.540383 -0.101349 -0.596046 0.585186
5674.610584 0.119733 -0.0550177 0.16565 0.539367 -0.104224 -0.597834 0.583794
5674.643900 0.123929 -0.0547874 0.159342 0.53674 -0.108208 -0.600328 0.58293
5674.677217 0.130269 -0.0550028 0.153454 0.535103 -0.112752 -0.603353 0.580446
5674.710533 0.136326 -0.0550456 0.147403 0.535971 -0.117538 -0.605465 0.576483
5674.743849 0.1429 -0.055117 0.140649 0.537407 -0.121577 -0.605782 0.573969
5674.777165 0.150112 -0.0559401 0.134784 0.536897 -0.124728 -0.606585 0.572922
5674.810482 0.156589 -0.056127 0.127529 0.535175 -0.128264 -0.610096 0.570018
5674.843798 0.163969 -0.0568183 0.120211 0.533803 -0.131665 -0.615498 0.564696
5674.877114 0.171355 -0.0575614 0.112922 0.532198 -0.136727 -0.621285 0.558638
5674.910431 0.178854 -0.0587239 0.105645 0.528936 -0.145285 -0.627066 0.553089
5674.943897 0.186999 -0.0597861 0.0984161 0.525547 -0.155326 -0.631173 0.548903
5674.977213 0.194336 -0.060298 0.0906368 0.523926 -0.167086 -0.630968 0.547232
5675.010530 0.200233 -0.0595198 0.0800935 0.523266 -0.183438 -0.627407 0.54672
5675.043846 0.203558 -0.0555818 0.0675406 0.52366 -0.203351 -0.62308 0.544242
5675.077162 0.196214 -0.0479801 0.041533 0.530903 -0.226459 -0.614595 0.53771
5675.110479 0.192979 -0.0379386 0.0255927 0.533559 -0.246955 -0.608991 0.532408
5675.143795 0.198268 -0.0312352 0.0223303 0.533374 -0.260065 -0.60586 0.529917
5675.177111 0.205009 -0.0258362 0.0155195 0.536368 -0.271328 -0.601283 0.526451
5675.210428 0.211981 -0.0209478 0.0145524 0.539164 -0.281466 -0.596409 0.523809
5675.243744 0.220573 -0.0177666 0.0149133 0.542733 -0.290822 -0.589707 0.522599
5675.277063 0.228499 -0.0104457 0.0194799 0.54188 -0.302436 -0.585289 0.521857
5675.310527 0.236679 -0.00377396 0.024059 0.538292 -0.31347 -0.584482 0.519961
5675.343843 0.245266 0.00172316 0.0265594 0.536255 -0.323045 -0.585976 0.514495
5675.377159 0.25355 0.0026506 0.0283135 0.53647 -0.329717 -0.586845 0.509018
5675.410476 0.260983 0.0080913 0.0270002 0.538254 -0.336854 -0.587919 0.501162
5675.443792 0.268677 0.00844496 0.0276318 0.54026 -0.343407 -0.587236 0.495324
5675.477108 0.276126 0.00794154 0.026382 0.542107 -0.349766 -0.584693 0.491852
5675.510425 0.283216 0.00773778 0.0255181 0.543272 -0.354881 -0.582494 0.489507
5675.543741 0.290788 0.0079185 0.0244707 0.54488 -0.359043 -0.580721 0.486783
5675.577057 0.298655 0.00769154 0.0229113 0.548252 -0.362374 -0.578764 0.482843
5675.610374 0.307468 0.00668668 0.0235678 0.550754 -0.366755 -0.576874 0.478933
5675.643840 0.316932 0.00618839 0.0236444 0.552578 -0.374045 -0.573403 0.475349
5675.677156 0.327394 0.00489402 0.0231964 0.556415 -0.381818 -0.56676 0.472653
5675.710473 0.338078 0.00220331 0.0217629 0.56033 -0.391622 -0.557921 0.470518
5675.743789 0.349103 0.000674914 0.0212876 0.561071 -0.40408 -0.549242 0.469309
5675.777105 0.359552 -0.00182208 0.0212922 0.562618 -0.414671 -0.540968 0.467827
5675.810422 0.370358 -0.00458867 0.0207169 0.570073 -0.420786 -0.532797 0.462691
5675.843738 0.380821 -0.00920484 0.0222652 0.580058 -0.426229 -0.522942 0.456502
5675.877054 0.390582 -0.0132772 0.024579 0.584423 -0.435405 -0.513388 0.453106
5675.910371 0.400548 -0.0189198 0.0262792 0.587657 -0.446536 -0.502623 0.450151
5675.943687 0.409982 -0.0244295 0.0275093 0.585664 -0.461215 -0.493636 0.447887
5675.977003 0.418615 -0.0312925 0.0284765 0.581821 -0.47528 -0.488753 0.443524
5676.010470 0.428296 -0.0342499 0.0283246 0.580961 -0.488474 -0.484427 0.43498
5676.043785 0.436844 -0.0362638 0.0301255 0.580117 -0.500994 -0.481074 0.425484
5676.077100 0.444617 -0.0389648 0.0307745 0.57994 -0.511983 -0.47723 0.416886
5676.110415 0.451587 -0.0428929 0.0316564 0.58303 -0.521003 -0.470699 0.408748
5676.143730 0.45813 -0.0474536 0.0329213 0.588505 -0.528514 -0.461826 0.401312
5676.177045 0.464583 -0.0509469 0.0339842 0.593606 -0.536569 -0.451175 0.39518
5676.210360 0.470561 -0.0557676 0.0347237 0.598927 -0.544044 -0.440127 0.389346
5676.243675 0.476679 -0.0590962 0.0354578 0.604572 -0.550973 -0.429028 0.383217
5676.276990 0.483119 -0.0628599 0.0361169 0.609883 -0.558978 -0.417426 0.375955
5676.310305 0.489208 -0.0653709 0.0370394 0.614748 -0.567932 -0.406898 0.366024
5676.343770 0.494452 -0.0676397 0.0382642 0.617925 -0.576676 -0.398775 0.355797
5676.377085 0.499749 -0.068879 0.0386841 0.622088 -0.58345 -0.390251 0.346839
5676.410400 0.50463 -0.0696025 0.0391356 0.625488 -0.591125 -0.381206 0.337665
5676.443715 0.508678 -0.0696959 0.0401454 0.629166 -0.599669 -0.371796 0.326058
5676.477030 0.512882 -0.0700967 0.0405314 0.633472 -0.607842 -0.361429 0.314022
5676.510345 0.516862 -0.0703407 0.0406613 0.637876 -0.615827 -0.348499 0.304007
5676.543660 0.520502 -0.0700527 0.0397928 0.640804 -0.623387 -0.335405 0.29709
5676.576975 0.524149 -0.068932 0.0382689 0.643134 -0.629179 -0.322535 0.294082
5676.610290 0.527613 -0.0685153 0.0362276 0.646781 -0.63392 -0.307795 0.291689
5676.643605 0.530478 -0.069207 0.0347704 0.650933 -0.640515 -0.288737 0.287504
5676.677070 0.532705 -0.0710711 0.0338889 0.653896 -0.64757 -0.26898 0.284117
5676.710385 0.534191 -0.0726426 0.0322797 0.651914 -0.656539 -0.252681 0.283049
5676.743700 0.534919 -0.0738558 0.0306787 0.650512 -0.664137 -0.241045 0.278663
5676.777015 0.535564 -0.0751973 0.0287575 0.650699 -0.672269 -0.236581 0.262058
5676.810330 0.535584 -0.0765324 0.0266412 0.652983 -0.678191 -0.235001 0.241754
5676.843646 0.535071 -0.077546 0.0245781 0.658287 -0.680537 -0.229854 0.225156
5676.876961 0.53401 -0.077032 0.0228919 0.662756 -0.682344 -0.222749 0.213409
5676.910276 0.532702 -0.0761719 0.0215356 0.666145 -0.683912 -0.212987 0.20773
5676.943591 0.53215 -0.0746326 0.0199129 0.669458 -0.683888 -0.204318 0.205854
5676.976906 0.531105 -0.0733603 0.0192813 0.672702 -0.68401 -0.196994 0.201978
5677.010221 0.531975 -0.0730741 0.0179821 0.673081 -0.687739 -0.18891 0.195679
5677.043687 0.532298 -0.0722251 0.0171304 0.669121 -0.694048 -0.182 0.19352
5677.077003 0.533115 -0.0701751 0.0163461 0.664332 -0.69947 -0.175665 0.196333
5677.110320 0.535234 -0.0682191 0.0151997 0.661583 -0.702251 -0.170736 0.200001
5677.143636 0.537559 -0.0665959 0.014613 0.663046 -0.701778 -0.169269 0.198051
5677.176952 0.541486 -0.0646347 0.0136857 0.668422 -0.698471 -0.169202 0.191629
5677.210269 0.545538 -0.0628309 0.013349 0.673761 -0.695198 -0.170065 0.18391
5677.243585 0.549698 -0.0614372 0.0132727 0.677546 -0.693106 -0.171422 0.17649
5677.276901 0.554059 -0.0605291 0.0131993 0.678674 -0.693447 -0.17184 0.170305
5677.310218 0.558713 -0.0585454 0.0130121 0.678569 -0.693995 -0.173566 0.166701
5677.343534 0.563866 -0.0569163 0.0130649 0.679813 -0.693355 -0.173495 0.164357
5677.377000 0.568778 -0.055823 0.0138634 0.680814 -0.693964 -0.171003 0.160201
5677.410317 0.574304 -0.0543153 0.0147524 0.68231 -0.694493 -0.164849 0.157978
5677.443633 0.580375 -0.0528091 0.0151426 0.680193 -0.697875 -0.155782 0.16137
5677.476949 0.587223 -0.0518534 0.0140591 0.675574 -0.70103 -0.155568 0.167197
5677.510266 0.591981 -0.0500816 0.0136959 0.674685 -0.699526 -0.165241 0.167806
5677.543582 0.596837 -0.0482304 0.0133178 0.679374 -0.695168 -0.17231 0.159689
5677.576898 0.601283 -0.046193 0.0128511 0.68506 -0.691164 -0.170695 0.154428
5677.610215 0.606315 -0.0435964 0.0112412 0.687192 -0.689853 -0.161149 0.160939
5677.643531 0.610627 -0.0414367 0.00943763 0.688591 -0.689117 -0.149585 0.16907
5677.676847 0.614287 -0.0390402 0.00775459 0.692243 -0.686318 -0.142312 0.171801
5677.710164 0.618085 -0.0371871 0.00580835 0.697474 -0.681064 -0.139003 0.174242
5677.743630 0.6224 -0.0357033 0.00385748 0.701834 -0.676217 -0.137881 0.17649
5677.776946 0.625344 -0.0340858 0.00298913 0.706844 -0.672158 -0.134371 0.1747
5677.810263 0.630299 -0.0333906 0.00118333 0.713208 -0.668452 -0.124832 0.170067
5677.843579 0.633127 -0.0327537 1.79559e-05 0.713965 -0.670388 -0.114053 0.16681
5677.876895 0.636753 -0.0318368 -0.00241391 0.713299 -0.672453 -0.102794 0.168655
5677.910212 0.640599 -0.0307508 -0.00590457 0.714834 -0.671819 -0.0957073 0.168855
5677.943528 0.64342 -0.0301063 -0.00913757 0.716006 -0.672329 -0.0937716 0.162837
5677.976844 0.645606 -0.0300354 -0.0124402 0.715058 -0.674739 -0.0897148 0.159282
5678.010161 0.648564 -0.0289016 -0.0159837 0.712921 -0.677666 -0.0790117 0.16208
5678.043477 0.650672 -0.0288474 -0.0187459 0.711063 -0.679948 -0.0668571 0.166103
5678.076943 0.652486 -0.0285043 -0.021344 0.710427 -0.682399 -0.0561218 0.162715
5678.110260 0.65454 -0.0260858 -0.0241677 0.711982 -0.683101 -0.0459958 0.156013
5678.143576 0.657673 -0.0249779 -0.0266701 0.716169 -0.680235 -0.0354519 0.152073
5678.176892 0.659239 -0.0256956 -0.028006 0.718743 -0.678564 -0.0263177 0.149218
5678.210209 0.661992 -0.0254253 -0.0299392 0.718416 -0.680438 -0.0185026 0.143321
5678.243525 0.663249 -0.0257646 -0.0309594 0.716935 -0.68319 -0.012498 0.138202
5678.276841 0.665505 -0.0236568 -0.0330491 0.71502 -0.686683 -0.0103177 0.13079
5678.310158 0.66699 -0.0238871 -0.034532 0.711058 -0.69131 -0.00735622 0.128187
5678.343474 0.670379 -0.0222067 -0.0369362 0.709199 -0.693663 -0.00485579 0.125881
5678.376790 0.672673 -0.0215851 -0.0388502 0.708911 -0.694982 -0.00591914 0.12004
5678.410107 0.674567 -0.0211213 -0.0404079 0.708748 -0.695978 -0.00606384 0.115126
5678.443573 0.676659 -0.0209202 -0.0414988 0.708547 -0.696411 -0.00216438 0.113879
5678.476889 0.678239 -0.0212177 -0.0422292 0.70697 -0.69849 -0.000467704 0.110924
5678.510206 0.680666 -0.0207508 -0.0434228 0.705758 -0.700408 -2.56637e-05 0.106464
5678.543522 0.681969 -0.0212363 -0.0437706 0.705093 -0.701154 0.00224364 0.105932
5678.576838 0.684041 -0.0221819 -0.0443708 0.705212 -0.701046 0.00344315 0.105824
5678.610155 0.686026 -0.0223281 -0.0446867 0.706826 -0.699446 0.004097 0.105619
5678.643471 0.68785 -0.0212103 -0.045295 0.7098 -0.696541 0.00310082 0.1049
5678.676787 0.688945 -0.0196261 -0.04586 0.711207 -0.6956 -0.000135878 0.101612
5678.710104 0.690312 -0.0219716 -0.0458169 0.710862 -0.696121 -0.00124412 0.100447
5678.743420 0.691493 -0.0205737 -0.0463823 0.709556 -0.697875 -0.00303136 0.0974215
5678.776886 0.692271 -0.0208994 -0.0463909 0.707392 -0.700332 -0.00318363 0.0955039
5678.810203 0.6927 -0.0211092 -0.0462952 0.705399 -0.702674 -0.00329936 0.093006
5678.843519 0.693402 -0.0223859 -0.0463822 0.704485 -0.703593 -0.00407268 0.092957
5678.876835 0.693535 -0.0225879 -0.0461988 0.705018 -0.702886 -0.00480296 0.0942278
5678.910152 0.693696 -0.020811 -0.0459789 0.707147 -0.700821 -0.00410876 0.0936803
5678.943468 0.694051 -0.017855 -0.0458554 0.710395 -0.69781 -0.00345466 0.0915881
5678.976784 0.693928 -0.0162597 -0.0450633 0.714862 -0.693516 -0.000461895 0.0894819
5679.010101 0.693698 -0.0147487 -0.044213 0.717649 -0.69074 0.00521258 0.0884938
5679.043417 0.693324 -0.0136841 -0.0433854 0.719065 -0.689269 0.0106632 0.0879807
5679.076733 0.694019 -0.0126149 -0.0433845 0.719121 -0.689381 0.0148585 0.0860069
5679.110050 0.693489 -0.0124399 -0.0430605 0.716406 -0.692235 0.0176289 0.0852212
5679.143516 0.693528 -0.0121551 -0.0433276 0.713696 -0.695064 0.0175464 0.0849537
5679.176832 0.693151 -0.0127617 -0.0432798 0.713195 -0.695565 0.0178599 0.0849917
5679.210149 0.693001 -0.012781 -0.0433469 0.713563 -0.695188 0.0186125 0.0848306
5679.243465 0.692869 -0.0127425 -0.043611 0.712832 -0.69604 0.0180548 0.0841071
5679.276782 0.692018 -0.0131466 -0.0436346 0.711848 -0.69735 0.0180299 0.0815551
5679.310098 0.691067 -0.012997 -0.0438945 0.710029 -0.699373 0.019321 0.0797641
5679.343414 0.690407 -0.0130222 -0.044176 0.708327 -0.70097 0.0213935 0.0803438
5679.376730 0.689614 -0.0130008 -0.0443117 0.708134 -0.70088 0.0234669 0.0822357
5679.410047 0.689452 -0.0119995 -0.044671 0.70899 -0.699923 0.0239275 0.0828711
5679.443363 0.688676 -0.0112344 -0.0447316 0.709831 -0.698976 0.0251369 0.0833087
5679.476829 0.687807 -0.0115177 -0.0444231 0.709828 -0.698873 0.0286494 0.0830663
5679.510146 0.687073 -0.0117496 -0.0444985 0.707589 -0.701171 0.0328186 0.0812429
5679.543462 0.686172 -0.013008 -0.044427 0.703476 -0.705212 0.037536 0.0799305
5679.576778 0.685262 -0.0138048 -0.0447694 0.699857 -0.708792 0.0396414 0.0790124
5679.610095 0.684331 -0.0134145 -0.0453141 0.699197 -0.709714 0.0396309 0.0765407
5679.643411 0.683357 -0.0132617 -0.04585 0.701171 -0.707915 0.0405391 0.074643
5679.676727 0.682272 -0.01304 -0.0462708 0.704094 -0.705034 0.0421605 0.0734943
5679.710044 0.680554 -0.0131215 -0.0466037 0.705954 -0.703235 0.0438301 0.0718903
5679.743360 0.678866 -0.0129238 -0.0471017 0.706302 -0.702956 0.0456735 0.0700314
5679.776676 0.676893 -0.0128157 -0.0473591 0.705306 -0.70385 0.0486121 0.0691051
5679.810143 0.675268 -0.0122445 -0.0475024 0.704103 -0.704752 0.0528893 0.0690327
5679.843459 0.674001 -0.0114806 -0.0477321 0.70279 -0.70583 0.0567698 0.0683206
