5726.023923 0 0 0 0.707789 -0.706423 0.00119798 0.000383942
5726.057239 -0.00121133 -0.00163991 0.0013718 -0.707533 0.706642 -0.00665898 0.00321833
5726.090705 -0.00221621 -0.00423627 0.00336817 -0.706402 0.707657 -0.0128611 0.00727857
5726.124022 -0.00204577 -0.00732586 0.00526929 -0.705819 0.708051 -0.0188924 0.0112522
5726.157338 -0.00282504 -0.0108314 0.00745056 -0.705855 0.707751 -0.0242483 0.0164345
5726.190654 -0.00281576 -0.0151676 0.0100784 -0.706429 0.706788 -0.0291371 0.0236494
5726.223971 -0.00258808 -0.0206353 0.0125435 -0.708634 0.704109 -0.0327826 0.0315211
5726.257287 -0.00195726 -0.0261489 0.0155642 -0.711246 0.700899 -0.0356529 0.0399826
5726.290603 -0.0009207 -0.0332685 0.0183223 -0.711728 0.699821 -0.0370095 0.0482038
5726.323920 0.000394403 -0.0403156 0.0207057 -0.7121 0.698948 -0.03592 0.0556355
5726.357236 0.0027151 -0.0472873 0.0232937 -0.715973 0.694476 -0.0358685 0.0616374
5726.390552 0.00558349 -0.0539702 0.0259199 -0.720973 0.688742 -0.0355886 0.0675652
5726.424019 0.00836965 -0.0600851 0.0284204 -0.724391 0.68472 -0.0343694 0.0723583
5726.457335 0.0123127 -0.068132 0.0300828 -0.725924 0.682808 -0.0311725 0.0763989
5726.490651 0.0158599 -0.0766119 0.0315708 -0.726657 0.681564 -0.0268177 0.0819798
5726.523968 0.0197938 -0.0848911 0.0328505 -0.726425 0.681338 -0.0217974 0.087239
5726.557284 0.023712 -0.0935583 0.0339075 -0.724296 0.682847 -0.0153802 0.0942243
5726.590600 0.0280765 -0.10284 0.0349863 -0.721727 0.684651 -0.00924669 0.101374
5726.623917 0.0330156 -0.110077 0.0364091 -0.71888 0.68732 -0.00573657 0.103778
5726.657233 0.0379172 -0.117682 0.0372139 -0.714635 0.691748 -0.000165675 0.103836
5726.690549 0.0446095 -0.125901 0.0379291 -0.710579 0.69576 0.00690165 0.104632
5726.723866 0.050564 -0.133337 0.0385865 -0.708804 0.697077 0.0150273 0.10703
5726.757182 0.0558448 -0.139866 0.0394048 -0.709034 0.696128 0.0240748 0.109986
5726.790648 0.061699 -0.145521 0.0410989 -0.711251 0.693572 0.0304548 0.110241
5726.823965 0.0681791 -0.151241 0.0426268 -0.713267 0.691233 0.0379414 0.109579
5726.857281 0.074202 -0.156101 0.044377 -0.714575 0.689134 0.0492482 0.109783
5726.890597 0.0810185 -0.161328 0.0460058 -0.715186 0.687596 0.0617682 0.109113
5726.923914 0.0882394 -0.167364 0.048166 -0.715433 0.686138 0.0737286 0.109244
5726.957230 0.0938329 -0.172416 0.0511437 -0.714977 0.685467 0.0843586 0.108748
5726.990546 0.0996946 -0.177706 0.0549712 -0.71286 0.686791 0.0928277 0.107384
5727.023863 0.105896 -0.182639 0.059282 -0.709528 0.689618 0.10013 0.104739
5727.057179 0.112906 -0.187321 0.0645228 -0.70646 0.692455 0.105124 0.101828
5727.090495 0.118025 -0.192925 0.0703512 -0.702181 0.696403 0.110066 0.0992504
5727.123962 0.123657 -0.197621 0.0764316 -0.696622 0.701361 0.116357 0.0962892
5727.157278 0.129347 -0.202207 0.0829406 -0.69202 0.705595 0.121858 0.091621
5727.190594 0.136563 -0.206013 0.0901632 -0.688741 0.708542 0.126692 0.0869098
5727.223911 0.142751 -0.20932 0.0974883 -0.685769 0.710559 0.13491 0.0814051
5727.257227 0.151063 -0.21223 0.104474 -0.682852 0.712025 0.144808 0.0759241
5727.290543 0.160452 -0.21484 0.11171 -0.681306 0.712261 0.153813 0.06963
5727.323860 0.169697 -0.216557 0.119466 -0.681406 0.711229 0.161398 0.0615665
5727.357176 0.178257 -0.217603 0.127677 -0.682559 0.709396 0.168075 0.0511885
5727.390492 0.186832 -0.218443 0.135736 -0.683459 0.707183 0.176242 0.0414104
5727.423809 0.194002 -0.2195 0.144115 -0.683487 0.705352 0.184958 0.0333872
5727.457275 0.201815 -0.219301 0.152317 -0.684514 0.703048 0.191317 0.0237117
5727.490591 0.209023 -0.218913 0.16039 -0.686543 0.69975 0.197148 0.0119018
5727.523908 0.216658 -0.217903 0.167625 -0.688157 0.696759 0.202395 0.00168296
5727.557224 0.223344 -0.216492 0.175041 0.688778 -0.695236 -0.205398 0.00650245
5727.590540 0.229954 -0.214273 0.18181 0.688167 -0.695363 -0.206541 0.0153939
5727.623857 0.236963 -0.210772 0.188322 0.685871 -0.697621 -0.20539 0.026865
5727.657173 0.245091 -0.206385 0.194121 0.682579 -0.700955 -0.202905 0.0397202
5727.690489 0.251949 -0.201928 0.200202 0.681891 -0.700995 -0.202594 0.0508549
5727.723806 0.258585 -0.196846 0.206089 0.685151 -0.697274 -0.201399 0.0617632
5727.757122 0.264432 -0.191836 0.211446 0.688487 -0.6926 -0.203687 0.0693026
5727.790438 0.270533 -0.18839 0.215401 0.689589 -0.689177 -0.209881 0.0738388
5727.823905 0.274835 -0.184888 0.220035 0.688433 -0.688145 -0.215351 0.0783588
5727.857221 0.279561 -0.181319 0.224353 0.686592 -0.688972 -0.216725 0.0833019
5727.890537 0.283781 -0.177358 0.229654 0.684879 -0.690809 -0.21387 0.0893435
5727.923854 0.287978 -0.172998 0.235689 0.684069 -0.693095 -0.206316 0.0954096
5727.957170 0.291279 -0.168575 0.242087 0.682873 -0.695526 -0.199065 0.101492
5727.990486 0.294091 -0.166429 0.248443 0.681086 -0.698257 -0.192294 0.107614
5728.023802 0.297233 -0.162813 0.25504 0.681205 -0.69885 -0.185906 0.114049
5728.057118 0.299253 -0.159711 0.262334 0.682645 -0.698165 -0.180558 0.118154
5728.090433 0.300601 -0.158128 0.269887 0.68423 -0.697759 -0.175532 0.118954
5728.123748 0.301984 -0.157196 0.277764 0.684076 -0.699252 -0.169473 0.119856
5728.157213 0.301241 -0.156403 0.286689 0.68348 -0.702072 -0.160068 0.119702
5728.190529 0.300774 -0.156314 0.29587 0.682441 -0.705449 -0.147014 0.122487
5728.223844 0.298536 -0.157702 0.305428 0.68018 -0.709834 -0.136995 0.12134
5728.257159 0.295586 -0.159675 0.315117 0.679379 -0.713774 -0.125713 0.114744
5728.290475 0.292876 -0.162522 0.324723 0.679841 -0.716793 -0.110594 0.108597
5728.323790 0.288803 -0.165184 0.334659 0.681406 -0.717864 -0.0994593 0.1023
5728.357105 0.283937 -0.169567 0.344559 0.684425 -0.717378 -0.0915701 0.0924486
5728.390421 0.277189 -0.17658 0.354734 0.687253 -0.717234 -0.085658 0.0769458
5728.423736 0.270892 -0.184291 0.36427 0.690307 -0.716588 -0.078455 0.0618194
5728.457051 0.263094 -0.190585 0.373051 0.691831 -0.716886 -0.0720469 0.0474746
5728.490367 0.256414 -0.198205 0.380473 0.693742 -0.716487 -0.0668588 0.0299714
5728.523832 0.24673 -0.206625 0.387732 0.696274 -0.714993 -0.0620605 0.0116712
5728.557147 0.237432 -0.215645 0.393651 -0.698683 0.713002 0.0586026 0.00593719
5728.590462 0.227025 -0.224672 0.398602 -0.700411 0.710914 0.0589225 0.0235306
5728.623778 0.215802 -0.234576 0.40285 -0.703402 0.707053 0.0601166 0.0410857
5728.657093 0.205122 -0.244208 0.406449 -0.708111 0.700759 0.0612844 0.0613123
5728.690408 0.192805 -0.255302 0.409288 -0.712947 0.693719 0.0619261 0.081395
5728.723724 0.178387 -0.266558 0.411565 -0.716243 0.68774 0.0616262 0.101048
5728.757039 0.163954 -0.275809 0.413724 -0.717456 0.683778 0.0594458 0.119036
5728.790354 0.151394 -0.282827 0.415608 -0.71759 0.681555 0.0528432 0.13325
5728.823669 0.139108 -0.2877 0.417536 -0.717156 0.680396 0.04225 0.144791
5728.857135 0.126974 -0.290346 0.419615 -0.715968 0.679955 0.0297876 0.155449
5728.890450 0.115965 -0.29147 0.421449 -0.714015 0.680399 0.0173191 0.164134
5728.923765 0.10432 -0.290344 0.423094 -0.710241 0.683103 0.00609221 0.169975
5728.957081 0.0934691 -0.287924 0.42502 -0.704699 0.688097 -0.00630884 0.172861
5728.990396 0.0823891 -0.283265 0.426932 -0.700533 0.692045 -0.0187689 0.173133
5729.023712 0.0716655 -0.276947 0.429385 -0.697984 0.69447 -0.0345199 0.171282
5729.057028 0.060878 -0.269296 0.432304 -0.69487 0.697045 -0.0553818 0.167978
5729.090344 0.0496157 -0.26207 0.434806 -0.690124 0.700754 -0.0756797 0.16415
5729.123661 0.0380604 -0.255473 0.436696 -0.683394 0.706208 -0.0923237 0.16037
5729.156977 0.0260091 -0.249593 0.438022 -0.676561 0.711354 -0.106578 0.157741
5729.190293 0.0127015 -0.243796 0.4392 -0.669803 0.715155 -0.121127 0.158884
5729.223760 -0.000763446 -0.238106 0.440018 -0.661199 0.719962 -0.136856 0.160441
5729.257076 -0.0125575 -0.232087 0.440766 -0.655323 0.723737 -0.150677 0.155091
5729.290392 -0.0254506 -0.225412 0.441177 -0.652771 0.724329 -0.162208 0.151414
5729.323709 -0.040527 -0.220159 0.441175 -0.649554 0.723816 -0.174209 0.154339
5729.357025 -0.0545101 -0.214712 0.441137 -0.647223 0.723222 -0.185669 0.153557
5729.390341 -0.0672703 -0.210719 0.441018 -0.645334 0.722116 -0.197674 0.151713
5729.423658 -0.0816583 -0.206861 0.44096 -0.64276 0.720943 -0.209114 0.152876
5729.456974 -0.0975446 -0.204621 0.440017 -0.641854 0.718732 -0.218721 0.153649
5729.490290 -0.113905 -0.203826 0.438749 -0.643158 0.714044 -0.227918 0.156657
5729.523607 -0.131898 -0.205299 0.436919 -0.644179 0.708205 -0.237107 0.165105
5729.557073 -0.149632 -0.210541 0.435812 -0.643046 0.702553 -0.24977 0.174719
5729.590389 -0.168318 -0.226001 0.436578 -0.638461 0.698675 -0.267496 0.18074
5729.623706 -0.18661 -0.235737 0.434891 -0.637736 0.692658 -0.277674 0.190825
5729.657022 -0.204969 -0.248765 0.432596 -0.639431 0.685595 -0.281798 0.204151
5729.690338 -0.221185 -0.26294 0.431089 -0.642473 0.67738 -0.28296 0.219816
5729.723655 -0.235244 -0.274068 0.432685 -0.645722 0.668045 -0.282832 0.238254
5729.756971 -0.252432 -0.288422 0.430258 -0.649091 0.657832 -0.282759 0.256876
5729.790287 -0.268369 -0.30466 0.428325 -0.649666 0.64907 -0.28487 0.274756
5729.823604 -0.282324 -0.315379 0.425965 -0.649687 0.640725 -0.289271 0.289311
5729.856920 -0.295187 -0.325269 0.424216 -0.650099 0.631391 -0.295784 0.302043
5729.890236 -0.307106 -0.33219 0.422885 -0.650493 0.622166 -0.301248 0.314671
5729.923703 -0.317354 -0.339205 0.422924 -0.650253 0.6149 -0.303127 0.327388
5729.957019 -0.328727 -0.346161 0.420301 -0.651845 0.606566 -0.302815 0.339823
5729.990335 -0.339558 -0.352975 0.417198 -0.654257 0.596115 -0.303771 0.352587
5730.023652 -0.350404 -0.361617 0.413894 -0.654556 0.587399 -0.305643 0.364831
5730.056968 -0.361945 -0.366967 0.408328 -0.655204 0.579498 -0.30624 0.37564
5730.090284 -0.370637 -0.371682 0.406274 -0.653789 0.57326 -0.306295 0.387448
5730.123601 -0.380021 -0.376579 0.402808 -0.651693 0.56842 -0.307925 0.396708
5730.156917 -0.38839 -0.37796 0.401647 -0.646358 0.565769 -0.312213 0.405769
5730.190233 -0.396981 -0.380389 0.398949 -0.640045 0.565878 -0.318253 0.4109
5730.223550 -0.40461 -0.379116 0.398382 -0.634432 0.567225 -0.324592 0.412785
5730.257016 -0.412272 -0.375598 0.398816 -0.630857 0.567716 -0.332993 0.410894
5730.290332 -0.420818 -0.372113 0.398748 -0.628396 0.564571 -0.343675 0.410202
5730.323649 -0.42993 -0.368682 0.397946 -0.625313 0.558464 -0.355208 0.413436
5730.356965 -0.43885 -0.364475 0.397556 -0.61925 0.554934 -0.368976 0.415252
5730.390281 -0.447095 -0.359988 0.397214 -0.608894 0.557404 -0.383986 0.413647
5730.423598 -0.454736 -0.355919 0.396474 -0.598732 0.560414 -0.395033 0.414011
5730.456914 -0.462057 -0.352018 0.394411 -0.588881 0.561877 -0.402996 0.418458
5730.490230 -0.469174 -0.34793 0.391753 -0.577602 0.562799 -0.41134 0.424774
5730.523547 -0.475302 -0.34313 0.389613 -0.563752 0.566061 -0.421482 0.429081
5730.556863 -0.481946 -0.336798 0.38578 -0.549641 0.569275 -0.434579 0.430072
5730.590329 -0.488398 -0.328854 0.380646 -0.534529 0.572371 -0.449413 0.429766
5730.623646 -0.494919 -0.320314 0.374209 -0.520935 0.573472 -0.464637 0.428799
5730.656962 -0.501927 -0.311617 0.36537 -0.507374 0.574135 -0.48 0.427247
5730.690278 -0.508736 -0.303042 0.355995 -0.493527 0.574219 -0.495225 0.425977
5730.723595 -0.514595 -0.295935 0.347959 -0.479529 0.575941 -0.506354 0.426555
5730.756911 -0.519206 -0.288513 0.342173 -0.467983 0.575671 -0.516701 0.427333
5730.790227 -0.52414 -0.282495 0.336151 -0.453969 0.574969 -0.528973 0.42838
5730.823544 -0.530098 -0.276852 0.328617 -0.438477 0.573784 -0.542669 0.428976
5730.856860 -0.535487 -0.270894 0.322533 -0.422489 0.572371 -0.556068 0.429747
5730.890176 -0.542837 -0.268639 0.315138 -0.404843 0.57246 -0.567538 0.431616
5730.923493 -0.550617 -0.266848 0.309825 -0.389849 0.569885 -0.578146 0.434736
5730.956959 -0.558157 -0.265719 0.30163 -0.37943 0.565629 -0.585893 0.43912
5730.990275 -0.56602 -0.265681 0.291594 -0.373708 0.559291 -0.591424 0.444695
5731.023592 -0.573939 -0.266484 0.281343 -0.370701 0.551816 -0.595361 0.451249
5731.056908 -0.583474 -0.269359 0.268324 -0.369395 0.54401 -0.598091 0.458135
5731.090224 -0.593392 -0.274395 0.255517 -0.370272 0.535352 -0.599011 0.466351
5731.123541 -0.604155 -0.281806 0.242747 -0.372709 0.526789 -0.59874 0.474439
5731.156857 -0.615281 -0.289335 0.228578 -0.377738 0.517415 -0.597344 0.482469
5731.190173 -0.627047 -0.298346 0.213879 -0.382925 0.506923 -0.595729 0.49143
5731.223490 -0.639418 -0.306445 0.197946 -0.390855 0.494427 -0.592313 0.501935
5731.256806 -0.650438 -0.315731 0.183509 -0.399225 0.480408 -0.58856 0.51325
5731.290272 -0.650942 -0.264673 0.175038 -0.407181 0.464143 -0.585154 0.525708
5731.323589 -0.651399 -0.226167 0.169767 -0.409896 0.451652 -0.580516 0.539441
5731.356905 -0.660632 -0.232724 0.153271 -0.41542 0.438297 -0.573408 0.553647
5731.390221 -0.669293 -0.24433 0.138696 -0.419429 0.425137 -0.566643 0.567674
5731.423538 -0.676839 -0.254593 0.12488 -0.424706 0.41146 -0.561046 0.579268
5731.456854 -0.683225 -0.264368 0.112044 -0.433002 0.396271 -0.555403 0.589072
5731.490170 -0.688082 -0.271453 0.0991489 -0.44272 0.379821 -0.551477 0.596328
5731.523487 -0.692441 -0.278626 0.0880213 -0.453236 0.361074 -0.54817 0.603086
5731.556803 -0.695724 -0.28509 0.0765567 -0.462075 0.340267 -0.546787 0.609696
5731.590119 -0.699611 -0.290562 0.0667276 -0.463732 0.322096 -0.549469 0.615866
5731.623436 -0.703037 -0.295338 0.0587351 -0.459743 0.309946 -0.554966 0.620147
5731.656902 -0.704976 -0.297995 0.0496592 -0.455196 0.300947 -0.56015 0.623265
5731.690218 -0.706219 -0.299089 0.0409458 -0.45065 0.290041 -0.56461 0.627699
5731.723535 -0.705901 -0.300963 0.0331637 -0.44682 0.277378 -0.568573 0.632565
5731.756851 -0.705078 -0.300149 0.0253558 -0.444498 0.265762 -0.573889 0.634384
5731.790167 -0.704293 -0.297026 0.0181001 -0.439659 0.256916 -0.582746 0.633325
5731.823484 -0.703553 -0.292044 0.0108241 -0.43108 0.250014 -0.594202 0.631338
5731.856800 -0.702482 -0.28579 0.00319278 -0.421091 0.244671 -0.605978 0.628974
5731.890116 -0.702149 -0.27926 -0.00352302 -0.408089 0.242182 -0.619115 0.625706
5731.923433 -0.701376 -0.2698 -0.0130954 -0.392046 0.243301 -0.630856 0.623799
5731.956749 -0.701007 -0.260835 -0.0214884 -0.37279 0.246334 -0.642229 0.622807
5731.990215 -0.701033 -0.25183 -0.0278692 -0.355678 0.248164 -0.653043 0.62084
5732.023532 -0.701787 -0.242937 -0.0343922 -0.338165 0.245827 -0.664931 0.618935
5732.056848 -0.703885 -0.236545 -0.0392297 -0.319014 0.245896 -0.676118 0.616952
5732.090164 -0.706384 -0.228649 -0.0430004 -0.302862 0.248466 -0.685775 0.613394
5732.123481 -0.706786 -0.216747 -0.0486175 -0.285371 0.247994 -0.698453 0.60764
5732.156797 -0.706676 -0.210992 -0.0549838 -0.260772 0.247393 -0.708265 0.607582
5732.190113 -0.705143 -0.202183 -0.0621795 -0.236831 0.247176 -0.717643 0.606468
5732.223430 -0.705532 -0.192191 -0.0678403 -0.209655 0.250885 -0.725774 0.605271
5732.256746 -0.706832 -0.180292 -0.0714752 -0.184078 0.255624 -0.733931 0.601762
5732.290062 -0.706921 -0.17905 -0.0772459 -0.159778 0.25918 -0.74234 0.596849
5732.323379 -0.710916 -0.166613 -0.0793266 -0.135087 0.258676 -0.75008 0.59348
5732.356845 -0.706646 -0.158125 -0.0861865 -0.114814 0.262127 -0.756838 0.587626
5732.390161 -0.705998 -0.151449 -0.0918782 -0.0942465 0.259904 -0.761895 0.585733
5732.423478 -0.705376 -0.148911 -0.0988908 -0.0725877 0.253925 -0.765423 0.58684
5732.456794 -0.703953 -0.147873 -0.106659 -0.0512007 0.247899 -0.767208 0.589336
5732.490110 -0.702986 -0.147971 -0.114487 -0.0285591 0.242782 -0.768795 0.590928
5732.523427 -0.701762 -0.148654 -0.122923 -0.0107011 0.233689 -0.77206 0.59093
5732.556743 -0.701204 -0.151363 -0.131071 0.000560449 0.221692 -0.776512 0.589814
5732.590059 -0.700787 -0.155222 -0.139239 0.00690826 0.207929 -0.780766 0.589171
5732.623376 -0.699582 -0.162 -0.148076 0.00753297 0.192838 -0.784261 0.589654
5732.656692 -0.697842 -0.170932 -0.157522 0.00468553 0.174963 -0.788629 0.589433
5732.690158 -0.694836 -0.181396 -0.167858 0.00169829 0.154816 -0.791853 0.59076
5732.723475 -0.691063 -0.192212 -0.177923 -0.00109659 0.134133 -0.793841 0.593148
5732.756791 -0.687772 -0.206147 -0.188659 -0.0030833 0.112908 -0.794901 0.596133
5732.790107 -0.684867 -0.220026 -0.197398 -0.00817884 0.0904226 -0.794565 0.600353
5732.823424 -0.67919 -0.231554 -0.2058 -0.0146687 0.0698497 -0.793457 0.604426
5732.856740 -0.672123 -0.242469 -0.214274 -0.0218165 0.0507575 -0.792428 0.607459
5732.890056 -0.666077 -0.253294 -0.221913 -0.0300938 0.0319575 -0.792784 0.60792
5732.923373 -0.659777 -0.264321 -0.228862 -0.0374172 0.0134289 -0.793924 0.606716
5732.956689 -0.65304 -0.274114 -0.235882 -0.0448162 -0.00534498 -0.795265 0.604579
5732.990005 -0.644211 -0.284366 -0.243999 -0.0506799 -0.021754 -0.797096 0.601328
5733.023322 -0.63758 -0.29436 -0.250281 -0.0534431 -0.0367182 -0.798616 0.598338
5733.056788 -0.632212 -0.30372 -0.255908 -0.0530919 -0.0503908 -0.799722 0.595891
5733.090104 -0.627846 -0.310351 -0.261301 -0.0506727 -0.0611756 -0.801477 0.592727
5733.123421 -0.622365 -0.316148 -0.267375 -0.0471143 -0.0698007 -0.802772 0.590309
5733.156737 -0.618374 -0.319915 -0.273 -0.0424483 -0.0761203 -0.803701 0.588615
5733.190053 -0.612874 -0.32242 -0.278071 -0.0389573 -0.081003 -0.804066 0.587706
5733.223370 -0.607748 -0.32277 -0.284038 -0.0346204 -0.0854517 -0.804841 0.586285
5733.256686 -0.603233 -0.320294 -0.290685 -0.0269754 -0.0876595 -0.807751 0.582345
5733.290002 -0.598461 -0.316566 -0.297648 -0.0157381 -0.0894796 -0.810934 0.578042
5733.323319 -0.593594 -0.312068 -0.305271 0.000257155 -0.0887574 -0.811536 0.577522
5733.356635 -0.589627 -0.307002 -0.312982 0.0194061 -0.0846147 -0.809379 0.580835
5733.390101 -0.588475 -0.303552 -0.320238 0.0421494 -0.0770395 -0.804711 0.587136
5733.423418 -0.585433 -0.302446 -0.328131 0.0681225 -0.0657572 -0.798813 0.594082
5733.456734 -0.58126 -0.30048 -0.337893 0.0929971 -0.0559123 -0.793364 0.598999
5733.490050 -0.575009 -0.298684 -0.347511 0.111573 -0.0510629 -0.789872 0.600871
5733.523367 -0.570514 -0.294878 -0.356392 0.13237 -0.0414497 -0.788092 0.599726
5733.556683 -0.564541 -0.282297 -0.363999 0.15066 -0.0303169 -0.787671 0.596621
5733.589999 -0.559923 -0.276552 -0.372737 0.16598 -0.0242279 -0.78594 0.595115
5733.623316 -0.555243 -0.267849 -0.379695 0.185574 -0.0142877 -0.78469 0.591287
5733.656632 -0.550212 -0.257637 -0.38663 0.207597 0.00112505 -0.780508 0.589669
5733.689948 -0.544179 -0.248804 -0.393169 0.222193 0.0109344 -0.775859 0.590385
5733.723415 -0.537063 -0.237916 -0.397952 0.235664 0.0169099 -0.772044 0.590021
5733.756732 -0.530936 -0.228156 -0.403852 0.254985 0.0268664 -0.766278 0.589133
5733.790047 -0.52645 -0.219172 -0.408257 0.272665 0.0345248 -0.759319 0.589828
5733.823364 -0.517097 -0.211901 -0.412623 0.289796 0.0393004 -0.752419 0.590202
5733.856680 -0.510844 -0.205066 -0.417467 0.307661 0.0410797 -0.747432 0.58737
5733.889996 -0.501312 -0.200481 -0.421396 0.322001 0.0427055 -0.74614 0.581177
5733.923313 -0.49416 -0.197544 -0.425679 0.33352 0.0403905 -0.745536 0.575595
5733.956629 -0.487485 -0.196718 -0.431249 0.338494 0.0354003 -0.745088 0.573596
5733.989945 -0.480382 -0.198631 -0.437159 0.339538 0.0296219 -0.745217 0.573139
5734.023262 -0.472968 -0.202198 -0.443843 0.33905 0.0197109 -0.746008 0.572826
5734.056578 -0.466444 -0.207256 -0.450308 0.339474 0.00855123 -0.746242 0.572545
5734.090044 -0.457869 -0.215601 -0.457944 0.340025 -0.00378705 -0.745407 0.573356
5734.123361 -0.452895 -0.224261 -0.466111 0.333396 -0.0202134 -0.745599 0.576646
5734.156677 -0.447384 -0.236665 -0.473901 0.322459 -0.0355608 -0.74644 0.581019
5734.189993 -0.443609 -0.250732 -0.483091 0.312944 -0.0500143 -0.748286 0.58278
5734.223310 -0.441476 -0.265122 -0.493957 0.304278 -0.0640086 -0.751471 0.581901
5734.256626 -0.438544 -0.29215 -0.506939 0.297325 -0.0743129 -0.755184 0.579459
5734.289942 -0.43801 -0.32313 -0.524125 0.289472 -0.0852949 -0.758907 0.577053
5734.323259 -0.436514 -0.347727 -0.536846 0.277935 -0.0977939 -0.762919 0.57545
5734.356575 -0.433447 -0.359647 -0.5457 0.264475 -0.111558 -0.768014 0.572505
5734.389891 -0.431528 -0.369871 -0.554001 0.251454 -0.124412 -0.771507 0.571025
5734.423358 -0.427704 -0.381303 -0.56183 0.238572 -0.137442 -0.773548 0.570804
5734.456674 -0.417375 -0.390225 -0.56758 0.227111 -0.147598 -0.77574 0.569968
5734.489990 -0.414779 -0.394484 -0.574497 0.218209 -0.158934 -0.777688 0.567739
5734.523307 -0.407366 -0.402213 -0.579373 0.211523 -0.168024 -0.779462 0.565212
5734.556623 -0.402326 -0.404348 -0.585279 0.20958 -0.174238 -0.780982 0.561947
5734.589939 -0.39882 -0.40581 -0.593099 0.211329 -0.177787 -0.780864 0.560342
5734.623256 -0.39702 -0.406097 -0.600366 0.21384 -0.179455 -0.780537 0.559312
5734.656572 -0.396729 -0.403071 -0.608436 0.21716 -0.17878 -0.781141 0.557404
5734.689888 -0.398586 -0.399427 -0.617091 0.223681 -0.176687 -0.780169 0.556852
5734.723205 -0.400035 -0.396301 -0.625991 0.234164 -0.173629 -0.776854 0.558138
5734.756521 -0.40151 -0.391103 -0.634892 0.24785 -0.171766 -0.771471 0.560268
5734.789987 -0.40005 -0.384128 -0.641479 0.260331 -0.169363 -0.766477 0.562189
5734.823304 -0.400268 -0.377914 -0.648444 0.271356 -0.165541 -0.764755 0.560457
5734.856620 -0.400416 -0.368611 -0.654761 0.284096 -0.163892 -0.763619 0.55616
5734.889936 -0.402335 -0.362174 -0.665598 0.302884 -0.162035 -0.759722 0.552113
5734.923253 -0.397713 -0.35454 -0.670151 0.321309 -0.15303 -0.754792 0.551028
5734.956569 -0.395346 -0.343639 -0.674332 0.336752 -0.142747 -0.75116 0.549527
5734.989885 -0.394684 -0.334406 -0.680428 0.35282 -0.138856 -0.746707 0.546503
5735.023205 -0.390471 -0.322721 -0.683842 0.368173 -0.134332 -0.741778 0.544215
5735.056518 -0.387579 -0.307303 -0.686335 0.379827 -0.128599 -0.736216 0.545142
5735.089834 -0.382275 -0.293721 -0.689242 0.392965 -0.124701 -0.729659 0.545552
5735.123301 -0.375842 -0.278875 -0.690363 0.403697 -0.125745 -0.721949 0.547729
5735.156617 -0.368062 -0.264231 -0.69121 0.410762 -0.126244 -0.71479 0.551736
5735.189933 -0.361012 -0.249025 -0.692385 0.418999 -0.126281 -0.708054 0.554213
5735.223250 -0.352392 -0.237659 -0.695286 0.430492 -0.127781 -0.702893 0.551625
5735.256566 -0.342913 -0.229432 -0.699462 0.439695 -0.130771 -0.697919 0.549979
5735.289882 -0.333666 -0.226583 -0.703715 0.443472 -0.133323 -0.692879 0.552699
5735.323199 -0.324273 -0.22852 -0.710773 0.443381 -0.138119 -0.689171 0.556219
5735.356515 -0.314537 -0.232581 -0.719573 0.444477 -0.143711 -0.686363 0.557399
5735.389831 -0.304684 -0.238702 -0.729244 0.444622 -0.149386 -0.684849 0.557653
5735.423148 -0.293751 -0.246903 -0.737249 0.442802 -0.154704 -0.685488 0.556865
5735.456464 -0.282109 -0.256225 -0.745329 0.44054 -0.161207 -0.687158 0.554753
5735.489930 -0.27065 -0.270184 -0.755651 0.438222 -0.16787 -0.689151 0.552135
5735.523247 -0.259824 -0.282413 -0.764915 0.435005 -0.174934 -0.690439 0.550875
5735.556563 -0.248262 -0.296188 -0.773512 0.431068 -0.180457 -0.691771 0.550517
5735.589879 -0.237404 -0.309931 -0.781173 0.42387 -0.186951 -0.697211 0.547065
5735.623196 -0.226248 -0.323859 -0.787961 0.414696 -0.196203 -0.70448 0.541515
5735.656512 -0.216174 -0.333584 -0.7936 0.405894 -0.207511 -0.71112 0.535255
5735.689828 -0.205794 -0.344966 -0.79811 0.401157 -0.215379 -0.71475 0.530865
5735.723145 -0.196711 -0.352255 -0.801955 0.39945 -0.223606 -0.715647 0.527532
5735.756461 -0.187649 -0.360034 -0.804793 0.398763 -0.232985 -0.715014 0.524844
5735.789777 -0.178188 -0.373371 -0.808175 0.400573 -0.241989 -0.712516 0.522785
5735.823244 -0.170555 -0.380219 -0.814074 0.404216 -0.255705 -0.70969 0.517266
5735.856560 -0.160977 -0.386949 -0.813698 0.408227 -0.263717 -0.707747 0.512736
5735.889876 -0.153781 -0.392896 -0.816368 0.414663 -0.27097 -0.705457 0.506913
5735.923193 -0.147999 -0.396007 -0.820825 0.422112 -0.279059 -0.701741 0.501504
5735.956509 -0.141999 -0.394602 -0.820534 0.429957 -0.283634 -0.697505 0.498173
5735.989825 -0.135936 -0.39185 -0.820289 0.441663 -0.283723 -0.690861 0.497138
5736.023145 -0.130595 -0.387873 -0.823677 0.457454 -0.281468 -0.683434 0.494399
5736.056458 -0.123276 -0.380351 -0.822081 0.473004 -0.279251 -0.677078 0.489747
5736.089774 -0.117078 -0.37887 -0.826124 0.489928 -0.283658 -0.666324 0.485306
5736.123091 -0.111372 -0.372018 -0.827648 0.503193 -0.287585 -0.658683 0.479821
5736.156407 -0.106589 -0.363312 -0.831732 0.516766 -0.284612 -0.649163 0.480142
5736.189873 -0.102392 -0.350143 -0.833927 0.526832 -0.282683 -0.64018 0.482398
5736.223190 -0.0984573 -0.338539 -0.837448 0.53519 -0.283225 -0.630681 0.485383
5736.256506 -0.0949974 -0.331094 -0.844645 0.540479 -0.283764 -0.623886 0.487982
5736.289822 -0.09155 -0.323345 -0.851584 0.540072 -0.28513 -0.622111 0.4899
5736.323139 -0.0877995 -0.319319 -0.860476 0.539421 -0.28906 -0.62203 0.488415
5736.356455 -0.0838446 -0.314304 -0.869059 0.54057 -0.29384 -0.620274 0.48652
5736.389771 -0.0805102 -0.308602 -0.880244 0.543651 -0.292114 -0.61877 0.486043
5736.423088 -0.0781617 -0.301673 -0.893156 0.545318 -0.286575 -0.61991 0.486019
5736.456404 -0.0755679 -0.29585 -0.906639 0.547724 -0.279667 -0.621098 0.485821
5736.489720 -0.0731258 -0.292652 -0.921494 0.548397 -0.275289 -0.621991 0.48642
5736.523187 -0.0710504 -0.288896 -0.935057 0.544597 -0.271516 -0.624938 0.489025
5736.556503 -0.0693403 -0.286531 -0.949541 0.539432 -0.267611 -0.627793 0.493227
5736.589819 -0.0679073 -0.284791 -0.963774 0.533497 -0.265305 -0.631023 0.496794
5736.623136 -0.0670301 -0.283285 -0.978014 0.526691 -0.262478 -0.634955 0.500533
5736.656452 -0.066541 -0.281528 -0.990704 0.51941 -0.258285 -0.639627 0.504361
5736.689768 -0.0662015 -0.280544 -1.00374 0.514411 -0.252786 -0.643554 0.507265
5736.723085 -0.0655281 -0.279252 -1.01477 0.509894 -0.246286 -0.647916 0.509467
5736.756401 -0.064616 -0.28004 -1.02685 0.505186 -0.240781 -0.650683 0.513248
5736.789717 -0.0630548 -0.282039 -1.03774 0.496538 -0.238312 -0.654844 0.51753
5736.823034 -0.0615305 -0.285113 -1.04686 0.481339 -0.239743 -0.664031 0.519519
5736.856500 -0.0595996 -0.28822 -1.05609 0.465179 -0.241455 -0.675427 0.518755
5736.889816 -0.0574825 -0.290999 -1.0651 0.450603 -0.243426 -0.685226 0.517847
5736.923133 -0.0554047 -0.294945 -1.07491 0.438191 -0.245396 -0.691156 0.519685
5736.956449 -0.0524684 -0.299475 -1.08387 0.425384 -0.246212 -0.695919 0.52357
5736.989765 -0.0483998 -0.302635 -1.09206 0.411415 -0.246916 -0.700669 0.528046
5737.023082 -0.0465101 -0.3043 -1.10137 0.399142 -0.248831 -0.703499 0.532784
5737.056398 -0.0424712 -0.301024 -1.10913 0.38682 -0.248189 -0.709639 0.534027
5737.089714 -0.0389063 -0.297956 -1.11714 0.377158 -0.243173 -0.713326 0.538317
5737.123031 -0.0380727 -0.293035 -1.1282 0.372917 -0.235678 -0.714091 0.543566
5737.156347 -0.0333014 -0.288704 -1.1373 0.370412 -0.226553 -0.711981 0.551863
5737.189663 -0.0353463 -0.279099 -1.15 0.371664 -0.220186 -0.711785 0.553846
5737.223130 -0.0366955 -0.269421 -1.16222 0.37045 -0.211532 -0.714339 0.554744
5737.256446 -0.0313577 -0.260589 -1.16972 0.36344 -0.197882 -0.718093 0.559551
5737.289762 -0.0356959 -0.251416 -1.18421 0.362916 -0.185587 -0.72255 0.558365
5737.323079 -0.0352301 -0.242898 -1.19533 0.362448 -0.172838 -0.724323 0.560459
5737.356395 -0.0359018 -0.233869 -1.20692 0.363822 -0.159951 -0.724525 0.563128
5737.389711 -0.0359376 -0.227324 -1.21836 0.364712 -0.14686 -0.723485 0.567439
5737.423028 -0.0364398 -0.222321 -1.22985 0.36142 -0.13831 -0.723866 0.571195
5737.456344 -0.0338242 -0.217094 -1.23882 0.354415 -0.129789 -0.726221 0.574585
5737.489660 -0.0333545 -0.213182 -1.24962 0.350402 -0.121256 -0.72761 0.577147
5737.522977 -0.0328865 -0.210082 -1.26025 0.345351 -0.113101 -0.728915 0.580194
5737.556443 -0.0312277 -0.207851 -1.26945 0.336184 -0.107379 -0.731156 0.583833
5737.589759 -0.0300539 -0.206908 -1.27864 0.323841 -0.105519 -0.734358 0.587121
5737.623076 -0.0294882 -0.205169 -1.28751 0.313914 -0.102733 -0.73817 0.588226
5737.656392 -0.0294689 -0.205308 -1.2962 0.305113 -0.0990326 -0.739792 0.591444
5737.689708 -0.0303363 -0.206371 -1.30484 0.295748 -0.0954691 -0.740228 0.596223
5737.723025 -0.0301874 -0.208075 -1.31175 0.282494 -0.0930969 -0.741481 0.601445
5737.756341 -0.031361 -0.21065 -1.31883 0.265872 -0.0923916 -0.745252 0.604462
5737.789657 -0.0327892 -0.21407 -1.32582 0.248808 -0.0938431 -0.74949 0.606262
5737.822974 -0.0367265 -0.21659 -1.33354 0.23612 -0.0959113 -0.752886 0.606804
5737.856290 -0.038422 -0.21947 -1.33971 0.224971 -0.0968488 -0.754494 0.60889
5737.889606 -0.0388532 -0.22188 -1.34475 0.216019 -0.0967461 -0.753524 0.613332
5737.923073 -0.0417847 -0.220195 -1.34973 0.212128 -0.0971228 -0.750944 0.61778
5737.956389 -0.0439407 -0.216778 -1.35434 0.211221 -0.0972846 -0.74764 0.622058
5737.989705 -0.0451264 -0.211134 -1.35843 0.212183 -0.0952134 -0.74615 0.623837
5738.023022 -0.0442199 -0.205449 -1.36177 0.21248 -0.091757 -0.749439 0.620302
5738.056338 -0.043796 -0.199257 -1.36604 0.213976 -0.0888717 -0.756857 0.611133
5738.089654 -0.0445243 -0.193075 -1.37079 0.21529 -0.0859698 -0.764209 0.601867
5738.122971 -0.0456446 -0.187312 -1.37577 0.215704 -0.0842177 -0.767576 0.597667
5738.156287 -0.0456158 -0.183255 -1.38141 0.219203 -0.0830686 -0.765557 0.599142
5738.189603 -0.0445525 -0.180951 -1.38741 0.223556 -0.0824065 -0.762042 0.602099
5738.222920 -0.0443076 -0.179559 -1.39407 0.225504 -0.0836383 -0.758672 0.60545
5738.256386 -0.0442408 -0.177998 -1.40072 0.226782 -0.0828812 -0.757112 0.607027
5738.289702 -0.0454482 -0.177276 -1.40813 0.226141 -0.0835194 -0.759043 0.604763
5738.323019 -0.0483066 -0.17727 -1.41652 0.222582 -0.0860517 -0.762592 0.601253
5738.356335 -0.0512346 -0.17791 -1.42509 0.217396 -0.0882997 -0.765785 0.598761
5738.389651 -0.0545819 -0.176862 -1.43422 0.215604 -0.0852877 -0.769585 0.594962
5738.422968 -0.058741 -0.174997 -1.44363 0.21534 -0.0793345 -0.773611 0.590644
5738.456284 -0.0633994 -0.174103 -1.45293 0.212799 -0.0770391 -0.776516 0.588051
5738.489600 -0.067793 -0.173882 -1.46172 0.207613 -0.0783611 -0.777203 0.588822
5738.522917 -0.0715443 -0.17188 -1.46987 0.203761 -0.07882 -0.775546 0.592281
5738.556233 -0.0751237 -0.170198 -1.47814 0.202757 -0.0770961 -0.7729 0.596299
5738.589549 -0.0784722 -0.167716 -1.48626 0.202543 -0.0757014 -0.770637 0.59947
5738.623016 -0.0836674 -0.164532 -1.49519 0.20392 -0.0747791 -0.768505 0.601851
5738.656332 -0.0864267 -0.15982 -1.50256 0.205976 -0.0711213 -0.766722 0.603865
5738.689648 -0.0880349 -0.1546 -1.50928 0.208514 -0.0676454 -0.765266 0.605238
5738.722965 -0.0897207 -0.149256 -1.51583 0.212344 -0.0649586 -0.762167 0.608106
5738.756281 -0.0908561 -0.143164 -1.52118 0.217402 -0.0586206 -0.757285 0.613041
5738.789597 -0.0929848 -0.136805 -1.52588 0.216861 -0.0526627 -0.753998 0.617807
5738.822914 -0.0946577 -0.130864 -1.5299 0.21261 -0.0469374 -0.75361 0.620215
5738.856230 -0.0960769 -0.123454 -1.5334 0.208611 -0.0412682 -0.75426 0.621184
5738.889546 -0.0971487 -0.117668 -1.53664 0.207281 -0.0350441 -0.754675 0.621508
5738.922863 -0.097109 -0.111221 -1.53954 0.209322 -0.0315692 -0.754411 0.62133
5738.956329 -0.0952451 -0.106541 -1.54195 0.214801 -0.0285681 -0.75266 0.621729
5738.989645 -0.0925425 -0.0997013 -1.54365 0.224698 -0.023964 -0.747744 0.624352
5739.022962 -0.0896086 -0.0937849 -1.54607 0.235481 -0.0224428 -0.740612 0.628919
5739.056278 -0.0845357 -0.0902575 -1.54883 0.244611 -0.0260537 -0.734448 0.632513
5739.089594 -0.0784057 -0.0880139 -1.55199 0.257102 -0.0299436 -0.728763 0.633961
5739.122911 -0.0712456 -0.0854535 -1.55492 0.269402 -0.0338564 -0.721921 0.63648
5739.156227 -0.0630622 -0.0840726 -1.55777 0.280215 -0.0376752 -0.715767 0.638543
5739.189543 -0.0543076 -0.0834262 -1.56051 0.289043 -0.0421725 -0.711098 0.639543
5739.222860 -0.0440304 -0.0836901 -1.56276 0.296086 -0.0470833 -0.70901 0.638296
5739.256176 -0.0321573 -0.0850387 -1.56409 0.301339 -0.0527423 -0.709017 0.635381
5739.289492 -0.02254 -0.0885904 -1.56778 0.309135 -0.0598743 -0.708164 0.631945
5739.322959 -0.0107476 -0.0930048 -1.57028 0.316414 -0.0676005 -0.706442 0.629485
5739.356275 0.0018551 -0.0970556 -1.5722 0.322823 -0.0760941 -0.70307 0.629037
5739.389591 0.0145501 -0.100997 -1.57386 0.328413 -0.0845342 -0.699414 0.629141
5739.422908 0.026585 -0.10491 -1.57554 0.332607 -0.0932219 -0.696978 0.628414
5739.456224 0.0371924 -0.10913 -1.5774 0.334199 -0.101915 -0.697021 0.626168
5739.489540 0.0475885 -0.113997 -1.57893 0.334606 -0.110004 -0.699472 0.621833
5739.522857 0.0582907 -0.11935 -1.57986 0.335158 -0.118666 -0.702012 0.617063
5739.556173 0.0678953 -0.124277 -1.58117 0.337779 -0.126293 -0.703247 0.612698
5739.589489 0.0780054 -0.129357 -1.58211 0.341009 -0.132431 -0.703634 0.609158
5739.622806 0.0880981 -0.13512 -1.58335 0.344249 -0.140654 -0.701957 0.607425
5739.656272 0.0987097 -0.140764 -1.58423 0.3484 -0.149791 -0.698903 0.606394
5739.689588 0.108924 -0.146283 -1.58494 0.351672 -0.158867 -0.69673 0.604694
5739.722905 0.118912 -0.151375 -1.58495 0.35326 -0.166612 -0.696802 0.601594
5739.756221 0.128455 -0.15594 -1.58447 0.353788 -0.172592 -0.699251 0.596736
5739.789537 0.137283 -0.160466 -1.58354 0.352528 -0.178562 -0.701666 0.592878
5739.822854 0.14615 -0.164562 -1.58204 0.352996 -0.183954 -0.704046 0.588111
5739.856170 0.154342 -0.168573 -1.5809 0.356714 -0.190441 -0.703136 0.584882
5739.889486 0.162272 -0.172582 -1.57987 0.3635 -0.198359 -0.698662 0.583432
5739.922803 0.169625 -0.176791 -1.57908 0.37051 -0.20678 -0.690808 0.585447
5739.956119 0.17729 -0.180783 -1.57761 0.375805 -0.214392 -0.68366 0.587721
5739.989585 0.18518 -0.185047 -1.57589 0.37869 -0.22243 -0.681187 0.58575
5740.022902 0.193121 -0.189634 -1.57326 0.380724 -0.231333 -0.682509 0.57941
5740.056218 0.199696 -0.19344 -1.57145 0.38599 -0.240014 -0.683737 0.570884
5740.089534 0.207075 -0.197787 -1.56822 0.391741 -0.247671 -0.682382 0.565291
5740.122851 0.213552 -0.202632 -1.56525 0.397523 -0.25662 -0.679904 0.560225
5740.156167 0.220079 -0.2069 -1.56151 0.402786 -0.266032 -0.67608 0.556693
5740.189483 0.226362 -0.212188 -1.55757 0.409071 -0.274799 -0.671126 0.553838
5740.222800 0.231787 -0.216553 -1.55358 0.414347 -0.284367 -0.666825 0.55027
5740.256116 0.237303 -0.220466 -1.54927 0.420815 -0.29384 -0.662575 0.545497
5740.289432 0.242092 -0.22417 -1.54563 0.430195 -0.303443 -0.657521 0.539
5740.322749 0.246541 -0.229092 -1.54223 0.440493 -0.315021 -0.651016 0.531888
5740.356215 0.25066 -0.23155 -1.53803 0.4517 -0.32384 -0.645956 0.523293
5740.389531 0.253863 -0.234385 -1.53399 0.460087 -0.329866 -0.64123 0.518009
5740.422848 0.256363 -0.237939 -1.52992 0.464719 -0.337597 -0.637457 0.51353
5740.456164 0.258374 -0.241876 -1.5261 0.46981 -0.346667 -0.633004 0.508338
5740.489480 0.260664 -0.246078 -1.52245 0.475403 -0.35624 -0.628766 0.501735
5740.522797 0.262499 -0.249964 -1.51804 0.480438 -0.36595 -0.623909 0.495982
5740.556113 0.264853 -0.254253 -1.51303 0.486194 -0.377472 -0.616922 0.490447
5740.589429 0.266958 -0.25961 -1.50794 0.492639 -0.389824 -0.607193 0.486478
5740.622746 0.268792 -0.263648 -1.50336 0.498687 -0.403026 -0.596735 0.482483
5740.656062 0.270652 -0.26831 -1.49737 0.50438 -0.414385 -0.588803 0.476652
5740.689528 0.270946 -0.271184 -1.49275 0.510861 -0.42371 -0.583913 0.467478
5740.722845 0.271211 -0.274005 -1.48816 0.518927 -0.432409 -0.577515 0.45849
5740.756161 0.271606 -0.27709 -1.48415 0.527667 -0.4404 -0.568254 0.45244
5740.789477 0.271706 -0.278825 -1.47958 0.534817 -0.447449 -0.559761 0.447692
5740.822794 0.27069 -0.280588 -1.47425 0.539094 -0.456972 -0.552777 0.441579
5740.856110 0.2692 -0.283297 -1.46989 0.542827 -0.46805 -0.544657 0.435451
5740.889426 0.267749 -0.285444 -1.46518 0.547038 -0.477943 -0.535239 0.43109
5740.922743 0.264806 -0.285739 -1.46229 0.554292 -0.486005 -0.524603 0.425853
5740.956059 0.262279 -0.285492 -1.45811 0.562291 -0.49241 -0.514598 0.420179
5740.989375 0.258632 -0.282415 -1.45412 0.567957 -0.497441 -0.50878 0.413666
5741.022692 0.254648 -0.27976 -1.45318 0.575436 -0.501285 -0.501797 0.407168
5741.056158 0.250617 -0.279051 -1.45213 0.58503 -0.502358 -0.494606 0.400925
5741.089474 0.247053 -0.274685 -1.45088 0.591116 -0.504655 -0.489811 0.394956
5741.122791 0.243038 -0.269072 -1.44977 0.5977 -0.507446 -0.48373 0.388918
5741.156107 0.238201 -0.253259 -1.44155 0.598054 -0.514187 -0.483647 0.379511
5741.189423 0.23168 -0.253381 -1.44492 0.605565 -0.519017 -0.469112 0.37927
5741.222740 0.225685 -0.239025 -1.44402 0.607627 -0.524263 -0.46708 0.371179
5741.256056 0.21563 -0.235059 -1.45697 0.615218 -0.52899 -0.453099 0.369293
5741.289372 0.208415 -0.231804 -1.46251 0.623386 -0.529239 -0.444701 0.365426
5741.322689 0.201066 -0.224648 -1.46308 0.629101 -0.527824 -0.443026 0.359668
5741.356005 0.193056 -0.21835 -1.46028 0.634511 -0.526875 -0.441078 0.353905
5741.389471 0.184338 -0.212156 -1.45702 0.640489 -0.525505 -0.437188 0.349979
5741.422788 0.169908 -0.205897 -1.45494 0.644363 -0.523441 -0.435251 0.348371
5741.456104 0.156699 -0.200002 -1.45558 0.647122 -0.523069 -0.434586 0.344625
5741.489420 0.145622 -0.194542 -1.45495 0.651542 -0.522906 -0.43385 0.337398
5741.522737 0.137062 -0.189726 -1.45336 0.659157 -0.520013 -0.430673 0.33109
5741.556053 0.132391 -0.186487 -1.4531 0.668517 -0.517611 -0.421538 0.327827
5741.589369 0.123762 -0.182795 -1.44725 0.669909 -0.520055 -0.415172 0.329237
5741.622686 0.118439 -0.180901 -1.44512 0.673507 -0.523229 -0.408482 0.32521
5741.656002 0.115992 -0.179167 -1.44409 0.675862 -0.527997 -0.401459 0.321343
5741.689318 0.113349 -0.178364 -1.44176 0.678487 -0.530432 -0.396521 0.317911
5741.722635 0.109786 -0.178031 -1.43869 0.681533 -0.533705 -0.39002 0.313936
5741.756101 0.105979 -0.177701 -1.43468 0.685266 -0.536907 -0.381902 0.310309
5741.789417 0.101603 -0.177508 -1.43045 0.688013 -0.53951 -0.374715 0.308474
5741.822734 0.0966079 -0.177927 -1.42586 0.689922 -0.542326 -0.369193 0.30592
5741.856053 0.091219 -0.178991 -1.42057 0.690882 -0.545724 -0.365608 0.301991
5741.889366 0.0859503 -0.180201 -1.41549 0.691527 -0.548261 -0.363579 0.298345
5741.922683 0.0809721 -0.181856 -1.41061 0.692103 -0.55091 -0.361373 0.294789
5741.955999 0.0756704 -0.183534 -1.40497 0.692475 -0.553991 -0.35887 0.291178
5741.989315 0.0703033 -0.185724 -1.39903 0.6925 -0.557695 -0.355767 0.287836
5742.022632 0.0650042 -0.188302 -1.39357 0.692052 -0.561698 -0.353149 0.284331
5742.055948 0.0593018 -0.191593 -1.38726 0.691169 -0.566175 -0.351938 0.279055
5742.089414 0.0536854 -0.195134 -1.38068 0.690046 -0.571372 -0.35102 0.272315
5742.122731 0.0483223 -0.199107 -1.37436 0.688684 -0.57686 -0.349519 0.266051
5742.156047 0.0431852 -0.203551 -1.36781 0.687242 -0.582185 -0.347736 0.26046
5742.189363 0.0385289 -0.208035 -1.36148 0.685868 -0.587543 -0.345767 0.254604
5742.222680 0.0315524 -0.213761 -1.35332 0.685059 -0.589707 -0.346675 0.250512
5742.255996 0.026451 -0.21859 -1.34605 0.682392 -0.59467 -0.346863 0.245753
5742.289312 0.0193614 -0.223776 -1.33713 0.680216 -0.597601 -0.349576 0.24078
5742.322629 0.0139893 -0.2299 -1.32961 0.67797 -0.602382 -0.350655 0.233523
5742.355945 0.007514 -0.235813 -1.32112 0.675021 -0.606658 -0.352986 0.227406
5742.389261 0.00127906 -0.241199 -1.31173 0.672961 -0.610504 -0.352813 0.223456
5742.422578 -0.00508225 -0.247624 -1.30324 0.670378 -0.614828 -0.352841 0.21928
5742.456044 -0.0121278 -0.253723 -1.29292 0.667058 -0.617874 -0.356814 0.21436
5742.489360 -0.0182737 -0.259193 -1.28315 0.665393 -0.619243 -0.36098 0.208527
5742.522677 -0.023854 -0.265002 -1.27346 0.665117 -0.619501 -0.364415 0.202583
5742.555993 -0.0291993 -0.270857 -1.26433 0.666004 -0.61837 -0.3676 0.197301
5742.589309 -0.0337047 -0.275798 -1.25429 0.665327 -0.619443 -0.369841 0.191956
5742.622626 -0.0379691 -0.280839 -1.24435 0.664396 -0.620822 -0.372379 0.185722
5742.655942 -0.0427537 -0.285801 -1.23483 0.66224 -0.62304 -0.375499 0.17961
5742.689258 -0.0475041 -0.28984 -1.224 0.658327 -0.626256 -0.379356 0.174636
5742.722575 -0.0522858 -0.295845 -1.21592 0.656597 -0.626817 -0.38392 0.169073
5742.755891 -0.0566815 -0.299902 -1.20586 0.654668 -0.628276 -0.387179 0.16362
5742.789357 -0.0608219 -0.304182 -1.19728 0.6537 -0.629583 -0.388286 0.159797
5742.822674 -0.0643517 -0.30949 -1.18815 0.652736 -0.631917 -0.386973 0.157698
5742.855990 -0.0674476 -0.315198 -1.17876 0.65138 -0.635619 -0.383067 0.157962
5742.889306 -0.0691341 -0.324085 -1.17226 0.650517 -0.639155 -0.377242 0.161235
5742.922623 -0.0696598 -0.334116 -1.16666 0.650227 -0.641094 -0.373133 0.164241
5742.955939 -0.0700152 -0.336742 -1.16112 0.649786 -0.641036 -0.373763 0.16478
5742.989255 -0.0682951 -0.342348 -1.15615 0.652534 -0.63932 -0.373881 0.160255
5743.022572 -0.0639418 -0.345171 -1.15245 0.657051 -0.637548 -0.370471 0.156741
5743.055889 -0.0642629 -0.343531 -1.14384 0.661257 -0.635281 -0.366383 0.157862
5743.089206 -0.0631982 -0.342331 -1.13589 0.665914 -0.632433 -0.362216 0.159329
5743.122523 -0.0588237 -0.338499 -1.13014 0.671002 -0.630727 -0.355711 0.159403
5743.155990 -0.0508892 -0.335449 -1.12587 0.677635 -0.628406 -0.347576 0.158454
5743.189307 -0.0447784 -0.331253 -1.12104 0.683253 -0.625998 -0.340662 0.158873
5743.222624 -0.0395985 -0.326045 -1.11429 0.687905 -0.624091 -0.334391 0.159625
5743.255941 -0.0312572 -0.323339 -1.10941 0.693019 -0.622544 -0.325885 0.161131
5743.289258 -0.018719 -0.324094 -1.10776 0.698071 -0.621238 -0.315729 0.164547
5743.322575 -0.0109315 -0.320976 -1.10058 0.700545 -0.621076 -0.308324 0.168633
5743.355892 -0.00570899 -0.316268 -1.09018 0.702391 -0.62086 -0.302304 0.172604
5743.389209 -0.00261229 -0.314885 -1.07852 0.704668 -0.620632 -0.294653 0.177312
5743.422526 0.0054138 -0.315659 -1.07145 0.706763 -0.621175 -0.286449 0.180484
5743.455844 0.0147155 -0.313806 -1.06444 0.709619 -0.619945 -0.280369 0.18304
5743.489311 0.0230817 -0.311704 -1.05658 0.713325 -0.617695 -0.275946 0.182959
5743.522628 0.0296442 -0.311609 -1.0476 0.716341 -0.616982 -0.269504 0.183182
5743.555945 0.0368043 -0.311633 -1.03861 0.719597 -0.616228 -0.260334 0.186199
5743.589262 0.0458075 -0.311579 -1.03233 0.722826 -0.613887 -0.25316 0.191247
5743.622579 0.053885 -0.311286 -1.02667 0.725183 -0.611469 -0.249829 0.194425
5743.655896 0.060431 -0.311533 -1.02024 0.727408 -0.609298 -0.247602 0.195774
5743.689213 0.0680106 -0.312967 -1.01453 0.730358 -0.606943 -0.244309 0.196241
5743.722530 0.0748533 -0.31508 -1.00888 0.732061 -0.605315 -0.243656 0.195736
5743.755847 0.0812992 -0.316771 -1.00342 0.733686 -0.603214 -0.243757 0.196011
5743.789164 0.0882363 -0.318311 -0.99904 0.734585 -0.602402 -0.242174 0.1971
5743.822631 0.0934054 -0.320653 -0.994058 0.734968 -0.601991 -0.240436 0.199046
5743.855948 0.0974121 -0.323468 -0.988849 0.734541 -0.602107 -0.239741 0.201102
5743.889265 0.102969 -0.326537 -0.985746 0.732856 -0.602877 -0.242173 0.202023
5743.922582 0.107521 -0.330399 -0.981307 0.731112 -0.603417 -0.245264 0.203
5743.955899 0.11327 -0.333089 -0.977956 0.729398 -0.604244 -0.247084 0.204493
5743.989216 0.119184 -0.335459 -0.975068 0.727581 -0.605498 -0.247505 0.206736
5744.022533 0.125608 -0.337878 -0.972089 0.725819 -0.606598 -0.247747 0.209397
5744.055849 0.131576 -0.340474 -0.969099 0.723271 -0.608217 -0.24943 0.211509
5744.089165 0.136165 -0.344968 -0.9654 0.718651 -0.61183 -0.253455 0.212048
5744.122482 0.141037 -0.349664 -0.961102 0.712234 -0.616828 -0.258842 0.212714
5744.155798 0.144593 -0.354471 -0.955771 0.705409 -0.621746 -0.264822 0.213775
5744.189264 0.149105 -0.360011 -0.950241 0.699745 -0.62686 -0.268715 0.212593
5744.222581 0.152941 -0.365907 -0.942953 0.694565 -0.632857 -0.272234 0.207269
5744.255897 0.156009 -0.372284 -0.934464 0.690332 -0.63802 -0.275558 0.201097
5744.289213 0.15825 -0.376717 -0.924525 0.686983 -0.642408 -0.27684 0.19679
5744.322530 0.161187 -0.383081 -0.913953 0.684326 -0.647 -0.274705 0.193977
5744.355846 0.165464 -0.389761 -0.903647 0.680914 -0.65388 -0.269013 0.190865
5744.389162 0.168551 -0.396165 -0.891837 0.677614 -0.660707 -0.262445 0.188224
5744.422479 0.172076 -0.401395 -0.879696 0.677281 -0.665793 -0.251884 0.185916
5744.455795 0.175326 -0.407205 -0.866911 0.67761 -0.670956 -0.239617 0.182338
5744.489111 0.180015 -0.413184 -0.8562 0.676389 -0.676344 -0.229586 0.179853
5744.522578 0.180177 -0.418546 -0.842581 0.674927 -0.679849 -0.224682 0.178318
5744.555898 0.181662 -0.424802 -0.83002 0.672425 -0.684608 -0.2207 0.174496
5744.589210 0.180598 -0.430892 -0.81627 0.670766 -0.688751 -0.216101 0.170281
5744.622527 0.180273 -0.436015 -0.803322 0.670248 -0.69229 -0.20846 0.167471
5744.655844 0.178451 -0.439558 -0.789852 0.669371 -0.695521 -0.201421 0.166199
5744.689159 0.175581 -0.443964 -0.7766 0.669508 -0.697222 -0.196983 0.163821
5744.722476 0.178403 -0.449132 -0.769333 0.671309 -0.697893 -0.19237 0.159009
5744.755792 0.171933 -0.453273 -0.7539 0.67264 -0.6989 -0.186819 0.15554
5744.789108 0.166763 -0.453874 -0.740704 0.67308 -0.700909 -0.178386 0.154494
5744.822425 0.159196 -0.455451 -0.727132 0.672886 -0.703132 -0.170001 0.154688
5744.855741 0.152452 -0.457591 -0.71556 0.672431 -0.705052 -0.16693 0.15124
5744.889207 0.148357 -0.461828 -0.706443 0.672996 -0.706702 -0.165045 0.142857
5744.922524 0.145159 -0.467687 -0.697711 0.674465 -0.708265 -0.15913 0.134669
5744.955840 0.141293 -0.469847 -0.687578 0.677667 -0.707569 -0.152014 0.130406
5744.989156 0.137479 -0.472013 -0.677966 0.681396 -0.705824 -0.146457 0.126735
5745.022473 0.133015 -0.475276 -0.667642 0.684083 -0.705466 -0.140233 0.121171
5745.055789 0.128922 -0.478402 -0.657282 0.685723 -0.706273 -0.132711 0.11554
5745.089105 0.125867 -0.481309 -0.648106 0.685817 -0.708177 -0.12547 0.111344
5745.122422 0.123765 -0.486031 -0.638452 0.685419 -0.710577 -0.117039 0.10763
5745.155738 0.122914 -0.489852 -0.628304 0.684963 -0.713197 -0.107274 0.103285
5745.189054 0.122197 -0.492733 -0.618355 0.68511 -0.714851 -0.0992214 0.0988328
5745.222521 0.119369 -0.493351 -0.606287 0.687005 -0.714351 -0.0942718 0.0940187
5745.255837 0.120466 -0.498396 -0.595799 0.689801 -0.71356 -0.085942 0.0872928
5745.289153 0.119498 -0.50227 -0.584479 0.69131 -0.713607 -0.0797241 0.0806164
5745.322470 0.118156 -0.508018 -0.572854 0.690859 -0.715146 -0.0747067 0.0754887
5745.355786 0.116558 -0.513281 -0.560598 0.690409 -0.71657 -0.0708555 0.0695879
5745.389102 0.113495 -0.517829 -0.547281 0.691129 -0.716762 -0.0665678 0.0645109
5745.422419 0.111329 -0.5228 -0.533949 0.691284 -0.717574 -0.0598328 0.0602825
5745.455735 0.109513 -0.52844 -0.520355 0.691771 -0.717772 -0.0543291 0.0574851
5745.489051 0.106405 -0.53487 -0.507081 0.693006 -0.717286 -0.0492034 0.0531265
5745.522368 0.103874 -0.54117 -0.49322 0.694991 -0.716282 -0.0406494 0.0476977
5745.555684 0.100502 -0.545904 -0.479873 0.696324 -0.715485 -0.0343558 0.0450938
5745.589150 0.0970388 -0.552526 -0.467378 0.697086 -0.7152 -0.0321209 0.0390852
5745.622467 0.0924515 -0.562041 -0.454207 0.696967 -0.715888 -0.0283317 0.0306204
5745.655783 0.0905783 -0.567689 -0.44373 0.695113 -0.718166 -0.0232132 0.0227377
5745.689099 0.0881293 -0.573746 -0.432608 0.691477 -0.721989 -0.01811 0.0162307
5745.722416 0.0818976 -0.576969 -0.42139 0.688279 -0.72524 -0.0132804 0.0111207
5745.755732 0.0726096 -0.581256 -0.408736 0.686518 -0.727065 -0.00562697 0.00619107
5745.789048 0.063712 -0.584414 -0.395853 0.68578 -0.727805 0.00246038 7.80642e-05
5745.822365 0.0616328 -0.588058 -0.387526 -0.683904 0.729476 -0.0104991 0.00551841
5745.855681 0.0555361 -0.592191 -0.376784 -0.681155 0.731883 -0.016588 0.0100302
5745.888997 0.0508479 -0.593297 -0.366792 -0.677729 0.73482 -0.022844 0.0141591
5745.922464 0.0474998 -0.596944 -0.357546 -0.673371 0.738508 -0.0299843 0.0166801
5745.955780 0.0446031 -0.596863 -0.347163 -0.670337 0.740998 -0.0340433 0.0202761
5745.989096 0.0423229 -0.597671 -0.338456 -0.668575 0.742375 -0.0371404 0.0225167
5746.022413 0.0377824 -0.596993 -0.327338 -0.668712 0.742108 -0.0380302 0.0255642
5746.055729 0.0354952 -0.60162 -0.317934 -0.66847 0.742181 -0.0389718 0.0282429
5746.089045 0.0312324 -0.601515 -0.307049 -0.667922 0.742517 -0.0394409 0.0315134
5746.122362 0.025757 -0.600818 -0.295611 -0.665512 0.744445 -0.0411707 0.0346389
5746.155678 0.0201159 -0.602503 -0.284646 -0.662768 0.74666 -0.0436432 0.0364899
5746.188994 0.0147391 -0.603961 -0.273329 -0.661158 0.747956 -0.0439424 0.038755
5746.222311 0.00784569 -0.608466 -0.26273 -0.660081 0.74881 -0.0432519 0.0413109
5746.255777 0.00214157 -0.609833 -0.251075 -0.658361 0.75016 -0.0442788 0.0431183
5746.289093 -0.00367847 -0.611812 -0.23963 -0.655579 0.75239 -0.0476466 0.0430809
5746.322410 -0.00771614 -0.614906 -0.228319 -0.653002 0.754367 -0.0511266 0.0436397
5746.355726 -0.0128139 -0.616279 -0.216034 -0.650715 0.755986 -0.0549185 0.0451617
5746.389042 -0.017119 -0.61547 -0.203288 -0.648133 0.757732 -0.0600894 0.0464174
5746.422359 -0.01973 -0.617183 -0.191553 -0.647911 0.757601 -0.0655795 0.044175
5746.455675 -0.024037 -0.61938 -0.180073 -0.651059 0.754761 -0.0680943 0.0426761
5746.488991 -0.0287653 -0.620222 -0.167839 -0.65449 0.751369 -0.070201 0.0464644
5746.522308 -0.0336297 -0.622434 -0.156792 -0.656864 0.748932 -0.072649 0.0484963
5746.555624 -0.0380934 -0.623608 -0.146312 -0.659402 0.746804 -0.071894 0.048004
5746.588940 -0.0422009 -0.624983 -0.136178 -0.661864 0.744559 -0.0717474 0.0491989
5746.622407 -0.0479687 -0.626077 -0.12591 -0.661905 0.744036 -0.0759353 0.0502708
5746.655723 -0.0508456 -0.628797 -0.116159 -0.65974 0.745362 -0.0841477 0.0458032
5746.689043 -0.0508879 -0.628268 -0.106978 -0.657407 0.747237 -0.0882862 0.0407231
5746.722356 -0.051382 -0.628371 -0.0978908 -0.65632 0.748179 -0.0887915 0.0398436
5746.755672 -0.0539195 -0.629814 -0.0892637 -0.657608 0.747041 -0.0884909 0.040619
5746.788988 -0.0559766 -0.630287 -0.0802624 -0.660874 0.744183 -0.0880243 0.0410967
5746.822305 -0.0592613 -0.632283 -0.0726561 -0.661958 0.743155 -0.0884537 0.0413309
5746.855621 -0.0608009 -0.634021 -0.0626511 -0.662448 0.742217 -0.0911506 0.0443683
5746.888937 -0.0629738 -0.634735 -0.0534528 -0.660386 0.743305 -0.0959205 0.0467708
5746.922254 -0.0652468 -0.63433 -0.0442067 -0.657976 0.744716 -0.101074 0.0474275
5746.955720 -0.0659476 -0.634238 -0.0344232 -0.656872 0.744956 -0.105928 0.0483734
5746.989039 -0.0667447 -0.633834 -0.024729 -0.657384 0.743912 -0.109777 0.0488925
5747.022353 -0.0679515 -0.636352 -0.014797 -0.659285 0.741645 -0.114087 0.047848
5747.055669 -0.0667469 -0.63416 -0.0040538 -0.661884 0.738976 -0.115799 0.0491361
5747.088985 -0.0681329 -0.635438 0.00631343 -0.66422 0.736519 -0.117875 0.0495612
5747.122302 -0.0695483 -0.639035 0.017509 -0.665082 0.734986 -0.121172 0.0527181
5747.155618 -0.0708396 -0.64251 0.0289237 -0.663764 0.735374 -0.123768 0.057654
5747.188934 -0.0725524 -0.64747 0.0399205 -0.660404 0.737669 -0.12527 0.0633847
5747.222251 -0.0746284 -0.654263 0.0518093 -0.654794 0.741421 -0.129959 0.0681838
5747.255567 -0.0762725 -0.661672 0.0644787 -0.648435 0.745208 -0.138344 0.0711126
5747.288883 -0.0772506 -0.668776 0.0775158 -0.642619 0.74804 -0.148479 0.073698
5747.322350 -0.0773484 -0.672509 0.0900633 -0.637742 0.750284 -0.156458 0.0766852
5747.355666 -0.0794241 -0.677378 0.101657 -0.634273 0.751841 -0.161853 0.0789709
5747.388982 -0.0804435 -0.683792 0.113165 -0.632828 0.751453 -0.166455 0.0845023
5747.422299 -0.0830192 -0.687551 0.122962 -0.629954 0.752239 -0.17055 0.0905948
5747.455615 -0.0829567 -0.690552 0.133113 -0.62626 0.753741 -0.175692 0.0938396
5747.488931 -0.0818313 -0.692263 0.142758 -0.623927 0.75464 -0.179678 0.0945998
5747.522248 -0.0813195 -0.693115 0.151401 -0.623713 0.754006 -0.182902 0.0948897
5747.555564 -0.0814022 -0.695188 0.159846 -0.62634 0.751213 -0.185618 0.0944592
5747.588880 -0.0802355 -0.695118 0.168677 -0.62975 0.747903 -0.187803 0.0937316
5747.622197 -0.0805098 -0.695457 0.17712 -0.631651 0.745811 -0.189152 0.0948961
5747.655663 -0.0815031 -0.699744 0.18588 -0.631203 0.745594 -0.190264 0.0973253
5747.688979 -0.0819647 -0.702281 0.194381 -0.629409 0.746905 -0.19029 0.0988234
5747.722296 -0.0824152 -0.703007 0.202931 -0.62714 0.749061 -0.188785 0.0998134
5747.755612 -0.082568 -0.702867 0.212208 -0.625044 0.751345 -0.186209 0.100627
5747.788928 -0.0832997 -0.704222 0.220854 -0.625371 0.752008 -0.183757 0.09813
5747.822245 -0.0832588 -0.702591 0.230367 -0.626471 0.752012 -0.180864 0.0964421
5747.855561 -0.0840668 -0.700963 0.239852 -0.628268 0.751024 -0.17902 0.0958849
5747.888877 -0.0858706 -0.700719 0.249677 -0.630312 0.74935 -0.178931 0.0957381
5747.922194 -0.0880623 -0.698267 0.259961 -0.630653 0.748885 -0.179869 0.0953659
5747.955511 -0.0908344 -0.698581 0.270329 -0.631606 0.747708 -0.181665 0.0948893
5747.988826 -0.0950115 -0.699776 0.280642 -0.630452 0.748502 -0.181415 0.0967636
5748.022293 -0.0996399 -0.701069 0.291611 -0.626234 0.751185 -0.184026 0.0984223
5748.055610 -0.106032 -0.703959 0.30249 -0.620951 0.754012 -0.191845 0.0952998
5748.088925 -0.111509 -0.704565 0.314043 -0.615451 0.75698 -0.197931 0.0950034
5748.122242 -0.118695 -0.706957 0.32457 -0.61042 0.759494 -0.20387 0.0948319
5748.155558 -0.1246 -0.711275 0.335963 -0.605732 0.761901 -0.208874 0.0947004
5748.188874 -0.128412 -0.7108 0.346841 -0.605266 0.762946 -0.206998 0.093367
5748.222191 -0.133877 -0.713893 0.357422 -0.609431 0.76025 -0.203599 0.0957183
5748.255507 -0.139407 -0.718131 0.368247 -0.613396 0.756753 -0.201602 0.102111
5748.288823 -0.144728 -0.721327 0.378268 -0.615505 0.754834 -0.19997 0.10673
5748.322140 -0.149797 -0.722797 0.387759 -0.61388 0.75583 -0.199449 0.109964
5748.355606 -0.154679 -0.725456 0.397158 -0.611493 0.756899 -0.202656 0.110053
5748.388922 -0.157715 -0.726912 0.406944 -0.609841 0.757533 -0.206424 0.107827
5748.422239 -0.160142 -0.726889 0.415725 -0.60955 0.758334 -0.205906 0.10479
5748.455555 -0.161392 -0.726568 0.42473 -0.611933 0.757811 -0.202155 0.101946
5748.488871 -0.162805 -0.726153 0.433608 -0.61641 0.755794 -0.197326 0.0993832
5748.522188 -0.164335 -0.726283 0.442906 -0.620626 0.753338 -0.194495 0.0973532
5748.555504 -0.166371 -0.726479 0.452108 -0.623266 0.751133 -0.194515 0.0974872
5748.588820 -0.168612 -0.727004 0.46141 -0.62352 0.750183 -0.197097 0.0979884
5748.622137 -0.17106 -0.727623 0.470562 -0.620838 0.75114 -0.201163 0.0994053
5748.655453 -0.175035 -0.728817 0.478855 -0.61665 0.752762 -0.206812 0.101594
5748.688769 -0.177873 -0.730481 0.488142 -0.611161 0.754464 -0.214642 0.105804
5748.722236 -0.181534 -0.732144 0.496812 -0.604919 0.756516 -0.22204 0.111598
5748.755552 -0.18526 -0.733921 0.505122 -0.599797 0.757682 -0.228555 0.117998
5748.788868 -0.190328 -0.735995 0.512413 -0.596901 0.756934 -0.235947 0.122838
5748.822189 -0.196316 -0.741023 0.519564 -0.593899 0.755208 -0.244148 0.131672
5748.855501 -0.201955 -0.746388 0.526272 -0.588599 0.755089 -0.251215 0.142418
5748.888817 -0.205558 -0.749986 0.533676 -0.582108 0.75597 -0.257635 0.152591
5748.922134 -0.208843 -0.751449 0.540778 -0.572303 0.759197 -0.265305 0.160319
5748.955450 -0.215937 -0.753707 0.544674 -0.561615 0.7627 -0.275851 0.163657
5748.988766 -0.21956 -0.756364 0.551193 -0.558394 0.760159 -0.286665 0.167862
5749.022083 -0.222925 -0.758335 0.556115 -0.557861 0.757891 -0.289792 0.174392
5749.055549 -0.22454 -0.758691 0.560686 -0.560478 0.75476 -0.289603 0.179811
5749.088865 -0.224814 -0.758553 0.5656 -0.561862 0.752402 -0.291131 0.182881
5749.122184 -0.224694 -0.75849 0.569961 -0.562265 0.751626 -0.293742 0.180643
5749.155498 -0.223109 -0.758688 0.575159 -0.561807 0.752045 -0.296859 0.175148
5749.188814 -0.221288 -0.758297 0.579799 -0.560782 0.753771 -0.29858 0.167937
5749.222131 -0.217183 -0.757178 0.585491 -0.562052 0.755234 -0.296629 0.160406
5749.255447 -0.2138 -0.756995 0.590392 -0.564338 0.756965 -0.289943 0.156396
5749.288763 -0.209995 -0.757548 0.595522 -0.567467 0.758141 -0.281998 0.153885
5749.322080 -0.204682 -0.757475 0.601761 -0.569955 0.759925 -0.274822 0.148791
5749.355396 -0.199095 -0.757672 0.607634 -0.573129 0.761614 -0.266718 0.142581
5749.388862 -0.192556 -0.756474 0.613262 -0.577392 0.763186 -0.256558 0.135441
5749.422179 -0.184791 -0.754895 0.619496 -0.5846 0.762632 -0.24742 0.124171
5749.455495 -0.174201 -0.7508 0.626548 -0.591353 0.762175 -0.236552 0.115902
5749.488811 -0.166216 -0.750415 0.632632 -0.598469 0.761575 -0.224536 0.106876
5749.522128 -0.157194 -0.747963 0.638631 -0.603023 0.763335 -0.209777 0.0983708
5749.555444 -0.148387 -0.74721 0.644647 -0.605827 0.765784 -0.196332 0.0894546
5749.588760 -0.13954 -0.746072 0.650119 -0.607756 0.768569 -0.183304 0.0795928
5749.622077 -0.129067 -0.742498 0.655843 -0.610125 0.77096 -0.168778 0.0698783
5749.655393 -0.119328 -0.740811 0.660348 -0.617149 0.769372 -0.154716 0.0570682
5749.688712 -0.108781 -0.739186 0.664779 -0.625004 0.767004 -0.13792 0.0453057
5749.722026 -0.0970227 -0.737233 0.668827 -0.63399 0.763341 -0.11908 0.0344532
5749.755492 -0.0854849 -0.736999 0.672619 -0.640903 0.760584 -0.101357 0.0219352
5749.788808 -0.0748644 -0.736397 0.675581 -0.646324 0.758228 -0.0851261 0.0104384
5749.822129 -0.0633097 -0.738648 0.678709 0.64955 -0.75701 0.0708611 0.000681136
5749.855441 -0.0537919 -0.739555 0.681538 0.652869 -0.755538 0.0528892 0.0112545
5749.888757 -0.0445701 -0.740172 0.684656 0.657986 -0.751977 0.0326585 0.0227579
5749.922074 -0.035113 -0.736632 0.687467 0.664512 -0.746503 0.0104195 0.0323632
5749.955390 -0.0273028 -0.739184 0.689573 0.665994 -0.744393 -0.0071616 0.0477447
5749.988706 -0.0159965 -0.734872 0.691919 0.672025 -0.737548 -0.0236678 0.0620097
5750.022023 -0.00649559 -0.731999 0.693498 0.677092 -0.730697 -0.0399189 0.0776887
5750.055339 0.00296645 -0.731041 0.694146 0.680792 -0.724531 -0.0557302 0.0920399
5750.088805 0.0125913 -0.73036 0.69395 0.683144 -0.718689 -0.0730336 0.107078
5750.122122 0.0226575 -0.731149 0.692332 0.682247 -0.714774 -0.0892918 0.125159
5750.155438 0.0322287 -0.728294 0.690971 0.677931 -0.712826 -0.105665 0.145336
5750.188754 0.044827 -0.724915 0.688239 0.676283 -0.708061 -0.123488 0.161375
5750.222071 0.0621907 -0.724183 0.681806 0.672049 -0.706483 -0.139778 0.172319
5750.255387 0.0751725 -0.714305 0.677533 0.674073 -0.698142 -0.161463 0.179314
5750.288703 0.0892528 -0.709346 0.671179 0.674204 -0.691361 -0.178239 0.188946
5750.322020 0.10204 -0.706092 0.663853 0.672816 -0.685121 -0.193528 0.201181
5750.355336 0.11544 -0.7038 0.655733 0.669453 -0.680684 -0.207378 0.213299
5750.388653 0.122451 -0.707642 0.651656 0.661756 -0.678763 -0.219157 0.230933
5750.421969 0.128789 -0.712177 0.647325 0.657247 -0.674543 -0.228449 0.246634
5750.455435 0.1379 -0.715044 0.638782 0.656569 -0.667093 -0.238121 0.259235
5750.488751 0.149207 -0.71577 0.628245 0.655596 -0.660675 -0.24649 0.270084
5750.522068 0.162216 -0.716042 0.615135 0.655537 -0.653323 -0.25467 0.280327
5750.555384 0.172738 -0.717216 0.603572 0.653934 -0.646894 -0.264289 0.289913
5750.588700 0.182309 -0.717644 0.592107 0.65046 -0.641386 -0.276082 0.298839
5750.622017 0.190899 -0.717086 0.581388 0.648015 -0.635035 -0.288898 0.305525
5750.655333 0.198592 -0.716621 0.571292 0.645716 -0.628453 -0.303178 0.31013
5750.688649 0.205624 -0.716524 0.561208 0.64477 -0.619947 -0.317971 0.314375
5750.721966 0.211755 -0.71756 0.551491 0.644033 -0.611155 -0.332627 0.317916
5750.755282 0.217729 -0.71934 0.54127 0.641968 -0.60542 -0.345409 0.319432
5750.788748 0.223922 -0.721579 0.530611 0.640103 -0.600486 -0.355433 0.321484
5750.822065 0.230183 -0.723029 0.519929 0.635289 -0.597601 -0.365144 0.325502
5750.855381 0.238452 -0.726185 0.506306 0.63594 -0.591024 -0.375874 0.324021
5750.888698 0.243261 -0.729204 0.496721 0.632314 -0.588058 -0.384635 0.326226
5750.922014 0.248782 -0.731729 0.486151 0.63002 -0.584771 -0.391915 0.327902
5750.955330 0.254916 -0.736632 0.474722 0.629636 -0.580768 -0.398654 0.327633
5750.988646 0.262684 -0.740475 0.46112 0.628443 -0.579179 -0.404048 0.326122
5751.021963 0.269522 -0.744658 0.448267 0.622075 -0.581751 -0.40899 0.327591
5751.055279 0.275968 -0.749978 0.434934 0.613199 -0.586099 -0.413927 0.330362
5751.088595 0.282562 -0.75673 0.420348 0.60615 -0.587867 -0.420015 0.332537
5751.121912 0.288544 -0.763509 0.406238 0.603926 -0.585397 -0.427747 0.331084
5751.155378 0.294239 -0.767851 0.393432 0.599594 -0.586299 -0.434876 0.328059
5751.188694 0.299103 -0.773695 0.380906 0.596365 -0.585804 -0.443086 0.323816
5751.222011 0.306842 -0.781482 0.363592 0.597211 -0.580362 -0.451962 0.319766
5751.255327 0.308287 -0.785647 0.352599 0.593694 -0.577515 -0.459624 0.320546
5751.288643 0.31432 -0.788289 0.337322 0.583114 -0.577522 -0.470593 0.324019
5751.321961 0.320328 -0.791478 0.320204 0.572575 -0.575491 -0.484647 0.325707
5751.355276 0.327283 -0.797184 0.300801 0.564442 -0.570097 -0.499819 0.326459
5751.388592 0.325758 -0.800281 0.2904 0.55651 -0.566019 -0.511186 0.329557
5751.421909 0.332234 -0.800707 0.275339 0.54913 -0.56026 -0.524393 0.331024
5751.455225 0.336107 -0.801535 0.260804 0.542733 -0.555021 -0.533951 0.335095
5751.488691 0.338351 -0.798262 0.250429 0.535214 -0.550188 -0.543307 0.340082
5751.522008 0.341628 -0.794597 0.240196 0.52958 -0.54553 -0.550953 0.344083
5751.555325 0.348409 -0.788079 0.227752 0.524876 -0.540859 -0.557954 0.347369
5751.588640 0.355406 -0.778717 0.215889 0.521921 -0.533956 -0.56518 0.350799
5751.621957 0.361006 -0.768024 0.205736 0.518575 -0.527096 -0.571949 0.35514
5751.655273 0.370336 -0.762018 0.191782 0.522724 -0.512111 -0.578434 0.360439
5751.688589 0.378111 -0.751665 0.181157 0.522859 -0.501702 -0.579282 0.373291
5751.721906 0.385837 -0.740065 0.172392 0.521223 -0.492668 -0.578237 0.388904
5751.755222 0.393491 -0.728352 0.164486 0.519408 -0.484989 -0.577099 0.402439
5751.788538 0.400814 -0.7186 0.15746 0.517837 -0.478208 -0.577114 0.412434
5751.821855 0.408424 -0.709684 0.148897 0.516199 -0.472 -0.577709 0.420721
5751.855321 0.415876 -0.702041 0.140809 0.516771 -0.463562 -0.578026 0.428887
5751.888637 0.423591 -0.693393 0.132282 0.516282 -0.456083 -0.579633 0.435278
5751.921954 0.430986 -0.68481 0.123418 0.517543 -0.448062 -0.580551 0.440852
5751.955270 0.438813 -0.675623 0.113813 0.520621 -0.437985 -0.579821 0.448253
5751.988587 0.446009 -0.666778 0.104629 0.524359 -0.425058 -0.579235 0.457012
5752.021903 0.453531 -0.657083 0.0944854 0.524402 -0.414959 -0.582583 0.461961
5752.055219 0.461091 -0.647591 0.083941 0.526309 -0.402567 -0.586606 0.465653
5752.088535 0.469499 -0.64019 0.0721778 0.529251 -0.386376 -0.590982 0.470476
5752.121852 0.474101 -0.635705 0.062031 0.529448 -0.373591 -0.595797 0.47449
5752.155168 0.481417 -0.634784 0.0464566 0.529473 -0.363196 -0.597597 0.480235
5752.188634 0.490611 -0.639027 0.0212892 0.531505 -0.351154 -0.598136 0.486238
5752.221951 0.49831 -0.642907 0.00606486 0.530251 -0.337732 -0.600022 0.494716
5752.255267 0.502287 -0.637868 -0.0108486 0.530368 -0.331809 -0.601058 0.497334
5752.288583 0.505665 -0.629997 -0.0288494 0.533649 -0.325699 -0.600538 0.49849
5752.321900 0.5111 -0.623111 -0.043296 0.538412 -0.315648 -0.599412 0.501183
5752.355216 0.51511 -0.616727 -0.0534916 0.539699 -0.306881 -0.594868 0.510569
5752.388532 0.519179 -0.611238 -0.0603308 0.534552 -0.298843 -0.594361 0.521232
5752.421849 0.525375 -0.606506 -0.0709215 0.531105 -0.290629 -0.595721 0.527806
5752.455165 0.529989 -0.603109 -0.0747208 0.526899 -0.283449 -0.597316 0.534087
5752.488481 0.533546 -0.599199 -0.0826857 0.524946 -0.27537 -0.599614 0.537649
5752.521948 0.536259 -0.595182 -0.0934757 0.525807 -0.268439 -0.599796 0.540104
5752.555264 0.54413 -0.594862 -0.0864514 0.517721 -0.25574 -0.601853 0.551666
5752.588580 0.544871 -0.590428 -0.0970884 0.516191 -0.24982 -0.601941 0.555702
5752.621897 0.547609 -0.587832 -0.102251 0.512538 -0.242604 -0.601215 0.563017
5752.655213 0.55022 -0.5847 -0.113749 0.509085 -0.237509 -0.602814 0.566602
5752.688529 0.553803 -0.582332 -0.129247 0.504292 -0.23706 -0.607634 0.565927
5752.721846 0.557199 -0.580589 -0.143065 0.501175 -0.240586 -0.610561 0.564055
5752.755162 0.559623 -0.578329 -0.156406 0.499273 -0.240187 -0.611964 0.56439
5752.788478 0.559623 -0.573762 -0.17546 0.497444 -0.24255 -0.613433 0.5634
5752.821795 0.55993 -0.570718 -0.192759 0.496163 -0.246082 -0.614918 0.561374
5752.855111 0.556029 -0.56492 -0.217205 0.498142 -0.249625 -0.613598 0.559499
5752.888577 0.564627 -0.565726 -0.221819 0.498703 -0.246241 -0.613393 0.560722
5752.921894 0.567755 -0.563942 -0.235083 0.502046 -0.245745 -0.611016 0.560552
5752.955210 0.570561 -0.562431 -0.250886 0.50328 -0.246785 -0.60927 0.560889
5752.988526 0.571295 -0.559162 -0.275548 0.502038 -0.25263 -0.607657 0.56115
5753.021843 0.571993 -0.558379 -0.29722 0.496343 -0.261487 -0.607591 0.562229
5753.055159 0.573542 -0.56037 -0.31407 0.487191 -0.273881 -0.608986 0.562824
5753.088475 0.575776 -0.564015 -0.325517 0.478346 -0.287404 -0.610389 0.562147
5753.121792 0.579959 -0.567988 -0.335254 0.472278 -0.300257 -0.609321 0.561718
5753.155108 0.584409 -0.571833 -0.340944 0.469082 -0.310834 -0.606512 0.561683
5753.188424 0.589249 -0.57481 -0.345856 0.469472 -0.319582 -0.602604 0.560653
5753.221891 0.594801 -0.579738 -0.347583 0.468991 -0.330185 -0.60024 0.557439
5753.255207 0.598413 -0.584777 -0.351692 0.467669 -0.343969 -0.599705 0.55075
5753.288523 0.597621 -0.590211 -0.35855 0.46905 -0.355148 -0.600422 0.541623
5753.321840 0.601279 -0.597047 -0.360175 0.472085 -0.368285 -0.598263 0.532525
5753.355156 0.611107 -0.590038 -0.360465 0.467587 -0.39178 -0.595468 0.522769
5753.388472 0.620315 -0.582635 -0.368978 0.468916 -0.413301 -0.592489 0.50819
5753.421789 0.632329 -0.580464 -0.365866 0.469703 -0.428577 -0.592327 0.494823
5753.455105 0.642145 -0.584572 -0.354693 0.471481 -0.439885 -0.591212 0.484432
5753.488421 0.646769 -0.594172 -0.343185 0.48111 -0.446676 -0.589993 0.470024
5753.521738 0.654415 -0.604392 -0.331068 0.488004 -0.454068 -0.587859 0.458363
5753.555054 0.661111 -0.608086 -0.318661 0.495807 -0.460922 -0.585695 0.445744
5753.588520 0.666939 -0.613457 -0.306601 0.504481 -0.46705 -0.582719 0.433361
5753.621837 0.676688 -0.609042 -0.300953 0.508804 -0.480842 -0.576343 0.421591
5753.655153 0.685547 -0.603652 -0.29394 0.518025 -0.492917 -0.567786 0.407802
5753.688470 0.689739 -0.61527 -0.285065 0.528563 -0.501247 -0.556416 0.399718
5753.721786 0.694608 -0.619965 -0.275624 0.534413 -0.512396 -0.549704 0.386885
5753.755102 0.699447 -0.62396 -0.266867 0.540254 -0.523018 -0.544472 0.371657
5753.788418 0.704547 -0.624586 -0.257434 0.546646 -0.534346 -0.537711 0.355697
5753.821735 0.709311 -0.624585 -0.248273 0.554618 -0.543626 -0.527692 0.344108
5753.855051 0.713083 -0.626279 -0.240718 0.565249 -0.549127 -0.51443 0.338104
5753.888367 0.716492 -0.623952 -0.232929 0.574349 -0.556156 -0.500667 0.331884
5753.921834 0.709861 -0.615009 -0.208941 0.572776 -0.568696 -0.490139 0.329054
5753.955150 0.71758 -0.608504 -0.215081 0.583118 -0.579678 -0.475334 0.313059
5753.988467 0.714596 -0.611764 -0.207518 0.592274 -0.586394 -0.459518 0.306914
5754.021783 0.681611 -0.608376 -0.171448 0.597972 -0.596533 -0.443169 0.300297
5754.055099 0.680227 -0.60628 -0.169116 0.608799 -0.60033 -0.431677 0.287441
5754.088415 0.676297 -0.602307 -0.164763 0.621159 -0.602768 -0.419308 0.273885
5754.121732 0.670777 -0.599147 -0.159261 0.631443 -0.606564 -0.402561 0.267031
5754.155048 0.667603 -0.593709 -0.156746 0.639744 -0.610053 -0.384517 0.265912
5754.188364 0.664638 -0.590037 -0.156115 0.646928 -0.613497 -0.362976 0.27084
5754.221681 0.661351 -0.586352 -0.156241 0.652497 -0.61671 -0.343527 0.27551
5754.254997 0.658854 -0.583448 -0.158181 0.660937 -0.617686 -0.326178 0.27429
5754.288463 0.65528 -0.580307 -0.15956 0.669059 -0.618875 -0.312526 0.267733
5754.321780 0.651717 -0.577485 -0.161631 0.678427 -0.618673 -0.302116 0.256333
5754.355096 0.646925 -0.575268 -0.162662 0.690436 -0.616112 -0.289089 0.245217
5754.388412 0.643469 -0.572427 -0.165889 0.696309 -0.61958 -0.27494 0.235971
5754.421729 0.640751 -0.570722 -0.170218 0.698873 -0.626237 -0.258011 0.229857
5754.455045 0.637361 -0.569135 -0.174528 0.696147 -0.636025 -0.242316 0.228331
5754.488361 0.635835 -0.567139 -0.18061 0.69439 -0.644384 -0.226364 0.226607
5754.521678 0.631734 -0.563034 -0.183695 0.6933 -0.652299 -0.209683 0.223324
5754.554994 0.62954 -0.560081 -0.188412 0.695385 -0.657589 -0.192873 0.216371
5754.588310 0.629214 -0.557945 -0.19455 0.700402 -0.656809 -0.185165 0.209171
5754.621777 0.628407 -0.556477 -0.200685 0.702706 -0.655657 -0.187306 0.203063
5754.655093 0.631203 -0.555028 -0.208949 0.708386 -0.651268 -0.192073 0.192738
5754.688409 0.632554 -0.553873 -0.215578 0.713227 -0.647137 -0.197054 0.18355
5754.721726 0.633586 -0.551802 -0.22146 0.715477 -0.644973 -0.199091 0.18018
5754.755042 0.635622 -0.549463 -0.22739 0.717116 -0.643237 -0.198179 0.180874
5754.788358 0.638426 -0.546939 -0.233739 0.719825 -0.64066 -0.196237 0.181377
5754.821675 0.640558 -0.543764 -0.239191 0.723126 -0.637223 -0.194767 0.181936
5754.854991 0.641892 -0.541678 -0.243617 0.726372 -0.634773 -0.191398 0.181145
5754.888307 0.64211 -0.53909 -0.246537 0.729987 -0.63262 -0.187081 0.178639
5754.921624 0.642646 -0.538202 -0.250051 0.731392 -0.633143 -0.181583 0.176702
5754.954940 0.642656 -0.537908 -0.253197 0.731488 -0.63498 -0.177724 0.173608
5754.988406 0.642599 -0.538593 -0.256263 0.731925 -0.635962 -0.177518 0.1683
5755.021723 0.64323 -0.538358 -0.259787 0.732483 -0.635657 -0.179482 0.164909
5755.055039 0.643662 -0.537947 -0.262887 0.732537 -0.634952 -0.180505 0.166267
5755.088355 0.642666 -0.537402 -0.26421 0.732378 -0.633922 -0.180487 0.17085
5755.121672 0.644126 -0.533226 -0.266724 0.734956 -0.630398 -0.180222 0.173084
5755.154988 0.644705 -0.533674 -0.267902 0.74022 -0.623956 -0.177716 0.176551
5755.188304 0.645561 -0.532271 -0.269258 0.746183 -0.617334 -0.176672 0.175774
5755.221621 0.646012 -0.531294 -0.270434 0.751601 -0.611067 -0.176865 0.17439
5755.254937 0.64755 -0.530072 -0.272518 0.753965 -0.607856 -0.177783 0.174475
5755.288253 0.648041 -0.530684 -0.273906 0.755081 -0.606146 -0.179089 0.174262
5755.321720 0.648221 -0.530614 -0.275109 0.755726 -0.605575 -0.180965 0.171489
5755.355036 0.646814 -0.530188 -0.275244 0.753794 -0.607797 -0.181893 0.171149
5755.388352 0.646951 -0.529962 -0.276268 0.752022 -0.610107 -0.181296 0.171359
5755.421669 0.647716 -0.529634 -0.277636 0.751783 -0.610388 -0.181137 0.171576
5755.454985 0.648165 -0.528929 -0.278774 0.752834 -0.608643 -0.183257 0.170916
5755.488301 0.648796 -0.528102 -0.280018 0.753637 -0.607132 -0.186075 0.169699
5755.521618 0.649403 -0.527343 -0.281127 0.754554 -0.605348 -0.187622 0.170294
5755.554934 0.649563 -0.526253 -0.281779 0.755266 -0.603417 -0.189861 0.171503
5755.588250 0.650485 -0.525668 -0.282863 0.75512 -0.602729 -0.191906 0.172288
5755.621567 0.650998 -0.525008 -0.283368 0.754413 -0.602826 -0.193208 0.173587
5755.654883 0.651748 -0.524604 -0.28396 0.753808 -0.602654 -0.194502 0.175358
5755.688349 0.653 -0.524212 -0.2851 0.751318 -0.603804 -0.196848 0.179421
5755.721666 0.654152 -0.524524 -0.286231 0.748885 -0.604623 -0.200252 0.183031
5755.754982 0.65476 -0.524773 -0.286886 0.748128 -0.60406 -0.204111 0.183725
5755.788298 0.655138 -0.524495 -0.287041 0.747875 -0.603135 -0.206287 0.185357
5755.821615 0.655959 -0.52376 -0.286962 0.747108 -0.603021 -0.206222 0.188856
5755.854931 0.65634 -0.523266 -0.286518 0.746887 -0.602435 -0.20704 0.190699
5755.888247 0.657273 -0.523127 -0.286134 0.74673 -0.60194 -0.207668 0.192188
5755.921564 0.658463 -0.523018 -0.285878 0.74645 -0.601639 -0.209126 0.192637
5755.954880 0.659363 -0.523223 -0.285924 0.745222 -0.601817 -0.21366 0.191858
5755.988196 0.661637 -0.523373 -0.287301 0.743199 -0.602233 -0.21854 0.1929
5756.021663 0.663303 -0.523506 -0.288335 0.739267 -0.604434 -0.22267 0.19637
5756.054979 0.66515 -0.522402 -0.289349 0.735984 -0.605773 -0.225381 0.201422
5756.088295 0.667169 -0.521105 -0.290407 0.735701 -0.604474 -0.227574 0.203874
5756.121612 0.667025 -0.520414 -0.290262 0.736442 -0.602634 -0.231217 0.202543
5756.154928 0.667815 -0.519909 -0.290878 0.735521 -0.602983 -0.232959 0.202856
5756.188244 0.669398 -0.519861 -0.292451 0.734684 -0.603299 -0.233605 0.204202
5756.221561 0.668186 -0.520088 -0.292406 0.732196 -0.605221 -0.236939 0.203607
5756.254877 0.667846 -0.520958 -0.293386 0.729785 -0.607446 -0.240962 0.200901
5756.288193 0.665908 -0.52229 -0.293105 0.727265 -0.610108 -0.243026 0.199478
5756.321510 0.662945 -0.523741 -0.291567 0.726679 -0.61165 -0.241727 0.19847
5756.354976 0.661951 -0.524461 -0.291318 0.72695 -0.613397 -0.237898 0.196704
5756.388292 0.660827 -0.525273 -0.29113 0.727627 -0.614393 -0.234804 0.194801
5756.421609 0.65852 -0.525217 -0.290089 0.728062 -0.614781 -0.23346 0.193563
5756.454925 0.6565 -0.525822 -0.28933 0.728995 -0.614453 -0.232224 0.192578
5756.488241 0.654803 -0.526266 -0.288706 0.729115 -0.615069 -0.230965 0.191667
5756.521558 0.653421 -0.526477 -0.288027 0.728643 -0.61658 -0.229186 0.190739
5756.554874 0.652986 -0.526801 -0.287878 0.728206 -0.617979 -0.227392 0.190031
