12311.634902 0 0 0 0 0 0 1
12311.671765 -0.00512105 0.00664228 0.0104988 0.000600078 0.00460273 -0.00210578 0.999987
12311.708628 -0.0122936 0.0117937 0.0196099 0.00167891 0.0112481 -0.00464641 0.999925
12311.745492 -0.0184052 0.0214755 0.0323765 0.00461781 0.0177121 -0.00851795 0.999796
12311.782355 -0.0259303 0.0321315 0.0433989 0.00730635 0.0238282 -0.0130459 0.999604
12311.819219 -0.034068 0.0431895 0.0556955 0.0086181 0.0308177 -0.0182295 0.999322
12311.856082 -0.0394342 0.0529504 0.0675001 0.00785899 0.0381833 -0.0216721 0.999005
12311.892946 -0.0552988 0.0613524 0.081108 0.0057764 0.0500628 -0.0248864 0.998419
12311.929809 -0.0637212 0.0705862 0.0911718 0.00420138 0.0609975 -0.0258369 0.997795
12311.966673 -0.0704373 0.0778153 0.10329 0.0023451 0.0711139 -0.027834 0.997077
12312.003536 -0.0818084 0.087152 0.11551 0.000611187 0.081127 -0.0301618 0.996247
12312.040400 -0.0906106 0.0975687 0.126148 0.00147828 0.0889861 -0.0327427 0.995493
12312.077263 -0.0919112 0.107261 0.139008 0.00562112 0.0934936 -0.0340211 0.995023
12312.114126 -0.100622 0.118379 0.155102 0.011016 0.0984104 -0.0377841 0.994367
12312.150990 -0.110348 0.12836 0.170751 0.0129511 0.103183 -0.0417312 0.993702
12312.187853 -0.114419 0.135705 0.183099 0.00981746 0.107586 -0.0446912 0.993142
12312.224717 -0.116049 0.144253 0.194814 0.00527826 0.113178 -0.0460815 0.992491
12312.261580 -0.123725 0.149793 0.211 0.00166394 0.119609 -0.0478657 0.991665
12312.298444 -0.122616 0.156117 0.226039 0.00104175 0.124065 -0.0486366 0.991081
12312.335307 -0.113474 0.162355 0.240303 0.00198251 0.126248 -0.05003 0.990734
12312.372170 -0.118239 0.173886 0.260877 0.00399457 0.129787 -0.0537006 0.990079
12312.409034 -0.122292 0.180453 0.278616 0.00492004 0.132189 -0.0573228 0.989553
12312.445897 -0.119754 0.188899 0.297077 0.00607914 0.133115 -0.0605088 0.989233
12312.482761 -0.120246 0.195291 0.315947 0.00749477 0.134551 -0.0643565 0.988786
12312.519624 -0.121005 0.205838 0.334192 0.010987 0.135984 -0.0691094 0.988237
12312.556488 -0.109813 0.214345 0.350812 0.0148192 0.136196 -0.0714369 0.987992
12312.593351 -0.109584 0.220238 0.370827 0.0177126 0.139432 -0.0746707 0.987253
12312.630215 -0.11139 0.228533 0.389458 0.0218336 0.143702 -0.0771172 0.98637
12312.667078 -0.103172 0.232699 0.406361 0.0266702 0.14585 -0.0771241 0.985935
12312.703941 -0.0984945 0.237379 0.423801 0.0322665 0.150334 -0.0750975 0.985251
12312.740805 -0.10065 0.244029 0.441838 0.039029 0.15701 -0.0695947 0.984368
12312.777668 -0.0979314 0.250526 0.459643 0.0479128 0.162344 -0.0644345 0.983462
12312.814532 -0.0934274 0.256854 0.478067 0.0587112 0.168215 -0.0606504 0.982129
12312.851395 -0.0891852 0.262296 0.495373 0.067676 0.175964 -0.0560574 0.980466
12312.888258 -0.0880288 0.266182 0.51102 0.0709458 0.185954 -0.0498668 0.978724
12312.925122 -0.0896918 0.269688 0.524924 0.0689172 0.197133 -0.0424055 0.977032
12312.961986 -0.0866743 0.278635 0.542374 0.0660042 0.204939 -0.036649 0.975859
12312.998849 -0.0879911 0.285358 0.554006 0.062702 0.209029 -0.0356724 0.975245
12313.035712 -0.081702 0.292487 0.566625 0.0631684 0.208766 -0.0372613 0.975212
12313.072576 -0.080911 0.302877 0.581659 0.0667778 0.207992 -0.040407 0.975012
12313.109439 -0.0853218 0.313007 0.597578 0.069967 0.208353 -0.0429509 0.974602
12313.146303 -0.0818179 0.323663 0.611298 0.0713971 0.209476 -0.0445183 0.974187
12313.183166 -0.0927387 0.333517 0.62642 0.0701866 0.216645 -0.0458351 0.972645
12313.220030 -0.100129 0.342599 0.640461 0.0675492 0.22535 -0.0471112 0.970791
12313.256893 -0.104325 0.351374 0.653519 0.0642759 0.234446 -0.0488258 0.968772
12313.293757 -0.113755 0.360149 0.668648 0.060605 0.244527 -0.0513262 0.966385
12313.330620 -0.123458 0.372559 0.68323 0.0578835 0.253716 -0.0545883 0.964001
12313.367483 -0.128357 0.384259 0.696501 0.0568053 0.262148 -0.0574471 0.96164
12313.404347 -0.142352 0.395274 0.712592 0.0560271 0.275009 -0.0579549 0.958056
12313.441210 -0.155829 0.407102 0.729448 0.0573892 0.290701 -0.0561768 0.953438
12313.478074 -0.164771 0.418125 0.74398 0.0609009 0.306636 -0.0533277 0.948378
12313.514937 -0.172159 0.432032 0.755647 0.066247 0.322072 -0.0516185 0.942983
12313.551800 -0.185024 0.442199 0.776415 0.0713651 0.337689 -0.051976 0.937108
12313.588664 -0.195501 0.45083 0.794189 0.0748842 0.350841 -0.0552085 0.931802
12313.625528 -0.208119 0.455747 0.811793 0.0744358 0.36325 -0.0599601 0.926776
12313.662391 -0.212477 0.46549 0.829848 0.0700834 0.3727 -0.0653537 0.922991
12313.699254 -0.225299 0.470329 0.847883 0.060151 0.380656 -0.0723499 0.919918
12313.736118 -0.228069 0.480431 0.865755 0.050807 0.384803 -0.0801908 0.918104
12313.772981 -0.232732 0.490464 0.882106 0.0415494 0.385538 -0.0911671 0.917236
12313.809845 -0.248166 0.492297 0.906654 0.0328768 0.386908 -0.102463 0.915818
12313.846708 -0.248811 0.503459 0.924337 0.0284607 0.383886 -0.11426 0.915842
12313.883572 -0.254974 0.513263 0.942299 0.0256357 0.380969 -0.12591 0.915616
12313.920435 -0.259297 0.520516 0.95955 0.0257574 0.37717 -0.136049 0.915735
12313.957298 -0.259466 0.534091 0.974866 0.0302325 0.372219 -0.145686 0.916141
12313.994162 -0.262976 0.544554 0.992709 0.0363903 0.367841 -0.153624 0.916389
12314.031025 -0.268652 0.556404 1.00796 0.04261 0.364432 -0.160424 0.916317
12314.067889 -0.268137 0.568535 1.02157 0.0489643 0.360287 -0.166287 0.916594
12314.104752 -0.26872 0.579206 1.03509 0.0564614 0.356563 -0.17249 0.916473
12314.141616 -0.268474 0.589462 1.04884 0.0668402 0.352411 -0.179731 0.915989
12314.178479 -0.263417 0.602934 1.06243 0.0798518 0.349104 -0.186197 0.914921
12314.215342 -0.258715 0.610017 1.07366 0.0899771 0.35037 -0.187483 0.913234
12314.252206 -0.256581 0.612703 1.08249 0.0965155 0.355826 -0.184626 0.911036
12314.289070 -0.257234 0.619636 1.09741 0.102593 0.364737 -0.181572 0.907454
12314.325933 -0.255249 0.625034 1.10926 0.105507 0.375129 -0.177028 0.903774
12314.362796 -0.254503 0.63116 1.11852 0.104073 0.386075 -0.172008 0.900293
12314.399660 -0.256906 0.637427 1.13353 0.100765 0.395575 -0.170472 0.896831
12314.436523 -0.251139 0.646042 1.14322 0.0989793 0.399761 -0.173605 0.89457
12314.473387 -0.245982 0.655046 1.1533 0.0976106 0.401044 -0.181121 0.892654
12314.510250 -0.242773 0.663602 1.16463 0.0960436 0.401285 -0.18977 0.890917
12314.547113 -0.236771 0.672273 1.17314 0.0919885 0.401663 -0.19735 0.889527
12314.583977 -0.238114 0.680585 1.18473 0.0848546 0.40559 -0.203319 0.887106
12314.620841 -0.237111 0.690522 1.19481 0.0788996 0.410423 -0.209426 0.884007
12314.657704 -0.231305 0.702252 1.2051 0.077216 0.414546 -0.216524 0.880515
12314.694567 -0.228397 0.713005 1.21738 0.0798737 0.419392 -0.223975 0.876108
12314.731431 -0.22557 0.723902 1.23031 0.0837389 0.425665 -0.229408 0.871303
12314.768294 -0.222297 0.73741 1.24287 0.0874636 0.433499 -0.231847 0.866415
12314.805158 -0.218096 0.74817 1.25259 0.0898055 0.442052 -0.231152 0.862029
12314.842021 -0.212648 0.761259 1.26733 0.0930418 0.45022 -0.230647 0.857582
12314.878885 -0.210238 0.772238 1.28265 0.0957014 0.457415 -0.231888 0.853136
12314.915748 -0.205859 0.780844 1.29404 0.0967903 0.462686 -0.233934 0.849605
12314.952612 -0.199553 0.791331 1.30913 0.0986221 0.46878 -0.236456 0.845345
12314.989475 -0.195522 0.798745 1.32336 0.0986837 0.476372 -0.237753 0.840717
12315.026338 -0.187371 0.808218 1.33405 0.0972568 0.483605 -0.240689 0.835905
12315.063202 -0.182158 0.814916 1.34606 0.0914254 0.491512 -0.245569 0.830514
12315.100065 -0.179423 0.81864 1.35771 0.0827455 0.499475 -0.250949 0.825047
12315.136929 -0.168427 0.828883 1.36797 0.0757308 0.505962 -0.258872 0.8193
12315.173792 -0.162692 0.833868 1.38011 0.0689579 0.512225 -0.268729 0.812807
12315.210655 -0.157471 0.835221 1.3955 0.0631119 0.519497 -0.279158 0.805115
12315.247519 -0.149282 0.83826 1.40606 0.0573161 0.527319 -0.289006 0.796947
12315.284383 -0.142093 0.843332 1.42014 0.0514774 0.538054 -0.296141 0.787495
12315.321246 -0.130502 0.850167 1.4291 0.0474 0.54751 -0.303361 0.778433
12315.358109 -0.1212 0.856443 1.44428 0.0450746 0.556416 -0.310809 0.769264
12315.394973 -0.105891 0.862997 1.4507 0.0444135 0.562192 -0.319849 0.761357
12315.431836 -0.0887638 0.873554 1.45732 0.0453504 0.56663 -0.32943 0.753889
12315.468700 -0.0769312 0.875329 1.46909 0.0445542 0.570355 -0.336997 0.747758
12315.505563 -0.059742 0.880082 1.47612 0.0452693 0.571177 -0.34525 0.74331
12315.542427 -0.0399658 0.883097 1.47789 0.0448733 0.570102 -0.353705 0.740178
12315.579290 -0.0248118 0.88485 1.48749 0.0444347 0.57039 -0.358319 0.737759
12315.616153 -0.00351408 0.884017 1.49158 0.0444504 0.568995 -0.360895 0.73758
12315.653017 0.0202105 0.884259 1.4911 0.0485391 0.566707 -0.361729 0.738674
12315.689880 0.0375213 0.881192 1.50078 0.0532578 0.567424 -0.359572 0.738852
12315.726744 0.0587837 0.880065 1.50569 0.057293 0.56703 -0.356734 0.740227
12315.763607 0.0797668 0.877048 1.50867 0.0568297 0.56619 -0.354803 0.741832
12315.800471 0.101157 0.878135 1.51349 0.0559641 0.564933 -0.353673 0.743394
12315.837334 0.124558 0.878419 1.51589 0.0574112 0.562798 -0.352245 0.745578
12315.874197 0.146942 0.878296 1.52096 0.0625034 0.561564 -0.350378 0.746977
12315.911061 0.167241 0.878754 1.52429 0.066186 0.561213 -0.348542 0.747782
12315.947925 0.186572 0.877516 1.53179 0.0640204 0.562792 -0.34712 0.747446
12315.984788 0.206191 0.87618 1.53469 0.0573072 0.564455 -0.347043 0.746772
12316.021651 0.225446 0.876396 1.538 0.0510348 0.566053 -0.348925 0.745138
12316.058515 0.245423 0.876918 1.54092 0.0472686 0.566718 -0.353709 0.742622
12316.095378 0.264698 0.878037 1.54514 0.0469092 0.568657 -0.358718 0.738749
12316.132242 0.284092 0.878279 1.54515 0.0461034 0.571947 -0.365491 0.732917
12316.169105 0.301441 0.87897 1.54731 0.046277 0.578244 -0.37075 0.725284
12316.205969 0.31883 0.881944 1.55084 0.0479752 0.587145 -0.376022 0.715239
12316.242832 0.334486 0.880584 1.55347 0.0508321 0.597362 -0.380239 0.704268
12316.279695 0.352969 0.882901 1.55587 0.0560729 0.608135 -0.385767 0.691528
12316.316559 0.366882 0.881092 1.56233 0.0601275 0.618504 -0.392467 0.67809
12316.353422 0.384174 0.881188 1.56656 0.0652374 0.626817 -0.401234 0.664723
12316.390286 0.40132 0.879957 1.56729 0.0699164 0.633914 -0.410064 0.652006
12316.427149 0.418186 0.881622 1.57363 0.0769781 0.641841 -0.417274 0.638746
12316.464013 0.433291 0.882047 1.57999 0.0833403 0.650828 -0.421668 0.625838
12316.500876 0.447599 0.879658 1.58439 0.086595 0.65942 -0.425158 0.613928
12316.537740 0.463938 0.880566 1.58975 0.0879223 0.667393 -0.428828 0.602464
12316.574603 0.478414 0.879335 1.59387 0.0879249 0.674346 -0.432362 0.592106
12316.611467 0.493784 0.877753 1.59799 0.0884232 0.679567 -0.436943 0.582624
12316.648330 0.51208 0.877306 1.60305 0.0883144 0.684664 -0.44198 0.572791
12316.685193 0.528338 0.874713 1.6068 0.0855503 0.690315 -0.445485 0.563639
12316.722057 0.543137 0.871414 1.60876 0.0809682 0.69623 -0.447469 0.555409
12316.758920 0.556656 0.86985 1.61324 0.0768144 0.7025 -0.448791 0.546974
12316.795784 0.573217 0.869007 1.6124 0.0767484 0.705815 -0.451265 0.540643
12316.832647 0.591902 0.868433 1.61216 0.0791497 0.707556 -0.455455 0.534473
12316.869511 0.611135 0.86538 1.61192 0.0802713 0.708678 -0.460987 0.528037
12316.906374 0.63011 0.864344 1.61152 0.0812364 0.710101 -0.465267 0.522191
12316.943238 0.646303 0.859185 1.6033 0.0797301 0.711572 -0.468285 0.517704
12316.980101 0.664982 0.855867 1.60201 0.0763678 0.714751 -0.470754 0.511555
12317.016964 0.681005 0.849841 1.59666 0.0730957 0.716727 -0.472469 0.507674
12317.053828 0.699195 0.845321 1.59409 0.0710775 0.718791 -0.474784 0.50286
12317.090691 0.717136 0.837949 1.58531 0.0696437 0.718811 -0.479062 0.498959
12317.127555 0.734645 0.828865 1.57656 0.0709126 0.717513 -0.483898 0.495972
12317.164418 0.752719 0.818569 1.56651 0.0730832 0.716161 -0.489087 0.492511
12317.201282 0.768533 0.807014 1.56006 0.0770036 0.716823 -0.491466 0.488565
12317.238145 0.784738 0.796628 1.55116 0.0818414 0.717366 -0.492662 0.48577
12317.275008 0.802686 0.786332 1.54369 0.0840215 0.718781 -0.493553 0.482389
12317.311872 0.816485 0.776765 1.53603 0.0846115 0.720685 -0.492839 0.48017
12317.348735 0.834649 0.767095 1.52189 0.0859817 0.721822 -0.491953 0.479126
12317.385599 0.847523 0.758547 1.51522 0.0880668 0.722554 -0.491503 0.478105
12317.422462 0.863551 0.747504 1.50313 0.0904085 0.721171 -0.493053 0.47816
12317.459326 0.879679 0.737924 1.49339 0.0913474 0.720873 -0.494155 0.477292
12317.496189 0.893691 0.72993 1.48349 0.0905804 0.722727 -0.492762 0.476074
12317.533053 0.909472 0.72187 1.47339 0.0895111 0.725967 -0.490249 0.473937
12317.569916 0.922537 0.71347 1.4631 0.0900212 0.729116 -0.487945 0.471378
12317.606780 0.937069 0.704695 1.45077 0.0926268 0.730884 -0.486984 0.469123
12317.643643 0.953913 0.696437 1.44093 0.0971797 0.732998 -0.487148 0.464712
12317.680506 0.975664 0.691592 1.43441 0.103124 0.736249 -0.487253 0.458134
12317.717370 0.994565 0.682687 1.42459 0.108278 0.740442 -0.484718 0.452846
12317.754233 1.01437 0.676521 1.41506 0.111877 0.745391 -0.481689 0.447047
12317.791097 1.03556 0.669928 1.40903 0.112338 0.751034 -0.479131 0.440183
12317.827960 1.05655 0.662627 1.39694 0.11277 0.753914 -0.478811 0.435474
12317.864824 1.07892 0.65678 1.39481 0.113201 0.756576 -0.481441 0.427777
12317.901687 1.10407 0.650963 1.39096 0.114693 0.757708 -0.486148 0.419982
12317.938550 1.1266 0.644044 1.3824 0.117307 0.758262 -0.489728 0.414058
12317.975414 1.14737 0.635097 1.37778 0.121302 0.759836 -0.491831 0.407477
12318.012277 1.16792 0.625693 1.37232 0.125561 0.761477 -0.494106 0.400309
12318.049141 1.18433 0.613487 1.36727 0.125967 0.764049 -0.49442 0.394855
12318.086004 1.20861 0.606794 1.36493 0.124621 0.767414 -0.497332 0.384975
12318.122868 1.22903 0.60072 1.36267 0.124088 0.769828 -0.499878 0.376946
12318.159731 1.25048 0.591552 1.3556 0.122706 0.770242 -0.505177 0.369414
12318.196595 1.27461 0.585544 1.35188 0.121105 0.77116 -0.51148 0.359215
12318.233458 1.29041 0.576431 1.34523 0.1181 0.772462 -0.515121 0.352143
12318.270322 1.30862 0.569146 1.33978 0.115795 0.775488 -0.517049 0.343322
12318.307185 1.3299 0.560406 1.32931 0.115352 0.778607 -0.517198 0.33611
12318.344048 1.35268 0.555101 1.32393 0.115919 0.782156 -0.517502 0.327087
12318.380912 1.37426 0.547125 1.31409 0.115948 0.783226 -0.519593 0.321149
12318.417775 1.39529 0.539351 1.30186 0.114385 0.782221 -0.523995 0.316979
12318.454639 1.42112 0.531521 1.29019 0.113827 0.781204 -0.528864 0.311555
12318.491502 1.44142 0.523309 1.27706 0.113368 0.780063 -0.532566 0.308258
12318.528366 1.45939 0.515748 1.26365 0.111614 0.778767 -0.536668 0.305044
12318.565229 1.48133 0.505446 1.24906 0.108646 0.777626 -0.541384 0.300661
12318.602092 1.50021 0.495205 1.23988 0.106075 0.77697 -0.545353 0.296067
12318.638956 1.5159 0.483135 1.22757 0.105955 0.774004 -0.55043 0.29448
12318.675819 1.53568 0.469286 1.21741 0.108224 0.769455 -0.55765 0.291981
12318.712683 1.55488 0.455565 1.20482 0.110765 0.7648 -0.56526 0.288604
12318.749546 1.56985 0.443692 1.19245 0.113231 0.761904 -0.569418 0.287133
12318.786410 1.5894 0.430773 1.18149 0.115625 0.760167 -0.572314 0.285018
12318.823273 1.60913 0.417591 1.17006 0.116931 0.758571 -0.574954 0.283416
12318.860137 1.6267 0.404468 1.15835 0.119931 0.755931 -0.577216 0.284616
12318.897000 1.649 0.392238 1.15134 0.122147 0.75521 -0.57862 0.28273
12318.933863 1.66698 0.379471 1.14141 0.121027 0.754744 -0.579706 0.28223
12318.970727 1.68424 0.367179 1.132 0.118713 0.754754 -0.579672 0.283256
12319.007590 1.7026 0.35612 1.12388 0.116267 0.755076 -0.579241 0.284292
12319.044454 1.72473 0.344667 1.11185 0.113282 0.75471 -0.579634 0.285666
12319.081317 1.74885 0.335684 1.09928 0.108595 0.754015 -0.581125 0.286291
12319.118180 1.77378 0.32808 1.08758 0.103295 0.754598 -0.581709 0.285529
12319.155044 1.80221 0.320972 1.07191 0.098276 0.755226 -0.583184 0.282615
12319.191908 1.81842 0.30571 1.06129 0.092259 0.757377 -0.582949 0.279353
12319.228771 1.84081 0.297077 1.04782 0.0903003 0.759637 -0.583101 0.273479
12319.265635 1.86632 0.2895 1.03855 0.0896652 0.763035 -0.583068 0.264141
12319.302498 1.89006 0.280894 1.02756 0.0930495 0.766327 -0.583247 0.2528
12319.339361 1.90927 0.268559 1.0165 0.0966317 0.768953 -0.584827 0.23948
12319.376225 1.9272 0.255761 1.00402 0.103447 0.770617 -0.586985 0.225603
12319.413088 1.95017 0.244984 1.00095 0.111799 0.773542 -0.587939 0.208472
12319.449952 1.9716 0.234773 0.997081 0.118323 0.776857 -0.588507 0.190139
12319.486815 1.99548 0.225623 0.997143 0.122354 0.78014 -0.588248 0.174284
12319.523679 2.01106 0.216218 0.985995 0.12539 0.782495 -0.588973 0.158395
12319.560542 2.02862 0.201886 0.977714 0.125599 0.783819 -0.59116 0.142766
12319.597405 2.04315 0.190502 0.97127 0.124987 0.78472 -0.592891 0.130666
12319.634269 2.06036 0.182194 0.962397 0.124345 0.786192 -0.5932 0.120643
12319.671132 2.07697 0.174848 0.954932 0.12193 0.788964 -0.591965 0.110661
12319.707996 2.09385 0.165091 0.94555 0.12062 0.791518 -0.590209 0.102977
12319.744859 2.11109 0.157428 0.933514 0.120309 0.792567 -0.589754 0.0977396
12319.781723 2.12664 0.148097 0.916536 0.120098 0.791826 -0.591317 0.094512
12319.818586 2.14214 0.139045 0.901415 0.1202 0.790391 -0.593393 0.0933701
12319.855450 2.15503 0.129463 0.884599 0.119188 0.789287 -0.595035 0.0935647
12319.892313 2.17143 0.121121 0.872207 0.118412 0.789409 -0.594907 0.0943283
12319.929177 2.18154 0.112345 0.853987 0.117695 0.78983 -0.594074 0.0969141
12319.966040 2.19762 0.104074 0.838387 0.118611 0.789769 -0.593545 0.0994986
12320.002903 2.21227 0.0939836 0.822054 0.118678 0.788843 -0.594336 0.102011
12320.039767 2.21958 0.0817744 0.80235 0.119728 0.786834 -0.596196 0.105391
12320.076630 2.23234 0.0678243 0.786981 0.121267 0.784428 -0.598712 0.107289
12320.113494 2.24526 0.0542593 0.771325 0.12484 0.782003 -0.60085 0.108931
12320.150357 2.25726 0.041576 0.75961 0.127674 0.781761 -0.600716 0.108113
12320.187221 2.26528 0.0282781 0.742186 0.127424 0.781126 -0.601548 0.108375
12320.224084 2.28021 0.0143952 0.727175 0.12393 0.781111 -0.60272 0.105994
12320.260947 2.29152 0.000545349 0.714481 0.119692 0.782385 -0.602643 0.10183
12320.297811 2.3029 -0.012124 0.700334 0.117676 0.783963 -0.601542 0.0984997
12320.334674 2.31477 -0.0248355 0.686177 0.113742 0.785478 -0.601048 0.0939607
12320.371538 2.32266 -0.0367927 0.67049 0.106761 0.787243 -0.60071 0.0894379
12320.408401 2.33203 -0.0495552 0.656567 0.0991104 0.790589 -0.598506 0.0832859
12320.445265 2.34207 -0.0614512 0.643297 0.0923571 0.795338 -0.594162 0.0766804
12320.482128 2.35151 -0.0723882 0.62435 0.086944 0.799422 -0.590358 0.0695878
12320.518992 2.36652 -0.0816704 0.614454 0.0829009 0.803877 -0.585752 0.0616726
12320.555855 2.3752 -0.0925302 0.596122 0.0800353 0.80686 -0.582789 0.0541062
12320.592718 2.38727 -0.102545 0.579503 0.0779927 0.808634 -0.581318 0.045809
12320.629582 2.39881 -0.112136 0.566186 0.0768023 0.809933 -0.58025 0.0376768
12320.666445 2.41209 -0.120507 0.547285 0.0767715 0.810521 -0.579919 0.0292445
12320.703309 2.42348 -0.13048 0.532137 0.07749 0.811871 -0.578331 0.0198269
12320.740172 2.43903 -0.138746 0.522278 0.0787615 0.812894 -0.576968 0.0103685
12320.777036 2.4503 -0.148928 0.507293 0.0810028 0.813001 -0.5766 0.000873524
12320.813899 2.46106 -0.159362 0.491975 -0.0831353 -0.812502 0.576931 0.00889237
12320.850763 2.47477 -0.169497 0.484456 -0.0857095 -0.81196 0.577087 0.0185898
12320.887626 2.48495 -0.18055 0.469743 -0.090194 -0.810121 0.578588 0.0283693
12320.924489 2.49595 -0.193071 0.457845 -0.0941437 -0.808735 0.579173 0.0405423
12320.961353 2.5042 -0.204258 0.445796 -0.0964667 -0.808386 0.578315 0.0525206
12320.998216 2.51493 -0.215539 0.432252 -0.0971494 -0.80885 0.576083 0.0667326
12321.035080 2.52268 -0.226456 0.419856 -0.0983 -0.809197 0.573642 0.0804454
12321.071943 2.53402 -0.236954 0.406776 -0.0994864 -0.80867 0.571812 0.0958493
12321.108807 2.5317 -0.246051 0.394877 -0.0995707 -0.808242 0.570296 0.107672
12321.145670 2.54136 -0.257364 0.387007 -0.0989036 -0.808251 0.567445 0.122292
12321.182534 2.55074 -0.266669 0.375779 -0.0972119 -0.808731 0.563774 0.136612
12321.219397 2.55061 -0.274164 0.36447 -0.0967546 -0.809586 0.560035 0.146868
12321.256260 2.56502 -0.28436 0.348445 -0.0957742 -0.808406 0.558346 0.159868
12321.293124 2.56916 -0.296407 0.333376 -0.0931879 -0.806821 0.558117 0.169888
12321.329987 2.57654 -0.306184 0.314087 -0.0901453 -0.804648 0.558628 0.179862
12321.366851 2.57699 -0.31646 0.299891 -0.0882329 -0.804553 0.556906 0.186454
12321.403714 2.5795 -0.326579 0.284026 -0.0861643 -0.804865 0.55427 0.193784
12321.440577 2.58108 -0.335494 0.266394 -0.0839689 -0.805184 0.551897 0.200092
12321.477441 2.58097 -0.346328 0.247129 -0.0832541 -0.805503 0.549526 0.205558
12321.514305 2.5783 -0.355268 0.226127 -0.0844395 -0.805611 0.547752 0.209352
12321.551168 2.57634 -0.366469 0.20635 -0.0850646 -0.80528 0.546603 0.21334
12321.588032 2.5723 -0.378962 0.182878 -0.0865345 -0.803964 0.54678 0.217223
12321.624895 2.56628 -0.392152 0.163749 -0.0892096 -0.80278 0.546812 0.220413
12321.661758 2.56261 -0.403413 0.142555 -0.093052 -0.801094 0.547222 0.223916
12321.698622 2.55449 -0.41642 0.128954 -0.0967943 -0.801012 0.54598 0.225648
12321.735485 2.54814 -0.428376 0.10828 -0.0974242 -0.800793 0.545498 0.227312
12321.772349 2.54656 -0.444291 0.091833 -0.094512 -0.801467 0.543665 0.230537
12321.809212 2.53481 -0.45493 0.0743929 -0.0915791 -0.802721 0.542467 0.230178
12321.846076 2.52421 -0.466444 0.0573294 -0.0920382 -0.803796 0.540776 0.230222
12321.882939 2.52391 -0.477679 0.035369 -0.0915981 -0.803449 0.539537 0.234475
12321.919802 2.52351 -0.490938 0.0220806 -0.0890108 -0.804577 0.535879 0.239929
12321.956666 2.50973 -0.500466 0.00487557 -0.0851548 -0.806706 0.531544 0.243793
12321.993530 2.50844 -0.513058 -0.0140684 -0.0822076 -0.807915 0.525876 0.252922
12322.030393 2.50403 -0.52143 -0.0268801 -0.0797268 -0.808803 0.52079 0.261266
12322.067256 2.49404 -0.5291 -0.0481686 -0.0777707 -0.807681 0.518192 0.270333
12322.104120 2.48988 -0.539231 -0.0659116 -0.0763916 -0.805232 0.515851 0.282248
12322.140983 2.48454 -0.548825 -0.0861471 -0.0753223 -0.80189 0.514389 0.294452
12322.177847 2.47649 -0.559262 -0.104421 -0.0760117 -0.79875 0.512158 0.306456
12322.214710 2.47119 -0.567525 -0.12601 -0.0772357 -0.794562 0.510455 0.319597
12322.251573 2.46188 -0.573455 -0.139655 -0.0776149 -0.791402 0.508414 0.330415
12322.288437 2.45596 -0.590416 -0.163207 -0.0783168 -0.787568 0.50521 0.344044
12322.325300 2.45056 -0.598021 -0.180005 -0.0781207 -0.783878 0.502689 0.356
12322.362164 2.43985 -0.612499 -0.198111 -0.0786255 -0.780706 0.499554 0.3671
12322.399027 2.42954 -0.62151 -0.215777 -0.07956 -0.775995 0.499324 0.377066
12322.435891 2.42133 -0.632754 -0.230747 -0.0814129 -0.771031 0.49896 0.387198
12322.472754 2.41423 -0.646951 -0.251071 -0.0808138 -0.766515 0.497311 0.398254
12322.509618 2.4078 -0.663397 -0.270906 -0.0791045 -0.762904 0.49457 0.408804
12322.546481 2.40119 -0.679053 -0.290048 -0.0787014 -0.759445 0.491807 0.418539
12322.583344 2.39142 -0.692607 -0.311232 -0.0793883 -0.755935 0.489869 0.426952
12322.620208 2.38335 -0.705278 -0.32731 -0.0802779 -0.753219 0.487661 0.434055
12322.657071 2.37694 -0.716075 -0.340142 -0.0802684 -0.751002 0.485146 0.440666
12322.693935 2.36948 -0.732507 -0.361922 -0.0790231 -0.749461 0.47937 0.449742
12322.730798 2.35979 -0.742267 -0.379102 -0.0776985 -0.749404 0.473972 0.455748
12322.767662 2.35202 -0.752756 -0.39818 -0.0764998 -0.748898 0.469208 0.461674
12322.804525 2.33681 -0.760887 -0.42334 -0.0739248 -0.747446 0.467243 0.466415
12322.841389 2.32545 -0.769818 -0.438937 -0.0717547 -0.746934 0.465062 0.469742
12322.878252 2.314 -0.77695 -0.460855 -0.0699414 -0.745606 0.463475 0.473678
12322.915115 2.29837 -0.787655 -0.486537 -0.0690547 -0.744528 0.460333 0.478543
12322.951979 2.28369 -0.794613 -0.506089 -0.0690044 -0.744046 0.457682 0.481832
12322.988842 2.26578 -0.800695 -0.526709 -0.0678529 -0.742774 0.456988 0.484608
12323.025706 2.24863 -0.812739 -0.547863 -0.0675582 -0.740453 0.458063 0.48718
12323.062569 2.22948 -0.82184 -0.568684 -0.0663034 -0.737081 0.461875 0.488862
12323.099433 2.21267 -0.83461 -0.591623 -0.0671135 -0.732531 0.466869 0.490844
12323.136296 2.19205 -0.844676 -0.608532 -0.0716983 -0.729607 0.470987 0.490617
12323.173160 2.17263 -0.851744 -0.623445 -0.0772099 -0.728392 0.474776 0.487925
12323.210023 2.15572 -0.867613 -0.646238 -0.0804135 -0.727211 0.476769 0.487226
12323.246886 2.13556 -0.879033 -0.66352 -0.0808757 -0.728449 0.478992 0.483103
12323.283750 2.11577 -0.893661 -0.682537 -0.0826413 -0.730961 0.480035 0.477947
12323.320613 2.09859 -0.906376 -0.702199 -0.0863883 -0.733816 0.480779 0.472126
12323.357477 2.08094 -0.9211 -0.724272 -0.0874622 -0.737095 0.48013 0.467458
12323.394340 2.06642 -0.928401 -0.739668 -0.0857023 -0.742281 0.478522 0.461183
12323.431204 2.04261 -0.942565 -0.765555 -0.0837281 -0.748479 0.474967 0.455165
12323.468067 2.03028 -0.951667 -0.782093 -0.0828618 -0.753548 0.471521 0.45052
12323.504930 2.01919 -0.962236 -0.807667 -0.0816913 -0.755876 0.470269 0.448136
12323.541794 2.00311 -0.974976 -0.836088 -0.0805649 -0.756482 0.470822 0.446734
12323.578657 1.98857 -0.98073 -0.860236 -0.0803865 -0.755814 0.472924 0.445675
12323.615521 1.97666 -0.987901 -0.886321 -0.0816284 -0.754552 0.473394 0.447087
12323.652384 1.95549 -0.99473 -0.912858 -0.0826609 -0.753553 0.473025 0.448969
12323.689248 1.95003 -1.00169 -0.935286 -0.0838576 -0.750298 0.473658 0.453507
12323.726111 1.92412 -1.02077 -0.967552 -0.0868902 -0.747187 0.472936 0.458796
12323.762975 1.91105 -1.03318 -0.984441 -0.0914902 -0.745201 0.470552 0.463558
12323.799838 1.89733 -1.04661 -1.00619 -0.0947132 -0.744709 0.466107 0.468169
12323.836702 1.8792 -1.05765 -1.0238 -0.0950918 -0.745629 0.461478 0.471204
12323.873565 1.86422 -1.07388 -1.03983 -0.094801 -0.746003 0.458073 0.473986
12323.910428 1.84661 -1.08486 -1.05887 -0.0924497 -0.74495 0.457627 0.476529
12323.947292 1.82394 -1.09701 -1.07745 -0.0916897 -0.744201 0.457325 0.478134
12323.984155 1.80915 -1.11097 -1.09373 -0.093203 -0.742837 0.455529 0.481665
12324.021019 1.78932 -1.11999 -1.11896 -0.0952806 -0.741177 0.453836 0.485398
12324.057882 1.77074 -1.13017 -1.13777 -0.0971956 -0.740513 0.451309 0.488378
12324.094746 1.74708 -1.1395 -1.16427 -0.097894 -0.739378 0.449269 0.491827
12324.131609 1.72644 -1.14633 -1.18038 -0.0978343 -0.739616 0.44726 0.493311
12324.168473 1.7051 -1.14703 -1.19917 -0.0955853 -0.738724 0.446297 0.495952
12324.205336 1.67911 -1.15787 -1.22204 -0.0946481 -0.737693 0.444234 0.499507
12324.242199 1.6517 -1.15898 -1.23591 -0.0939753 -0.737189 0.444049 0.50054
12324.279063 1.62689 -1.16657 -1.25816 -0.0935327 -0.735364 0.443025 0.504203
12324.315926 1.59709 -1.16776 -1.27185 -0.0923379 -0.73441 0.444521 0.504497
12324.352790 1.56608 -1.17704 -1.28895 -0.0899701 -0.732237 0.447013 0.50588
12324.389653 1.54154 -1.18966 -1.3008 -0.0896275 -0.729976 0.449095 0.507361
12324.426517 1.51322 -1.19737 -1.31199 -0.0921073 -0.729359 0.451722 0.505469
12324.463380 1.48558 -1.20733 -1.31923 -0.0935081 -0.729029 0.454353 0.503326
12324.500244 1.46141 -1.21979 -1.33361 -0.0939386 -0.728302 0.457059 0.501846
12324.537107 1.43186 -1.22619 -1.34646 -0.0950312 -0.728828 0.460842 0.497396
12324.573970 1.40559 -1.23864 -1.36123 -0.0981589 -0.729639 0.4636 0.493017
12324.610834 1.37918 -1.25124 -1.38244 -0.0990291 -0.730259 0.465979 0.489673
12324.647697 1.35459 -1.25938 -1.39573 -0.0971029 -0.733456 0.467537 0.483759
12324.684561 1.33162 -1.27328 -1.41663 -0.0932831 -0.737422 0.466056 0.479895
12324.721424 1.30533 -1.27886 -1.43483 -0.0882645 -0.742195 0.465564 0.473927
12324.758288 1.2838 -1.28896 -1.45895 -0.0843643 -0.74543 0.464979 0.470119
12324.795151 1.25903 -1.29541 -1.48195 -0.0815298 -0.747883 0.466448 0.465242
12324.832015 1.23612 -1.3017 -1.50603 -0.0791349 -0.748812 0.469201 0.461378
12324.868878 1.21484 -1.30517 -1.5235 -0.0779897 -0.749673 0.471539 0.457776
12324.905741 1.19056 -1.31476 -1.55163 -0.0765254 -0.749515 0.472995 0.456779
12324.942605 1.16726 -1.32194 -1.57441 -0.0758713 -0.749134 0.47423 0.456232
12324.979468 1.15131 -1.33249 -1.60005 -0.0757581 -0.746747 0.474757 0.459603
12325.016332 1.12181 -1.33787 -1.61648 -0.0761622 -0.744955 0.4772 0.459915
12325.053195 1.10123 -1.35158 -1.63914 -0.079451 -0.740889 0.478181 0.464881
12325.090059 1.08185 -1.36071 -1.65903 -0.0811591 -0.737181 0.478885 0.469731
12325.126922 1.05683 -1.37237 -1.67739 -0.0811782 -0.735149 0.478356 0.473435
12325.163785 1.03591 -1.38681 -1.69828 -0.0818846 -0.734053 0.474386 0.478977
12325.200649 1.01219 -1.39566 -1.71619 -0.0827602 -0.733925 0.471938 0.481435
12325.237512 0.987263 -1.40314 -1.73082 -0.0824219 -0.735069 0.469032 0.482585
12325.274376 0.967001 -1.40929 -1.74569 -0.0815633 -0.735955 0.465611 0.484689
12325.311239 0.957697 -1.42856 -1.77185 -0.0828408 -0.734906 0.45985 0.491516
12325.348103 0.927945 -1.433 -1.7917 -0.0829634 -0.736209 0.458764 0.49056
12325.384966 0.913229 -1.44751 -1.81649 -0.0824124 -0.73526 0.456771 0.493924
12325.421830 0.881891 -1.4498 -1.8422 -0.0799413 -0.735057 0.458595 0.492941
12325.458693 0.866265 -1.45941 -1.86316 -0.0801552 -0.73462 0.458409 0.493731
12325.495557 0.839021 -1.46542 -1.88601 -0.0803102 -0.735585 0.458205 0.492456
12325.532420 0.810181 -1.46934 -1.91002 -0.080096 -0.736704 0.458758 0.490299
12325.569283 0.788698 -1.47984 -1.93547 -0.0795304 -0.736174 0.459067 0.490898
12325.606147 0.758474 -1.48777 -1.95413 -0.078312 -0.736632 0.463107 0.486592
12325.643010 0.728494 -1.49655 -1.97486 -0.0770578 -0.735532 0.469112 0.482689
12325.679874 0.69747 -1.5053 -1.99491 -0.0780123 -0.73557 0.474171 0.477507
12325.716737 0.681761 -1.51963 -2.00751 -0.0829336 -0.737022 0.47522 0.473379
12325.753601 0.655808 -1.53448 -2.02382 -0.0846631 -0.74003 0.476567 0.466981
12325.790464 0.626412 -1.54616 -2.04153 -0.0825822 -0.743945 0.479022 0.458544
12325.827327 0.59976 -1.55863 -2.06082 -0.0818879 -0.746942 0.481779 0.450845
12325.864191 0.574195 -1.56996 -2.08246 -0.0830415 -0.750188 0.483873 0.442932
12325.901054 0.555903 -1.58358 -2.1004 -0.084125 -0.753674 0.483687 0.436974
12325.937918 0.539541 -1.59623 -2.12006 -0.0832805 -0.757507 0.482117 0.432216
12325.974781 0.516212 -1.60488 -2.14168 -0.0794217 -0.761805 0.479258 0.428552
12326.011645 0.489716 -1.608 -2.16284 -0.0760649 -0.765254 0.478409 0.42394
12326.048508 0.473268 -1.61786 -2.18451 -0.074958 -0.766312 0.475805 0.425155
12326.085372 0.450108 -1.62174 -2.20735 -0.0754558 -0.766197 0.475596 0.425507
12326.122235 0.430179 -1.63227 -2.22608 -0.076556 -0.765616 0.472524 0.429759
12326.159099 0.414483 -1.63905 -2.25103 -0.0762983 -0.762861 0.470084 0.437313
12326.195962 0.399892 -1.64184 -2.26617 -0.0764184 -0.759881 0.467382 0.445303
12326.232825 0.384618 -1.6482 -2.2851 -0.0767176 -0.75545 0.464773 0.455406
12326.269689 0.366528 -1.65571 -2.30539 -0.076536 -0.749525 0.463588 0.466305
12326.306552 0.351598 -1.66578 -2.32448 -0.076627 -0.74222 0.462704 0.478689
12326.343416 0.331167 -1.6759 -2.34238 -0.080011 -0.735049 0.461669 0.490065
12326.380279 0.318954 -1.68454 -2.35698 -0.0813616 -0.727731 0.459801 0.502366
12326.417143 0.298507 -1.69704 -2.37009 -0.0809125 -0.721893 0.457479 0.512871
12326.454006 0.283615 -1.71068 -2.38433 -0.0783089 -0.715586 0.453395 0.525584
12326.490869 0.266617 -1.71745 -2.38919 -0.0771112 -0.711526 0.448546 0.535342
12326.527733 0.247148 -1.72812 -2.4018 -0.0769327 -0.707756 0.440883 0.546613
12326.564596 0.227608 -1.74121 -2.41732 -0.0769603 -0.703679 0.431393 0.559296
12326.601460 0.216344 -1.7472 -2.42289 -0.075536 -0.69985 0.422466 0.570987
12326.638323 0.199491 -1.75391 -2.43497 -0.0723001 -0.694997 0.414718 0.58289
12326.675187 0.185073 -1.76306 -2.44753 -0.0681884 -0.688823 0.40708 0.595952
12326.712050 0.169637 -1.76605 -2.45905 -0.0627895 -0.681614 0.401831 0.608269
12326.748914 0.152533 -1.76983 -2.47238 -0.0576727 -0.673452 0.398049 0.620236
12326.785777 0.133504 -1.77121 -2.48494 -0.0522513 -0.664851 0.395608 0.631457
12326.822640 0.116959 -1.77487 -2.49703 -0.047742 -0.655889 0.392843 0.64281
12326.859504 0.0998558 -1.7747 -2.5076 -0.0437726 -0.647006 0.390112 0.653666
12326.896367 0.0814641 -1.76952 -2.51383 -0.040296 -0.639462 0.388185 0.662402
12326.933231 0.0619282 -1.77181 -2.52286 -0.0395581 -0.630264 0.38689 0.671951
12326.970094 0.0423766 -1.7735 -2.53176 -0.0390184 -0.620028 0.387438 0.681128
12327.006958 0.0207028 -1.77444 -2.536 -0.0398464 -0.611073 0.389747 0.687822
12327.043821 0.00281823 -1.78007 -2.54095 -0.0447526 -0.603188 0.390228 0.694178
12327.080685 -0.0178136 -1.78123 -2.54536 -0.0463325 -0.597051 0.39017 0.699393
12327.117548 -0.0379146 -1.78315 -2.55094 -0.0454985 -0.593633 0.388187 0.703449
12327.154412 -0.0580375 -1.78434 -2.55394 -0.046759 -0.591457 0.385948 0.706425
12327.191275 -0.0806558 -1.78671 -2.56299 -0.0509227 -0.588292 0.383326 0.710198
12327.228138 -0.100998 -1.78908 -2.57023 -0.0554446 -0.58578 0.379827 0.713806
12327.265002 -0.117529 -1.79068 -2.57426 -0.0578997 -0.583466 0.374887 0.718105
12327.301865 -0.138163 -1.79295 -2.58047 -0.0586466 -0.581244 0.367815 0.723484
12327.338729 -0.156509 -1.79026 -2.58265 -0.0586359 -0.579328 0.360173 0.728846
12327.375592 -0.1758 -1.79449 -2.59196 -0.0579726 -0.574641 0.351408 0.736845
12327.412456 -0.191692 -1.7959 -2.59854 -0.0553161 -0.5684 0.344137 0.745272
12327.449319 -0.208223 -1.79578 -2.60582 -0.0514115 -0.55964 0.33749 0.755155
12327.486182 -0.224917 -1.79333 -2.61263 -0.0485476 -0.549868 0.331462 0.765128
12327.523046 -0.240497 -1.79249 -2.62026 -0.047747 -0.538784 0.324448 0.775993
12327.559910 -0.253682 -1.78909 -2.62491 -0.047987 -0.527899 0.318025 0.786054
12327.596773 -0.273366 -1.79102 -2.63651 -0.0481741 -0.51537 0.311421 0.796925
12327.633636 -0.290794 -1.78909 -2.64344 -0.0475511 -0.503474 0.307025 0.806219
12327.670500 -0.308028 -1.7884 -2.6502 -0.0483938 -0.490943 0.304155 0.814937
12327.707363 -0.3253 -1.78937 -2.65728 -0.0523602 -0.477394 0.301521 0.823674
12327.744227 -0.342266 -1.7904 -2.66345 -0.0576373 -0.464992 0.299312 0.831188
12327.781090 -0.361435 -1.79172 -2.66878 -0.0614357 -0.456278 0.29388 0.837658
12327.817954 -0.379758 -1.79426 -2.67393 -0.0644504 -0.4494 0.285006 0.844191
12327.854817 -0.397359 -1.79247 -2.67311 -0.0670318 -0.443697 0.2751 0.85027
12327.891680 -0.415132 -1.79215 -2.6777 -0.0700658 -0.435868 0.264903 0.857284
12327.928544 -0.431885 -1.79081 -2.67828 -0.074653 -0.42827 0.255278 0.863623
12327.965407 -0.449383 -1.78615 -2.67822 -0.0792112 -0.419815 0.247241 0.869685
12328.002271 -0.467111 -1.783 -2.6799 -0.0844948 -0.410036 0.241356 0.875487
12328.039134 -0.487153 -1.77889 -2.68418 -0.088893 -0.399282 0.237979 0.88093
12328.075998 -0.508564 -1.77745 -2.69107 -0.0930707 -0.386305 0.235356 0.886969
12328.112861 -0.523123 -1.76853 -2.68571 -0.0968311 -0.378896 0.236952 0.889334
12328.149724 -0.541767 -1.76213 -2.68711 -0.0992933 -0.370669 0.238298 0.892166
12328.186588 -0.557875 -1.75426 -2.68246 -0.103096 -0.366414 0.241735 0.892567
12328.223452 -0.575274 -1.7445 -2.67968 -0.105049 -0.363132 0.246037 0.892505
12328.260315 -0.590315 -1.73433 -2.67154 -0.106259 -0.362873 0.251409 0.890969
12328.297178 -0.607296 -1.72835 -2.66818 -0.106419 -0.362995 0.255745 0.889665
12328.334042 -0.625561 -1.71952 -2.66286 -0.105493 -0.365313 0.25955 0.887723
12328.370905 -0.642953 -1.7097 -2.65354 -0.103221 -0.368413 0.263344 0.885589
12328.407769 -0.658134 -1.69746 -2.64067 -0.0987082 -0.371832 0.266997 0.883578
12328.444632 -0.672599 -1.69109 -2.6289 -0.0944666 -0.372703 0.269052 0.883051
12328.481495 -0.693776 -1.68202 -2.61916 -0.091264 -0.370897 0.270024 0.883852
12328.518359 -0.71037 -1.6725 -2.607 -0.0921377 -0.368287 0.270691 0.884648
12328.555222 -0.727044 -1.66621 -2.59798 -0.0924965 -0.363288 0.27087 0.88662
12328.592086 -0.744285 -1.65528 -2.58119 -0.0873343 -0.360809 0.27122 0.888048
12328.628949 -0.763048 -1.64509 -2.56845 -0.0796995 -0.357379 0.271429 0.890087
12328.665813 -0.783354 -1.63789 -2.55843 -0.0753494 -0.353372 0.270782 0.89226
12328.702676 -0.797626 -1.6256 -2.54244 -0.0771861 -0.351725 0.272076 0.89236
12328.739540 -0.817139 -1.61615 -2.53468 -0.0842837 -0.346415 0.27301 0.893509
12328.776403 -0.833047 -1.60511 -2.52317 -0.0939931 -0.3437 0.274999 0.892979
12328.813266 -0.846571 -1.59307 -2.50957 -0.102013 -0.342439 0.277344 0.891857
12328.850130 -0.862961 -1.58351 -2.49832 -0.107391 -0.34151 0.278895 0.891098
12328.886994 -0.875299 -1.56945 -2.48331 -0.110519 -0.343948 0.28149 0.888959
12328.923857 -0.892093 -1.5603 -2.47571 -0.111981 -0.344241 0.281559 0.888641
12328.960720 -0.907078 -1.54413 -2.46564 -0.111927 -0.344126 0.283635 0.888032
12328.997584 -0.924505 -1.53355 -2.46027 -0.112481 -0.342821 0.286843 0.887436
12329.034447 -0.935186 -1.52402 -2.4502 -0.114334 -0.338746 0.290064 0.887717
12329.071311 -0.948697 -1.51321 -2.44388 -0.115647 -0.33347 0.293113 0.888543
12329.108174 -0.971618 -1.50635 -2.44268 -0.114967 -0.327033 0.293805 0.890792
12329.145037 -0.980897 -1.49542 -2.43115 -0.113815 -0.323832 0.293381 0.892248
12329.181901 -0.999363 -1.48763 -2.42767 -0.110836 -0.320487 0.29087 0.89465
12329.218765 -1.01437 -1.47693 -2.41989 -0.1071 -0.318332 0.288978 0.896485
12329.255628 -1.03078 -1.47102 -2.41325 -0.103856 -0.316896 0.28803 0.89768
12329.292491 -1.0524 -1.46617 -2.41086 -0.100351 -0.315118 0.28723 0.89896
12329.329355 -1.06779 -1.45908 -2.40351 -0.0981312 -0.314622 0.286761 0.899528
12329.366218 -1.08512 -1.45641 -2.39669 -0.0964935 -0.314507 0.285754 0.900066
12329.403082 -1.1078 -1.44963 -2.3933 -0.0930302 -0.317435 0.285422 0.899508
12329.439945 -1.12537 -1.4466 -2.38635 -0.0922677 -0.317772 0.283073 0.90021
12329.476809 -1.14538 -1.44368 -2.38198 -0.0935191 -0.32116 0.281711 0.899305
12329.513672 -1.15917 -1.43678 -2.36824 -0.0961494 -0.326113 0.280034 0.897767
12329.550535 -1.18023 -1.43333 -2.36397 -0.0970228 -0.328741 0.27672 0.897743
12329.587399 -1.20177 -1.42557 -2.35284 -0.0960835 -0.334105 0.275345 0.896285
12329.624262 -1.22737 -1.41957 -2.35167 -0.0916961 -0.337086 0.273104 0.896314
12329.661126 -1.24978 -1.41023 -2.34284 -0.0887485 -0.342659 0.271229 0.895066
12329.697989 -1.26822 -1.39968 -2.33045 -0.0864598 -0.349756 0.269122 0.893179
12329.734853 -1.28814 -1.38587 -2.32037 -0.0836101 -0.354785 0.268005 0.891802
12329.771716 -1.30718 -1.37046 -2.30604 -0.0815089 -0.359084 0.268703 0.890064
12329.808579 -1.32675 -1.35814 -2.29396 -0.0811287 -0.36145 0.269992 0.88875
12329.845443 -1.34729 -1.34709 -2.28637 -0.0813869 -0.363099 0.273163 0.887084
12329.882307 -1.36604 -1.3316 -2.27122 -0.0795397 -0.366482 0.275794 0.885044
12329.919170 -1.38486 -1.31449 -2.25034 -0.0761518 -0.37047 0.280229 0.882284
12329.956033 -1.40193 -1.30215 -2.2355 -0.0764199 -0.37671 0.284371 0.878284
12329.992897 -1.42221 -1.29032 -2.21803 -0.0790902 -0.383843 0.286807 0.874157
12330.029760 -1.44074 -1.27303 -2.19589 -0.0784454 -0.391433 0.289324 0.87001
12330.066624 -1.45859 -1.26276 -2.17905 -0.0767721 -0.400106 0.291349 0.865527
12330.103487 -1.48052 -1.25018 -2.16567 -0.0771537 -0.406873 0.294862 0.861138
12330.140350 -1.4998 -1.23918 -2.14685 -0.0806427 -0.412103 0.299413 0.85675
12330.177214 -1.51903 -1.23035 -2.13099 -0.08464 -0.417017 0.303961 0.852374
12330.214077 -1.53771 -1.22098 -2.11709 -0.0892895 -0.420519 0.3078 0.848794
12330.250941 -1.55502 -1.21598 -2.10578 -0.0934268 -0.423217 0.307833 0.846993
12330.287804 -1.57029 -1.19662 -2.08931 -0.0967352 -0.427422 0.309288 0.843975
12330.324668 -1.59029 -1.1865 -2.07942 -0.0983663 -0.430453 0.306603 0.843225
12330.361531 -1.61119 -1.17525 -2.07065 -0.0991766 -0.431374 0.305092 0.843208
12330.398395 -1.63172 -1.16846 -2.06104 -0.100068 -0.431026 0.302863 0.844084
12330.435258 -1.652 -1.16412 -2.05367 -0.102346 -0.428695 0.300546 0.845824
12330.472121 -1.67186 -1.15122 -2.04759 -0.103768 -0.425818 0.298047 0.847986
12330.508985 -1.68836 -1.14393 -2.04233 -0.104639 -0.422474 0.294671 0.850726
12330.545849 -1.70957 -1.1264 -2.03502 -0.102364 -0.421098 0.291917 0.852633
12330.582712 -1.72894 -1.12221 -2.0311 -0.0984797 -0.41773 0.285909 0.856773
12330.619575 -1.74992 -1.12169 -2.02405 -0.0959851 -0.412739 0.282721 0.860525
12330.656439 -1.77255 -1.10779 -2.01829 -0.0904335 -0.407001 0.282828 0.863817
12330.693302 -1.7873 -1.09321 -2.00734 -0.0866481 -0.400111 0.285068 0.866683
12330.730166 -1.80201 -1.09626 -1.99985 -0.0870598 -0.390982 0.286302 0.870394
12330.767029 -1.82712 -1.09099 -1.99498 -0.0839646 -0.383348 0.285773 0.874259
12330.803892 -1.83921 -1.08086 -1.98272 -0.0798773 -0.376687 0.284946 0.8778
12330.840756 -1.85338 -1.08513 -1.96814 -0.0789827 -0.369675 0.282031 0.881794
12330.877619 -1.86669 -1.07607 -1.95515 -0.0772909 -0.36188 0.278261 0.886363
12330.914483 -1.88231 -1.06897 -1.94686 -0.0784087 -0.352298 0.272165 0.892
12330.951346 -1.89783 -1.06665 -1.9372 -0.0822645 -0.343585 0.263931 0.897509
12330.988210 -1.91216 -1.05682 -1.92969 -0.0820907 -0.335158 0.254451 0.90343
12331.025073 -1.92378 -1.05114 -1.91826 -0.0785259 -0.328322 0.244878 0.908886
12331.061937 -1.93921 -1.04205 -1.90667 -0.0705101 -0.320379 0.235394 0.914864
12331.098800 -1.95214 -1.03451 -1.89508 -0.0598963 -0.312153 0.226227 0.920757
12331.135663 -1.96754 -1.02706 -1.88455 -0.0502242 -0.303296 0.217129 0.926469
12331.172527 -1.97742 -1.01866 -1.87175 -0.0430494 -0.293705 0.208784 0.931823
12331.209390 -1.99005 -1.00641 -1.86126 -0.0371202 -0.282563 0.199527 0.937534
12331.246254 -1.99762 -0.995945 -1.84919 -0.0330779 -0.272346 0.192518 0.942163
12331.283117 -2.01015 -0.982037 -1.83493 -0.0274192 -0.262121 0.186394 0.946466
12331.319981 -2.02006 -0.972153 -1.81915 -0.0215289 -0.252123 0.17996 0.950571
12331.356844 -2.02858 -0.963954 -1.80227 -0.0188157 -0.24248 0.174211 0.954201
12331.393707 -2.03607 -0.953759 -1.78719 -0.0207883 -0.232157 0.17047 0.957398
12331.430571 -2.04624 -0.941783 -1.76996 -0.0215127 -0.224174 0.16715 0.959867
12331.467434 -2.05272 -0.934156 -1.75234 -0.0186977 -0.219698 0.161978 0.961845
12331.504298 -2.06419 -0.91504 -1.73661 -0.0126212 -0.214216 0.15724 0.963965
12331.541162 -2.07162 -0.907062 -1.71876 -0.0117153 -0.209023 0.15269 0.965846
12331.578025 -2.07615 -0.897382 -1.70407 -0.0122254 -0.202671 0.14891 0.967781
12331.614888 -2.08537 -0.885891 -1.68997 -0.0120303 -0.195771 0.144539 0.969865
12331.651752 -2.09066 -0.880712 -1.67561 -0.0127169 -0.188879 0.136168 0.972431
12331.688615 -2.09201 -0.866674 -1.66163 -0.0125248 -0.181761 0.12601 0.975155
12331.725479 -2.09774 -0.857864 -1.64926 -0.0139859 -0.172909 0.113939 0.978225
12331.762342 -2.10069 -0.851073 -1.63721 -0.015234 -0.163688 0.101182 0.981191
12331.799205 -2.10521 -0.840047 -1.62573 -0.0145865 -0.152874 0.0902556 0.984008
12331.836069 -2.10984 -0.822902 -1.61355 -0.0114346 -0.140672 0.0807843 0.986689
12331.872932 -2.12164 -0.817978 -1.60562 -0.00928257 -0.125965 0.0711621 0.989435
12331.909796 -2.12197 -0.804064 -1.59237 -0.00472434 -0.112383 0.0620831 0.991712
12331.946659 -2.13009 -0.784673 -1.58204 -0.000380608 -0.0958892 0.0540843 0.993922
12331.983523 -2.13828 -0.777203 -1.57313 0.000390242 -0.079005 0.0444681 0.995882
12332.020386 -2.14571 -0.764366 -1.56151 0.00222917 -0.0640842 0.0328856 0.9974
12332.057250 -2.15517 -0.752033 -1.55102 0.00556838 -0.0491003 0.0222491 0.998531
12332.094113 -2.16453 -0.740755 -1.53884 0.0104908 -0.0346423 0.0119668 0.999273
12332.130976 -2.16881 -0.728198 -1.52535 0.0147232 -0.0208137 0.005426 0.99966
12332.167840 -2.17224 -0.722456 -1.51129 0.0149162 -0.00643488 0.000565172 0.999868
12332.204704 -2.1727 -0.711562 -1.4936 0.0148725 0.00577718 -0.00733662 0.999846
12332.241567 -2.18408 -0.705027 -1.48604 0.0157929 0.0159966 -0.0151089 0.999633
12332.278430 -2.19781 -0.692667 -1.47056 0.0164631 0.0277757 -0.023558 0.999201
12332.315294 -2.20142 -0.683498 -1.45335 0.0148029 0.0380671 -0.0334868 0.998604
12332.352157 -2.20529 -0.677521 -1.43975 0.01067 0.0483582 -0.0437461 0.997815
12332.389021 -2.22209 -0.666131 -1.42901 0.00648576 0.061476 -0.053563 0.996649
12332.425884 -2.22615 -0.655168 -1.41476 0.00321596 0.0712831 -0.0633394 0.995438
12332.462747 -2.2242 -0.642213 -1.39706 0.000655309 0.0801034 -0.0690399 0.994393
12332.499611 -2.23628 -0.635296 -1.3878 -0.00152418 0.0896697 -0.0776692 0.992937
12332.536474 -2.23085 -0.62096 -1.37024 -0.00241672 0.0957116 -0.0834413 0.991903
12332.573338 -2.23004 -0.608915 -1.35535 -0.00328629 0.101871 -0.0881338 0.99088
12332.610201 -2.23543 -0.59198 -1.33983 -0.00391572 0.109695 -0.0935247 0.989548
12332.647065 -2.21764 -0.578021 -1.32136 -0.00687621 0.11334 -0.0952245 0.988959
12332.683928 -2.2055 -0.566247 -1.30607 -0.00940715 0.115648 -0.0964543 0.988551
12332.720792 -2.20552 -0.5543 -1.29094 -0.0108502 0.119869 -0.0990756 0.987774
12332.757655 -2.1889 -0.540522 -1.273 -0.0111905 0.120089 -0.0992376 0.987727
12332.794519 -2.18322 -0.525805 -1.25438 -0.00948223 0.121531 -0.102523 0.987233
12332.831382 -2.17317 -0.511283 -1.2364 -0.00573448 0.121628 -0.104676 0.987024
12332.868245 -2.16423 -0.502892 -1.22309 -0.00279744 0.122206 -0.104235 0.987012
12332.905109 -2.15577 -0.493659 -1.19874 -0.00166372 0.127339 -0.105168 0.986267
12332.941972 -2.15173 -0.484232 -1.17906 -0.000319897 0.132459 -0.105673 0.985539
12332.978836 -2.14173 -0.472578 -1.16117 0.00278834 0.135284 -0.106892 0.98502
12333.015699 -2.13306 -0.467427 -1.13938 0.00526075 0.135945 -0.11061 0.984508
12333.052562 -2.11899 -0.456082 -1.11473 0.00657995 0.137401 -0.115396 0.983749
12333.089426 -2.11249 -0.450301 -1.09433 0.00326546 0.142334 -0.11578 0.983019
12333.126290 -2.10276 -0.43816 -1.07239 -0.000484623 0.148447 -0.114566 0.982262
12333.163153 -2.09709 -0.42274 -1.04973 -0.00529893 0.154972 -0.115487 0.981131
12333.200016 -2.09112 -0.411338 -1.03095 -0.0110356 0.159113 -0.11816 0.980102
12333.236880 -2.08009 -0.398068 -1.01267 -0.0160116 0.160825 -0.121765 0.979312
12333.273743 -2.07467 -0.378291 -0.993958 -0.0188379 0.164055 -0.127271 0.978025
12333.310607 -2.07065 -0.361671 -0.972219 -0.0207441 0.169588 -0.133292 0.976239
12333.347470 -2.06371 -0.343417 -0.954761 -0.0202906 0.175724 -0.136639 0.9747
12333.384334 -2.05909 -0.324229 -0.935442 -0.0181511 0.185048 -0.14006 0.972528
12333.421197 -2.04929 -0.306408 -0.915992 -0.0143648 0.195883 -0.142086 0.970173
12333.458061 -2.05285 -0.293188 -0.897638 -0.0107507 0.210129 -0.143014 0.967097
12333.494924 -2.04732 -0.274935 -0.878212 -0.0047007 0.223254 -0.146284 0.96371
12333.531787 -2.05007 -0.260399 -0.855418 0.000388692 0.237123 -0.149074 0.959974
12333.568651 -2.04407 -0.252473 -0.837156 0.00426388 0.250191 -0.148362 0.956752
12333.605514 -2.03687 -0.24256 -0.818758 0.00783593 0.261354 -0.150793 0.953359
12333.642378 -2.03992 -0.233175 -0.79579 0.011042 0.273226 -0.156115 0.949133
12333.679241 -2.03269 -0.220226 -0.775607 0.0134339 0.282686 -0.163158 0.945139
12333.716104 -2.02762 -0.210625 -0.756877 0.0132089 0.292174 -0.167587 0.941475
12333.752968 -2.0241 -0.198015 -0.736315 0.0112893 0.30253 -0.173321 0.937181
12333.789832 -2.01999 -0.182675 -0.71846 0.00843488 0.312483 -0.182846 0.932122
12333.826695 -2.01222 -0.177714 -0.698024 0.00420589 0.319647 -0.188593 0.928569
12333.863559 -2.00434 -0.165801 -0.681096 0.00422175 0.326559 -0.193838 0.925077
12333.900422 -2.00202 -0.150102 -0.658412 0.00742612 0.334319 -0.200029 0.920958
12333.937285 -1.99324 -0.139529 -0.639917 0.0105885 0.338417 -0.204542 0.918436
12333.974149 -1.98462 -0.122886 -0.617614 0.0155506 0.343312 -0.207986 0.915771
12334.011012 -1.96529 -0.106702 -0.603325 0.0196345 0.344661 -0.209324 0.914881
12334.047876 -1.95479 -0.0930664 -0.580618 0.0208349 0.346531 -0.207397 0.914587
12334.084739 -1.93665 -0.0760026 -0.56459 0.0224795 0.345712 -0.203989 0.915623
12334.121603 -1.92388 -0.0704297 -0.544722 0.0199627 0.344812 -0.199682 0.91697
12334.158466 -1.90654 -0.0553356 -0.524943 0.0202098 0.339965 -0.194993 0.919779
12334.195329 -1.88047 -0.0406267 -0.509171 0.0218845 0.331897 -0.190629 0.923594
12334.232193 -1.86257 -0.0327789 -0.487374 0.0205556 0.329065 -0.183801 0.926019
12334.269056 -1.84074 -0.0185502 -0.469158 0.0202472 0.328209 -0.174846 0.928061
12334.305920 -1.82793 -0.00707135 -0.445512 0.0206697 0.328695 -0.168667 0.929023
12334.342783 -1.80798 0.00688513 -0.42315 0.0252412 0.326332 -0.167688 0.92992
12334.379647 -1.79495 0.0172569 -0.399357 0.0290367 0.325343 -0.168215 0.93006
12334.416510 -1.76913 0.0299813 -0.384423 0.0307513 0.322878 -0.163864 0.93164
12334.453374 -1.75378 0.0428995 -0.364017 0.0280372 0.325994 -0.157795 0.931688
12334.490237 0.206399 -1.66791 -0.632715 -0.146286 0.195981 0.630978 0.736246
