4658.920724 0 0 0 0 0 0 1
4658.957587 0.00518222 0.00225729 0.00460525 -0.000528277 0.00281879 -0.00084177 0.999996
4658.994451 0.000992827 -0.00367745 0.0109363 -0.00327473 0.00694886 -0.000538477 0.99997
4659.031314 0.00141276 -0.00905509 0.0187687 -0.00628762 0.00894605 -0.00272828 0.999936
4659.068178 -0.00485879 -0.0116794 0.0265539 -0.00821257 0.0112234 -0.00325907 0.999898
4659.105041 -0.00635017 -0.0135488 0.0352421 -0.00925018 0.0119268 -0.00505969 0.999873
4659.141904 -0.00955526 -0.0190598 0.0445045 -0.0113314 0.0119465 -0.00599315 0.999846
4659.178768 -0.01315 -0.0207962 0.0529921 -0.0124327 0.0119923 -0.00515318 0.999838
4659.215631 -0.0152864 -0.0264218 0.0625529 -0.0130344 0.0116256 -0.00466041 0.999837
4659.252494 -0.0193199 -0.0315019 0.0708135 -0.0125434 0.0119565 -0.00252748 0.999847
4659.289358 -0.0253434 -0.0401901 0.07962 -0.0129617 0.0131607 0.00017788 0.999829
4659.326221 -0.0284914 -0.0447736 0.0873701 -0.0127397 0.0145702 0.00272759 0.999809
4659.363084 -0.0333982 -0.0492836 0.0956144 -0.0118526 0.0174039 0.00559587 0.999763
4659.399948 -0.0384771 -0.0544389 0.103294 -0.0110852 0.0206849 0.0086082 0.999688
4659.436811 -0.0417885 -0.0580917 0.111464 -0.00961041 0.0240442 0.0104354 0.99961
4659.473674 -0.0451787 -0.0577664 0.12002 -0.00727094 0.0273846 0.0121455 0.999525
4659.510538 -0.0510527 -0.0637175 0.130504 -0.00866092 0.0300049 0.013098 0.999426
4659.547401 -0.0566699 -0.0641716 0.140211 -0.0113713 0.0314103 0.0138228 0.999346
4659.584264 -0.0597554 -0.0692738 0.151458 -0.0162216 0.0300517 0.0126688 0.999336
4659.621128 -0.0656643 -0.0726878 0.163962 -0.021221 0.0275099 0.0111858 0.999334
4659.657991 -0.0701127 -0.0779961 0.177524 -0.0260144 0.023835 0.0104923 0.999322
4659.694854 -0.0749523 -0.0825461 0.191221 -0.0297427 0.0185365 0.00963214 0.999339
4659.731718 -0.0773223 -0.0899571 0.206845 -0.0329698 0.012238 0.00953144 0.999336
4659.768581 -0.0814903 -0.0933572 0.220845 -0.0344987 0.00637189 0.0101151 0.999333
4659.805444 -0.0849878 -0.100278 0.236932 -0.0357229 -0.00015798 0.0101246 0.99931
4659.842308 -0.0872929 -0.1082 0.25339 -0.0369017 -0.00713182 0.00931526 0.99925
4659.879171 -0.0899191 -0.112128 0.268454 -0.0362856 -0.0136853 0.00797694 0.999216
4659.916034 -0.0918079 -0.118827 0.284193 -0.0362025 -0.0201976 0.00622319 0.999121
4659.952898 -0.0950802 -0.124649 0.30023 -0.0355515 -0.0259922 0.00385383 0.999022
4659.989761 -0.0940882 -0.133075 0.31654 -0.0340296 -0.0318422 0.00124411 0.998913
4660.026624 -0.0956943 -0.138844 0.331565 -0.0308578 -0.036093 -0.00138168 0.998871
4660.063488 -0.09371 -0.146116 0.346816 -0.0300167 -0.0404648 -0.0028166 0.998726
4660.100351 -0.0920955 -0.153316 0.361147 -0.0306396 -0.0435899 -0.00377619 0.998572
4660.137215 -0.0923067 -0.162912 0.376038 -0.0311826 -0.046449 -0.00571593 0.998417
4660.174078 -0.0922664 -0.170285 0.390156 -0.031258 -0.0500314 -0.00807027 0.998226
4660.210941 -0.0923671 -0.180067 0.403889 -0.0322992 -0.0539959 -0.0125104 0.99794
4660.247804 -0.0938488 -0.188213 0.418295 -0.0305582 -0.0588759 -0.0182938 0.99763
4660.284668 -0.0947157 -0.195528 0.432864 -0.0286882 -0.0644035 -0.0240835 0.997221
4660.321531 -0.095472 -0.202472 0.446065 -0.0306017 -0.0696007 -0.0269373 0.996742
4660.358395 -0.0973125 -0.207386 0.458324 -0.03356 -0.0741407 -0.0284738 0.996276
4660.395258 -0.101141 -0.21446 0.472762 -0.0351006 -0.0787817 -0.0298375 0.995827
4660.432121 -0.103377 -0.220639 0.486589 -0.03598 -0.0839163 -0.0315766 0.995322
4660.468985 -0.105737 -0.225406 0.499711 -0.038035 -0.0883154 -0.0328804 0.994823
4660.505848 -0.10869 -0.230278 0.513059 -0.0407309 -0.0919885 -0.0332215 0.994372
4660.542711 -0.109142 -0.234621 0.527036 -0.0427015 -0.0960521 -0.0348219 0.99385
4660.579575 -0.11106 -0.240365 0.541708 -0.0446781 -0.0984088 -0.0348232 0.993533
4660.616438 -0.111989 -0.244494 0.555682 -0.0462428 -0.100046 -0.0345287 0.993308
4660.653301 -0.113576 -0.249093 0.569807 -0.0473825 -0.10084 -0.0351558 0.993152
4660.690165 -0.11484 -0.254004 0.583835 -0.0484566 -0.101121 -0.0357194 0.993051
4660.727028 -0.11921 -0.258837 0.598038 -0.0483676 -0.100284 -0.0368616 0.993099
4660.763891 -0.122125 -0.264329 0.612391 -0.0473223 -0.0999671 -0.0388045 0.993107
4660.800755 -0.126248 -0.271297 0.62688 -0.0463751 -0.0990309 -0.0403724 0.993183
4660.837618 -0.128561 -0.275342 0.639839 -0.045768 -0.0991651 -0.0422462 0.99312
4660.874481 -0.132159 -0.282454 0.652261 -0.0477349 -0.0993091 -0.0428233 0.992988
4660.911345 -0.136855 -0.290195 0.665442 -0.0472831 -0.100676 -0.0452285 0.992765
4660.948208 -0.139278 -0.296929 0.677518 -0.0457705 -0.103708 -0.048263 0.992381
4660.985071 -0.141114 -0.304166 0.688873 -0.0463909 -0.107798 -0.0499325 0.991834
4661.021934 -0.145469 -0.309365 0.69928 -0.0477401 -0.111698 -0.0510293 0.991282
4661.058798 -0.149465 -0.314812 0.709224 -0.0491528 -0.116555 -0.0521927 0.990593
4661.095661 -0.152615 -0.31972 0.719881 -0.0494156 -0.122981 -0.0549969 0.989651
4661.132525 -0.155595 -0.32466 0.730689 -0.0497289 -0.129781 -0.0579802 0.988596
4661.169388 -0.156599 -0.329964 0.741746 -0.0509109 -0.136085 -0.0591908 0.987616
4661.206251 -0.15842 -0.333929 0.752498 -0.0522934 -0.141664 -0.0600752 0.986705
4661.243115 -0.158622 -0.338822 0.763963 -0.0530849 -0.146892 -0.0605963 0.985866
4661.279978 -0.158426 -0.343216 0.775766 -0.0526779 -0.151924 -0.0613436 0.985079
4661.316841 -0.156482 -0.347761 0.787289 -0.0521337 -0.156981 -0.0622088 0.984261
4661.353705 -0.155803 -0.353122 0.799621 -0.0514223 -0.16168 -0.0635188 0.983453
4661.390568 -0.153031 -0.359168 0.812781 -0.0506311 -0.166972 -0.0654994 0.98248
4661.427431 -0.153408 -0.363854 0.825424 -0.0492831 -0.17191 -0.0678256 0.981539
4661.464295 -0.149557 -0.370643 0.840844 -0.0476189 -0.179749 -0.0717643 0.979935
4661.501158 -0.142409 -0.376144 0.856371 -0.046182 -0.18859 -0.0765695 0.977976
4661.538021 -0.137987 -0.381436 0.872395 -0.0463666 -0.196724 -0.0802758 0.976066
4661.574885 -0.12933 -0.387755 0.890547 -0.0478357 -0.207297 -0.0856764 0.973344
4661.611748 -0.124877 -0.392051 0.907598 -0.0489043 -0.216242 -0.0904751 0.970908
4661.648611 -0.112307 -0.39883 0.926305 -0.0500979 -0.228779 -0.0974084 0.967296
4661.685475 -0.104701 -0.404194 0.943657 -0.0514149 -0.238936 -0.10314 0.964172
4661.722338 -0.0983659 -0.409088 0.959792 -0.0530718 -0.247651 -0.10863 0.961276
4661.759202 -0.0843056 -0.415476 0.976179 -0.0546723 -0.25805 -0.11622 0.957556
4661.796065 -0.0761203 -0.420917 0.989974 -0.0566911 -0.265582 -0.122961 0.954533
4661.832928 -0.0610599 -0.426845 1.00441 -0.058428 -0.274923 -0.131744 0.950603
4661.869791 -0.0524642 -0.432732 1.01649 -0.0595202 -0.281349 -0.139321 0.947571
4661.906655 -0.0383063 -0.439449 1.02919 -0.0607069 -0.289477 -0.147145 0.943857
4661.943518 -0.024121 -0.44677 1.04195 -0.0626452 -0.297708 -0.15494 0.939914
4661.980381 -0.0122525 -0.452718 1.05292 -0.0658575 -0.304041 -0.161436 0.936568
4662.017245 -0.00180089 -0.458123 1.06381 -0.0692993 -0.310258 -0.166935 0.933312
4662.054108 0.00849962 -0.462228 1.07369 -0.071258 -0.316433 -0.17274 0.930029
4662.090971 0.0138272 -0.466148 1.0822 -0.073066 -0.320927 -0.1754 0.927848
4662.127835 0.0266132 -0.468881 1.09123 -0.0747932 -0.327729 -0.179025 0.924635
4662.164698 0.035819 -0.471957 1.09994 -0.0765027 -0.33313 -0.180569 0.922262
4662.201562 0.0482517 -0.474364 1.10883 -0.0765342 -0.339223 -0.183153 0.919525
4662.238425 0.0524975 -0.473512 1.11384 -0.0771108 -0.341006 -0.18307 0.918833
4662.275288 0.0660259 -0.473861 1.12252 -0.0775355 -0.346388 -0.185712 0.91625
4662.312151 0.076837 -0.473474 1.12945 -0.0787232 -0.349707 -0.1871 0.914604
4662.349015 0.0895658 -0.472724 1.13693 -0.0789922 -0.353909 -0.189097 0.912552
4662.385878 0.102041 -0.472051 1.14452 -0.0786089 -0.357922 -0.190192 0.910791
4662.422742 0.110626 -0.470662 1.15077 -0.0783421 -0.360195 -0.189323 0.910099
4662.459605 0.127863 -0.471078 1.16044 -0.0773894 -0.365551 -0.190291 0.907839
4662.496468 0.141477 -0.471722 1.16969 -0.0765561 -0.369657 -0.189899 0.906329
4662.533332 0.152288 -0.470871 1.17673 -0.0752538 -0.372097 -0.188019 0.905831
4662.570195 0.165257 -0.472282 1.18576 -0.0752988 -0.375694 -0.185914 0.904776
4662.607058 0.178044 -0.472653 1.19373 -0.0744323 -0.380505 -0.185384 0.902944
4662.643922 0.19394 -0.475585 1.20329 -0.0734897 -0.38825 -0.186839 0.899418
4662.680785 0.206274 -0.478319 1.21094 -0.0741371 -0.394618 -0.187529 0.896445
4662.717648 0.220551 -0.480962 1.21846 -0.076305 -0.402029 -0.189507 0.892545
4662.754512 0.234087 -0.485415 1.22487 -0.0796276 -0.409086 -0.192313 0.888439
4662.791375 0.247074 -0.491649 1.23094 -0.0836448 -0.415829 -0.195752 0.884178
4662.828238 0.258993 -0.498861 1.23663 -0.0862492 -0.421652 -0.197883 0.880689
4662.865102 0.270116 -0.504065 1.23646 -0.0849978 -0.425024 -0.199197 0.878891
4662.901965 0.281673 -0.511922 1.2385 -0.0830969 -0.429309 -0.201172 0.876538
4662.938828 0.291964 -0.52067 1.24144 -0.0810905 -0.433048 -0.202617 0.874552
4662.975692 0.299257 -0.527407 1.24209 -0.0771051 -0.435323 -0.203577 0.873559
4663.012555 0.311895 -0.535266 1.24583 -0.0721949 -0.43941 -0.205479 0.871484
4663.049418 0.319548 -0.540894 1.24634 -0.0674232 -0.441479 -0.206066 0.870682
4663.086282 0.32879 -0.546692 1.24921 -0.0630176 -0.444662 -0.207561 0.869035
4663.123145 0.338908 -0.551974 1.25356 -0.0589539 -0.448715 -0.209539 0.86676
4663.160008 0.348452 -0.556615 1.25736 -0.0554271 -0.452518 -0.210822 0.864702
4663.196872 0.354251 -0.560372 1.26063 -0.0525362 -0.455739 -0.211429 0.863041
4663.233735 0.365571 -0.565381 1.26748 -0.05045 -0.461019 -0.213204 0.859919
4663.270598 0.373132 -0.568289 1.2715 -0.0485502 -0.464451 -0.213453 0.858118
4663.307461 0.378985 -0.571087 1.27559 -0.0466846 -0.46734 -0.213464 0.856649
4663.344325 0.386335 -0.574435 1.27995 -0.0449003 -0.470255 -0.212903 0.855287
4663.381188 0.397183 -0.580348 1.28764 -0.042258 -0.475108 -0.2142 0.852411
4663.418052 0.406157 -0.586236 1.29463 -0.0403827 -0.47886 -0.214634 0.850291
4663.454915 0.414844 -0.591517 1.30045 -0.0395033 -0.481272 -0.215045 0.848865
4663.491779 0.426552 -0.598276 1.30838 -0.0396644 -0.483756 -0.215908 0.847225
4663.528642 0.433017 -0.603277 1.31272 -0.0388721 -0.483908 -0.216224 0.847095
4663.565505 0.444205 -0.610294 1.32024 -0.0371079 -0.485099 -0.218546 0.845896
4663.602368 0.45334 -0.615237 1.32491 -0.0347212 -0.483644 -0.219381 0.846613
4663.639232 0.464626 -0.619298 1.33086 -0.0309639 -0.481939 -0.220033 0.847562
4663.676095 0.475244 -0.623907 1.3366 -0.0275715 -0.479972 -0.220381 0.848704
4663.712959 0.485233 -0.625987 1.34083 -0.0250773 -0.476751 -0.219176 0.850907
4663.749822 0.496069 -0.627734 1.34451 -0.0243371 -0.472763 -0.218309 0.853372
4663.786685 0.507093 -0.629075 1.34881 -0.02404 -0.470345 -0.217449 0.854935
4663.823549 0.521249 -0.630022 1.35409 -0.0227071 -0.468769 -0.216816 0.855997
4663.860412 0.534938 -0.631154 1.35916 -0.0216089 -0.468164 -0.216177 0.856518
4663.897275 0.541485 -0.629167 1.35713 -0.020306 -0.465147 -0.212705 0.859059
4663.934138 0.551365 -0.628445 1.35621 -0.0177743 -0.463517 -0.209266 0.860839
4663.971002 0.562133 -0.628872 1.35722 -0.01344 -0.462972 -0.205855 0.862033
4664.007865 0.569872 -0.62785 1.355 -0.0090612 -0.462135 -0.201242 0.863627
4664.044728 0.574202 -0.624429 1.34892 -0.0042552 -0.460148 -0.196053 0.865915
4664.081592 0.581089 -0.623093 1.3459 -0.000650974 -0.459571 -0.191452 0.86726
4664.118455 0.584768 -0.620659 1.34107 0.00269425 -0.459033 -0.18692 0.868529
4664.155318 0.587427 -0.617622 1.33568 0.00613886 -0.45856 -0.182549 0.86969
4664.192182 0.588747 -0.614322 1.33 0.00880475 -0.458356 -0.178699 0.870574
4664.229045 0.591167 -0.610129 1.32532 0.0115094 -0.458708 -0.174821 0.871144
4664.265908 0.588635 -0.60589 1.31742 0.0133863 -0.457557 -0.170728 0.872533
4664.302772 0.585163 -0.60091 1.30942 0.0161486 -0.455877 -0.168122 0.873871
4664.339635 0.585541 -0.599358 1.3056 0.0181102 -0.455324 -0.166097 0.874508
4664.376498 0.574754 -0.591197 1.2924 0.021474 -0.449682 -0.161039 0.878289
4664.413362 0.570374 -0.587185 1.28491 0.0241533 -0.446108 -0.156735 0.880817
4664.450225 0.563697 -0.582096 1.27581 0.0271419 -0.441517 -0.153665 0.88358
4664.487089 0.557058 -0.58072 1.26814 0.0289333 -0.43761 -0.151015 0.88592
4664.523952 0.55061 -0.577371 1.2594 0.03138 -0.433246 -0.150549 0.888059
4664.560815 0.544547 -0.577733 1.25212 0.0313588 -0.428736 -0.148948 0.890514
4664.597679 0.535007 -0.573918 1.241 0.0317684 -0.4231 -0.14704 0.893508
4664.634542 0.530314 -0.573405 1.23357 0.0317902 -0.419778 -0.145618 0.895305
4664.671405 0.520118 -0.573145 1.22372 0.0323802 -0.415396 -0.143839 0.897612
4664.708269 0.516281 -0.577114 1.21917 0.0327101 -0.414409 -0.142615 0.898252
4664.745132 0.504804 -0.576624 1.20895 0.0346085 -0.411205 -0.141521 0.899825
4664.781995 0.491433 -0.575595 1.19876 0.0361687 -0.408437 -0.139213 0.901383
4664.818859 0.469139 -0.574203 1.18448 0.0372581 -0.403549 -0.13632 0.903978
4664.855722 0.459867 -0.573173 1.1795 0.0400473 -0.404416 -0.137347 0.903316
4664.892585 0.443421 -0.573595 1.17274 0.0416729 -0.403856 -0.138047 0.903386
4664.929449 0.430243 -0.57296 1.16811 0.0438112 -0.404284 -0.139561 0.902861
4664.966312 0.41871 -0.576491 1.16695 0.044956 -0.406136 -0.139817 0.901933
4665.003175 0.400564 -0.574166 1.16169 0.0486024 -0.405579 -0.140014 0.901964
4665.040039 0.321634 -0.559033 1.12099 0.0505433 -0.381448 -0.126449 0.914305
4665.076902 0.304581 -0.560472 1.11946 0.0522471 -0.381353 -0.124562 0.914508
4665.113765 0.273342 -0.554737 1.1111 0.0565137 -0.376035 -0.120525 0.916994
4665.150629 0.223684 -0.553727 1.09586 0.0596015 -0.363639 -0.112974 0.922741
4665.187492 0.213531 -0.55822 1.10091 0.0618674 -0.365386 -0.111213 0.922116
4665.224355 0.208168 -0.564141 1.10828 0.0628792 -0.367817 -0.109448 0.921291
4665.261219 0.186538 -0.558943 1.10929 0.0659009 -0.362814 -0.105563 0.923515
4665.298082 0.170466 -0.563588 1.11434 0.067255 -0.359706 -0.101802 0.925054
4665.334945 0.19379 -0.574747 1.13521 0.069831 -0.371516 -0.106475 0.919654
4665.371809 0.174729 -0.573245 1.13943 0.0722462 -0.366671 -0.103647 0.921732
4665.408672 0.159317 -0.58224 1.144 0.0696655 -0.362831 -0.099623 0.923892
4665.445535 0.150761 -0.58081 1.15057 0.0675873 -0.361527 -0.100137 0.924501
4665.482399 0.110767 -0.580074 1.14492 0.0646462 -0.348367 -0.094002 0.93039
4665.519262 0.131362 -0.593724 1.1662 0.0632682 -0.361325 -0.0990751 0.925
4665.556126 0.11279 -0.601849 1.17001 0.0643647 -0.359774 -0.100725 0.925351
4665.592989 0.104637 -0.601318 1.17762 0.0643622 -0.362275 -0.104038 0.924008
4665.629852 0.1047 -0.611986 1.18804 0.0570972 -0.367829 -0.103163 0.922388
4665.666715 0.0902618 -0.617936 1.19277 0.0532224 -0.369167 -0.103179 0.922083
4665.703579 0.0472658 -0.616748 1.18665 0.053847 -0.35909 -0.0998469 0.926383
4665.740442 -0.00852436 -0.611137 1.17691 0.0558339 -0.342992 -0.0940294 0.932951
4665.777306 -0.0191933 -0.614399 1.18352 0.0529358 -0.345521 -0.0938839 0.932201
4665.814169 -0.0592902 -0.610087 1.18189 0.0514371 -0.334937 -0.0885371 0.93666
4665.851032 -0.0703533 -0.610488 1.18858 0.0504594 -0.33668 -0.0896642 0.935981
4665.887896 -0.0792972 -0.608295 1.19029 0.0521694 -0.33768 -0.0928102 0.93522
4665.924759 -0.144936 -0.611302 1.19689 0.0542243 -0.322527 -0.0862672 0.94106
4665.961622 -0.2821 -0.574071 1.11368 0.0565259 -0.295418 -0.0753902 0.95071
4665.998486 -0.189963 -0.589107 1.14852 0.0575654 -0.303977 -0.0803928 0.947534
4666.035349 -0.0586653 -0.651729 1.2632 0.057435 -0.328671 -0.0930378 0.938094
4666.072212 -0.130654 -0.624795 1.22581 0.064675 -0.308283 -0.0846333 0.945312
4666.109076 -0.230903 -0.599768 1.16915 0.070278 -0.28752 -0.0746134 0.952274
4666.145939 -0.0997254 -0.647571 1.24502 0.0704094 -0.319711 -0.0880422 0.940785
4666.182802 -0.0564701 -0.665602 1.29378 0.074751 -0.330999 -0.0916657 0.936189
4666.219666 -0.0493209 -0.667246 1.28771 0.0751287 -0.33261 -0.0905221 0.935699
4666.256529 0.0292482 -0.688647 1.33731 0.0782992 -0.34021 -0.0941357 0.932344
4666.293392 0.0604352 -0.686697 1.34373 0.082449 -0.351251 -0.0986523 0.927412
4666.330255 0.0148157 -0.702939 1.34933 0.0824971 -0.355919 -0.100926 0.925381
4666.367119 0.0238649 -0.709506 1.3527 0.0834131 -0.359584 -0.104171 0.923521
4666.403982 0.0454444 -0.720843 1.38475 0.083685 -0.361525 -0.103381 0.922827
4666.440845 0.0182091 -0.74796 1.37301 0.0784165 -0.359843 -0.107606 0.923463
4666.477709 -0.0914521 -0.717243 1.33896 0.0813056 -0.351027 -0.103084 0.927116
4666.514572 -0.0879859 -0.732788 1.35287 0.0821117 -0.354318 -0.106766 0.925374
4666.551436 -0.13454 -0.731442 1.34657 0.0871718 -0.342601 -0.106761 0.929316
4666.588299 -0.268684 -0.690093 1.30632 0.0956281 -0.327359 -0.0990831 0.934812
4666.625162 -0.3366 -0.741979 1.28907 0.0894551 -0.32578 -0.103737 0.93547
4666.662025 -0.328744 -0.708193 1.30071 0.100225 -0.326076 -0.105358 0.934092
4666.698889 -0.356291 -0.725476 1.30758 0.101482 -0.322842 -0.101678 0.935487
4666.735752 -0.423591 -0.817251 1.29192 0.0917372 -0.321446 -0.11603 0.935304
4666.772616 -0.386686 -0.86396 1.34453 0.0913396 -0.333121 -0.120299 0.930707
4666.809479 -0.358712 -0.833585 1.36506 0.101993 -0.339117 -0.11619 0.927953
4666.846342 -0.381132 -0.839869 1.36702 0.103687 -0.339616 -0.120492 0.927034
4666.883206 -0.403925 -0.85436 1.37682 0.103602 -0.336182 -0.120651 0.928274
4666.920069 -0.402813 -0.880814 1.40048 0.101082 -0.34555 -0.122886 0.924812
4666.956932 -0.438084 -0.884349 1.40959 0.100919 -0.3464 -0.120944 0.924768
4666.993796 -0.470359 -0.882082 1.41216 0.101098 -0.34278 -0.123586 0.925747
4667.030659 -0.453178 -0.914443 1.45884 0.0932166 -0.358272 -0.116755 0.921586
4667.067522 -0.473681 -0.945554 1.46327 0.0854519 -0.357857 -0.116663 0.922511
4667.104386 -0.506273 -0.972767 1.46668 0.0860822 -0.357971 -0.125646 0.921227
4667.141249 -0.468927 -0.973609 1.50885 0.0924433 -0.363908 -0.121315 0.918862
4667.178112 -0.401793 -1.08037 1.54233 0.082933 -0.358355 -0.133225 0.920302
4667.214976 -0.409628 -1.06306 1.55757 0.0853345 -0.361071 -0.140494 0.917936
4667.251839 -0.369866 -1.08448 1.59537 0.0816258 -0.366091 -0.136358 0.916908
4667.288702 -0.404878 -1.08545 1.59824 0.083028 -0.36517 -0.142092 0.916279
4667.325566 -0.451644 -1.15302 1.60985 0.0750499 -0.373928 -0.139196 0.913876
4667.362429 -0.379141 -1.07933 1.64946 0.0900644 -0.371974 -0.142793 0.912762
4667.399292 -0.411512 -1.20796 1.65124 0.074395 -0.367518 -0.154152 0.91413
4667.436156 -0.439119 -1.41184 1.67173 0.0487207 -0.367077 -0.158316 0.915324
4667.473019 -0.463422 -1.35012 1.6685 0.0603941 -0.363119 -0.16636 0.91478
4667.509882 -0.487544 -1.23879 1.67898 0.0763007 -0.365084 -0.155752 0.914677
4667.546746 -0.474523 -1.21219 1.69962 0.0838583 -0.36634 -0.15916 0.912924
4667.583609 -0.447381 -1.27187 1.73559 0.0779717 -0.372891 -0.156167 0.911309
4667.620472 -0.450235 -1.26179 1.75238 0.0816658 -0.374334 -0.158731 0.90995
4667.657336 -0.445633 -1.15318 1.77342 0.0984438 -0.377745 -0.154319 0.907636
4667.694199 -0.468058 -1.22579 1.78046 0.0896833 -0.376311 -0.156942 0.908689
4667.731062 -0.475588 -1.13019 1.80367 0.105292 -0.383017 -0.149135 0.905522
4667.767926 -0.557991 -1.1954 1.79849 0.0964737 -0.387115 -0.146304 0.905224
4667.804789 -0.571591 -1.21338 1.8125 0.0930375 -0.385286 -0.144616 0.906634
4667.841653 -0.632087 -1.18285 1.79942 0.0953488 -0.385489 -0.152356 0.905038
4667.878516 -0.605762 -1.18282 1.8269 0.097237 -0.384096 -0.145139 0.906615
4667.915379 -0.636266 -1.22785 1.83835 0.097491 -0.385609 -0.159824 0.90347
4667.952243 -0.649831 -1.24893 1.85796 0.0971303 -0.389347 -0.156226 0.902534
4667.989106 -0.669214 -1.2368 1.8645 0.098867 -0.387907 -0.15997 0.90231
4668.025969 -0.674811 -1.23662 1.88846 0.0981479 -0.389922 -0.157005 0.902041
4668.062833 -0.693652 -1.27342 1.89855 0.0939511 -0.391155 -0.156434 0.902053
4668.099696 -0.710844 -1.27354 1.90958 0.0980848 -0.392185 -0.156961 0.901073
4668.136559 -0.532551 -1.28296 1.97696 0.106383 -0.387793 -0.165934 0.900425
4668.173423 -0.239477 -1.43631 2.11233 0.0907539 -0.401308 -0.146334 0.899612
4668.210286 -0.254861 -1.48852 2.12301 0.0847277 -0.403823 -0.152793 0.897999
4668.247149 -0.225499 -1.4997 2.15437 0.0855198 -0.410398 -0.159157 0.893828
4668.284013 -0.219404 -1.49679 2.19041 0.0847987 -0.422245 -0.14745 0.89038
4668.320876 -0.269569 -1.5094 2.18935 0.0831765 -0.426947 -0.160481 0.886027
4668.357739 -0.266372 -1.47964 2.20802 0.0884516 -0.432187 -0.163577 0.882402
4668.394603 -0.26597 -1.48844 2.22735 0.0866 -0.439686 -0.164312 0.878737
4668.431466 -0.301975 -1.49906 2.25238 0.0837262 -0.452133 -0.157181 0.873991
4668.468329 -0.31684 -1.53078 2.27595 0.0823073 -0.463266 -0.165632 0.866704
4668.505192 -0.271985 -1.56351 2.33749 0.0828144 -0.48099 -0.169322 0.856224
4668.542056 -0.331336 -1.57564 2.34561 0.0842764 -0.491859 -0.184628 0.84669
4668.578919 -0.350866 -1.57512 2.34924 0.0836565 -0.495949 -0.185395 0.844194
4668.615783 -0.363771 -1.66083 2.39481 0.0705478 -0.509414 -0.194149 0.83536
4668.652646 -0.374633 -1.67965 2.4238 0.0683856 -0.519497 -0.191061 0.830025
4668.689509 -0.382936 -1.65942 2.43171 0.073238 -0.521359 -0.190826 0.828496
4668.726372 -0.391713 -1.65063 2.44171 0.0778725 -0.523832 -0.193065 0.825991
4668.763236 -0.404245 -1.67808 2.46439 0.0740765 -0.528209 -0.195906 0.822878
4668.800099 -0.412706 -1.68529 2.49013 0.0704937 -0.531152 -0.196765 0.821092
4668.836963 -0.425276 -1.69781 2.49864 0.0672092 -0.530837 -0.19951 0.820909
4668.873826 -0.430702 -1.69201 2.528 0.0650607 -0.53359 -0.198256 0.819599
4668.910689 -0.442292 -1.70146 2.5364 0.060584 -0.53303 -0.199799 0.819932
4668.947553 -0.45283 -1.71436 2.55542 0.0561682 -0.534969 -0.202675 0.818277
4668.984416 -0.461764 -1.71445 2.57263 0.0534664 -0.535782 -0.204186 0.817549
4669.021279 -0.473422 -1.72448 2.59262 0.0492423 -0.537518 -0.207426 0.815858
4669.058143 -0.480505 -1.72349 2.61205 0.0449039 -0.538077 -0.207282 0.815777
4669.095006 -0.490378 -1.72482 2.6251 0.0398 -0.536741 -0.207814 0.816786
4669.131869 -0.497662 -1.7204 2.64087 0.0358726 -0.53519 -0.207346 0.818103
4669.168733 -0.510033 -1.7273 2.66199 0.0305912 -0.534716 -0.2083 0.818385
4669.205596 -0.515364 -1.71839 2.67598 0.0290689 -0.532779 -0.206079 0.820264
4669.242460 -0.52976 -1.72885 2.69445 0.0231426 -0.531907 -0.206457 0.820923
4669.279323 -0.542898 -1.73947 2.71246 0.0173767 -0.530646 -0.208504 0.821364
4669.316186 -0.552597 -1.74095 2.72885 0.0130609 -0.52955 -0.208196 0.822229
4669.353049 -0.565452 -1.75098 2.75099 0.00883298 -0.529481 -0.210391 0.821771
4669.389913 -0.574191 -1.74679 2.76661 0.00795704 -0.528121 -0.209908 0.822778
4669.426776 -0.585503 -1.75172 2.78759 0.00631908 -0.527864 -0.211939 0.822436
4669.463639 -0.592771 -1.74628 2.80178 0.0051165 -0.525883 -0.212218 0.823641
4669.500503 -0.601863 -1.75751 2.82112 0.00145392 -0.525007 -0.212111 0.824242
4669.537366 -0.611036 -1.76422 2.83989 0.0021361 -0.524536 -0.214412 0.823945
4669.574229 -0.628236 -1.76631 2.8513 0.0050854 -0.522167 -0.215561 0.825136
4669.611093 -0.637912 -1.76647 2.86874 0.00528365 -0.520494 -0.215373 0.82624
4669.647956 -0.650069 -1.76837 2.88279 0.00254861 -0.517906 -0.216552 0.82757
4669.684819 -0.665859 -1.7635 2.89351 0.000686295 -0.515618 -0.216541 0.829004
4669.721683 -0.674032 -1.77283 2.91587 -0.00200563 -0.517756 -0.219029 0.827013
4669.758546 -0.685355 -1.78131 2.93617 -0.00368963 -0.520563 -0.223559 0.824028
4669.795409 -0.697457 -1.78754 2.9561 -0.00633898 -0.524269 -0.224768 0.821329
4669.832273 -0.707267 -1.80348 2.98179 -0.0101394 -0.5302 -0.22831 0.816492
4669.869136 -0.724725 -1.8071 2.99904 -0.0121337 -0.535058 -0.229921 0.812836
4669.906000 -0.740371 -1.81188 3.01782 -0.0133772 -0.541258 -0.232896 0.807849
4669.942863 -0.757344 -1.82539 3.03865 -0.0165146 -0.547969 -0.237289 0.801967
4669.979726 -0.775675 -1.82356 3.05322 -0.0175089 -0.553672 -0.240295 0.797119
4670.016590 -0.787529 -1.82584 3.07834 -0.0185326 -0.560959 -0.243548 0.79099
4670.053453 -0.805863 -1.8427 3.1005 -0.0227463 -0.568074 -0.24672 0.784795
4670.090316 -0.826581 -1.85253 3.12139 -0.0234439 -0.575111 -0.251718 0.778033
4670.127180 -0.84146 -1.86194 3.14624 -0.0246526 -0.582593 -0.255202 0.771265
4670.164043 -0.852202 -1.86205 3.16969 -0.0256683 -0.589981 -0.260747 0.763724
4670.200906 -0.871291 -1.88212 3.19124 -0.0333293 -0.595506 -0.266971 0.75696
4670.237770 -0.89066 -1.90049 3.21356 -0.0391958 -0.601843 -0.275094 0.748713
4670.274633 -0.918818 -1.90913 3.21306 -0.0420029 -0.603957 -0.282038 0.744262
4670.311496 -0.935132 -1.90124 3.21711 -0.0387373 -0.606918 -0.286578 0.740286
4670.348360 -0.946688 -1.91488 3.24396 -0.0370792 -0.614979 -0.293187 0.731072
4670.385223 -0.972907 -1.91388 3.2439 -0.0358882 -0.614722 -0.295136 0.730564
4670.422086 -0.984341 -1.91761 3.26583 -0.0352968 -0.619394 -0.298479 0.725269
4670.458950 -1.0046 -1.91972 3.26956 -0.0354686 -0.620241 -0.302205 0.72299
4670.495813 -1.05679 -1.93428 3.22491 -0.0418184 -0.616214 -0.309097 0.723181
4670.532676 -1.04667 -1.95094 3.31403 -0.0361785 -0.632206 -0.314576 0.707141
4670.569540 -1.06777 -1.93483 3.29323 -0.0353842 -0.630912 -0.314953 0.708168
4670.606403 -1.08055 -1.9111 3.29166 -0.0322105 -0.631836 -0.312288 0.708676
4670.643266 -1.10113 -1.92883 3.30381 -0.0350907 -0.636224 -0.318414 0.701855
4670.680130 -1.12315 -1.92339 3.31262 -0.034425 -0.639393 -0.319994 0.69828
4670.716993 -1.13806 -1.92944 3.32615 -0.0367491 -0.643066 -0.321753 0.693968
4670.753856 -1.14714 -1.92388 3.35384 -0.0350179 -0.650428 -0.32318 0.686492
4670.790719 -1.1673 -1.92013 3.36426 -0.0354836 -0.653699 -0.322747 0.683559
4670.827583 -1.19846 -1.93298 3.36808 -0.0390209 -0.657564 -0.328105 0.677078
4670.864446 -1.21663 -1.92234 3.36653 -0.0383279 -0.659217 -0.329103 0.675022
4670.901310 -1.26021 -1.90976 3.31761 -0.0414338 -0.653167 -0.330669 0.679937
4670.938173 -1.26251 -1.92625 3.38248 -0.0400617 -0.664579 -0.333097 0.667665
4670.975037 -1.28691 -1.91741 3.37866 -0.0398099 -0.664292 -0.334154 0.667437
4671.011900 -1.32111 -1.92067 3.36242 -0.0429283 -0.661778 -0.338785 0.667407
4671.048763 -1.35419 -1.91179 3.33467 -0.0437002 -0.658111 -0.336966 0.671889
4671.085626 -1.39914 -1.9193 3.31595 -0.0443854 -0.658528 -0.343564 0.668083
4671.122490 -1.4267 -1.92014 3.31635 -0.0446311 -0.659666 -0.34556 0.66591
4671.159353 -1.44153 -1.90797 3.31929 -0.045976 -0.660965 -0.345588 0.664515
4671.196217 -1.44834 -1.87641 3.33563 -0.0361271 -0.664289 -0.355852 0.656342
4671.233080 -1.47713 -1.87097 3.33571 -0.0385517 -0.664347 -0.359466 0.654172
4671.269943 -1.49973 -1.89118 3.35785 -0.0430427 -0.669196 -0.361682 0.647695
4671.306807 -1.50012 -1.8587 3.38195 -0.0416131 -0.67546 -0.350469 0.647452
