11180.718776 0 0 0 0 0 0 1
11180.755639 0.0037924 -0.00027186 -0.00213975 -0.000260741 0.00346856 9.90284e-05 0.999994
11180.792502 0.0073118 4.42365e-05 -0.00448773 -0.000189091 0.00588553 -0.00127735 0.999982
11180.829366 0.00965264 0.00141954 -0.00659933 0.000466416 0.00828515 -0.0014363 0.999965
11180.866229 0.0130968 0.00097943 -0.00871255 0.00120239 0.0100389 -0.000131473 0.999949
11180.903093 0.0155688 0.00115204 -0.0105692 0.00431345 0.0122528 0.00381747 0.999908
11180.939956 0.0185207 0.0015778 -0.0117075 0.0106908 0.0132302 0.00727689 0.999829
11180.976819 0.0219822 -0.000552458 -0.0121919 0.0147486 0.0130014 0.0100697 0.999756
11181.013683 0.0242977 -0.0011154 -0.0127878 0.0162146 0.0120897 0.0103597 0.999742
11181.050546 0.026565 -0.000947746 -0.0127187 0.0178922 0.0100544 0.00901059 0.999749
11181.087409 0.0293542 -0.00204743 -0.011357 0.0209118 0.00717928 0.00753607 0.999727
11181.124273 0.0329299 -0.00336535 -0.00892897 0.0248928 0.00386975 0.00557256 0.999667
11181.161136 0.0347043 -0.00323595 -0.00588073 0.0289819 0.00212119 0.00452579 0.999567
11181.197999 0.0384088 -0.00490461 -0.00189711 0.0312418 0.000168058 0.00439916 0.999502
11181.234863 0.0429945 -0.00480064 0.00232832 0.0346622 -0.00207394 0.00525641 0.999383
11181.271726 0.0462145 -0.00630323 0.00694817 0.0372016 -0.00412783 0.00584275 0.999282
11181.308590 0.0509896 -0.00838517 0.0111534 0.0389035 -0.00712781 0.00513486 0.999204
11181.345453 0.0557789 -0.0110641 0.0155645 0.0432106 -0.010481 0.00488459 0.998999
11181.382317 0.060256 -0.0142805 0.0203839 0.0513668 -0.0137339 0.00572768 0.998569
11181.419180 0.0647556 -0.01731 0.025413 0.0608029 -0.0167115 0.0086806 0.997972
11181.456043 0.0690084 -0.0204136 0.0302836 0.0681794 -0.0184309 0.0128942 0.997419
11181.492907 0.0732523 -0.0228629 0.0355265 0.0715086 -0.0195351 0.0175886 0.997094
11181.529770 0.076712 -0.0224757 0.0399051 0.0709115 -0.0206167 0.0189863 0.997089
11181.566633 0.0792033 -0.0239402 0.0451644 0.0661533 -0.0208365 0.0207048 0.997377
11181.603497 0.0811772 -0.0241285 0.0506781 0.0605058 -0.020732 0.0216321 0.997718
11181.640360 0.0823305 -0.022129 0.0566172 0.0576454 -0.0206944 0.0210676 0.9979
11181.677223 0.0837191 -0.0227039 0.0633824 0.0552861 -0.0206207 0.0196536 0.998064
11181.714087 0.0846909 -0.0220345 0.0694365 0.0528117 -0.0205599 0.016193 0.998261
11181.750950 0.084439 -0.0198138 0.0743972 0.0485595 -0.0203629 0.0123707 0.998536
11181.787814 0.0828679 -0.0186429 0.0786172 0.0426306 -0.0195326 0.00967507 0.998853
11181.824677 0.079323 -0.0171947 0.0824722 0.0377572 -0.0188376 0.00649779 0.999088
11181.861540 0.0758714 -0.0160417 0.0859288 0.0346815 -0.0193102 0.00288571 0.999208
11181.898404 0.0719588 -0.0152826 0.0890294 0.0322054 -0.0201253 -0.000218271 0.999279
11181.935267 0.0677272 -0.0140966 0.0916401 0.0310886 -0.0213314 -0.00358992 0.999283
11181.972131 0.063032 -0.0130002 0.0936912 0.0299926 -0.0218272 -0.00631199 0.999292
11182.008994 0.0577358 -0.0110594 0.0947709 0.0274063 -0.0207541 -0.00768726 0.999379
11182.045857 0.0524301 -0.0101555 0.0956898 0.0239481 -0.0186972 -0.00709527 0.999513
11182.082720 0.0468193 -0.0100128 0.0962468 0.0209623 -0.0166874 -0.00658283 0.999619
11182.119584 0.0404323 -0.00723799 0.0961578 0.0211489 -0.0148894 -0.00653572 0.999644
11182.156447 0.0362288 -0.00787358 0.0961645 0.020548 -0.0140294 -0.00653144 0.999669
11182.193311 0.0313351 -0.00686235 0.0953429 0.0207267 -0.0120277 -0.00637984 0.999692
11182.230174 0.0247311 -0.00554853 0.0936488 0.0203247 -0.00836142 -0.00567489 0.999742
11182.267037 0.0217793 -0.0061231 0.0920262 0.020683 -0.00539853 -0.00425664 0.999762
11182.303901 0.0172588 -0.00647479 0.0901126 0.0225578 -0.000914433 -0.00355446 0.999739
11182.340764 0.0127279 -0.00529394 0.0875033 0.0235628 0.00464603 -0.00282597 0.999708
11182.377628 0.0101115 -0.00584944 0.0850042 0.0220278 0.0105351 -0.00252335 0.999699
11182.414491 0.00566741 -0.00538154 0.0826819 0.0211901 0.0178429 -0.00232407 0.999614
11182.451354 0.00179513 -0.00480416 0.0809872 0.0215918 0.0245474 -0.00391787 0.999458
11182.488218 -0.00280275 -0.00461428 0.0799629 0.0211222 0.031733 -0.00621428 0.999254
11182.525081 -0.00525993 -0.00322675 0.0789268 0.0203554 0.0379227 -0.0105485 0.999018
11182.561944 -0.00880873 -0.00281022 0.0783381 0.0177786 0.0449079 -0.0147579 0.998724
11182.598808 -0.0132361 -0.0010596 0.0780227 0.0149891 0.0525233 -0.0192221 0.998322
11182.635671 -0.0174792 -0.000556502 0.0784003 0.0115822 0.0607339 -0.0223038 0.997838
11182.672534 -0.0220769 0.000843881 0.0794027 0.00884752 0.0696283 -0.0248379 0.997225
11182.709398 -0.0246249 0.00172629 0.0807326 0.00487232 0.0779355 -0.0276402 0.996563
11182.746261 -0.0282538 0.00218295 0.0828379 0.000487103 0.086665 -0.0293768 0.995804
11182.783125 -0.030314 0.00358184 0.0853544 -0.00212464 0.0936173 -0.0321128 0.995088
11182.819988 -0.0332231 0.00601007 0.0879755 -0.00403683 0.0998474 -0.0345846 0.994393
11182.856851 -0.0340121 0.00708703 0.0910105 -0.00689648 0.103989 -0.0357544 0.993912
11182.893715 -0.035519 0.00805138 0.0939485 -0.0101778 0.106966 -0.0372716 0.993512
11182.930578 -0.037157 0.00894563 0.0969906 -0.0127879 0.108553 -0.0387936 0.993251
11182.967442 -0.0373489 0.00851651 0.100073 -0.0150239 0.108536 -0.0398748 0.993179
11183.004305 -0.0376422 0.00906301 0.103218 -0.0153841 0.108016 -0.0402634 0.993214
11183.041168 -0.0389575 0.0106319 0.105946 -0.0157443 0.108461 -0.0404247 0.993154
11183.078032 -0.0382259 0.00993367 0.108865 -0.0159191 0.107985 -0.0393487 0.993246
11183.114895 -0.038589 0.0106596 0.111944 -0.0132002 0.107428 -0.0384243 0.993382
11183.151758 -0.0378206 0.0111877 0.114984 -0.0102072 0.106079 -0.0374407 0.9936
11183.188622 -0.0364623 0.0108259 0.118268 -0.00859451 0.104245 -0.036041 0.993861
11183.225485 -0.0361513 0.00998148 0.122037 -0.00740206 0.102633 -0.034504 0.994093
11183.262349 -0.0343714 0.00888011 0.126311 -0.00536212 0.0997198 -0.0330397 0.994452
11183.299212 -0.0328608 0.00823356 0.130966 -0.00351173 0.0967306 -0.0318402 0.994795
11183.336075 -0.030041 0.00700493 0.136079 -0.0020123 0.0932781 -0.0308734 0.995159
11183.372939 -0.0274142 0.00593229 0.141742 0.000157372 0.0896346 -0.030488 0.995508
11183.409802 -0.0262716 0.00527473 0.147626 0.0023178 0.0871269 -0.0293383 0.995762
11183.446665 -0.0219511 0.00411141 0.153957 0.00601395 0.0833873 -0.0286603 0.996087
11183.483529 -0.0190296 0.00335004 0.160449 0.0100861 0.0805401 -0.0277492 0.996314
11183.520392 -0.0160083 0.00276506 0.167547 0.0148664 0.0775541 -0.0274863 0.996498
11183.557255 -0.0110663 0.000640712 0.174996 0.0183134 0.0741534 -0.0272915 0.996705
11183.594119 -0.00630035 -0.000877303 0.18271 0.0213243 0.0715078 -0.0275951 0.99683
11183.630982 -0.000491651 -0.00185035 0.190385 0.024372 0.0688906 -0.0275929 0.996945
11183.667846 0.00555312 -0.00385929 0.198601 0.0273485 0.0669749 -0.0263747 0.997031
11183.704709 0.0128687 -0.00585338 0.207171 0.0308166 0.0644825 -0.0253899 0.99712
11183.741572 0.0196334 -0.00675251 0.21575 0.0332799 0.062325 -0.0240842 0.99721
11183.778436 0.0261487 -0.00805072 0.224603 0.03435 0.0602337 -0.0226246 0.997337
11183.815299 0.0339672 -0.00940196 0.233656 0.035625 0.0567358 -0.0217599 0.997516
11183.852162 0.0404379 -0.0106486 0.242842 0.0364447 0.0533648 -0.0203323 0.997703
11183.889026 0.046198 -0.0114025 0.251693 0.0361891 0.0499527 -0.0182876 0.997928
11183.925889 0.0529818 -0.0125242 0.260524 0.0364048 0.0453092 -0.0167079 0.99817
11183.962753 0.0590234 -0.0135794 0.269064 0.0376206 0.0400992 -0.0159863 0.998359
11183.999616 0.0640168 -0.0143829 0.276662 0.0380828 0.0349791 -0.01423 0.998561
11184.036479 0.0696734 -0.0160421 0.283832 0.0381521 0.0292782 -0.0119575 0.998771
11184.073343 0.0755625 -0.01762 0.290289 0.0389764 0.0227271 -0.0102821 0.998929
11184.110206 0.0794246 -0.0176315 0.295816 0.0412005 0.0170634 -0.00864462 0.998968
11184.147069 0.084201 -0.0186243 0.300931 0.0435942 0.0111181 -0.00690084 0.998964
11184.183933 0.0881099 -0.0193525 0.30522 0.0456795 0.00639061 -0.00464732 0.998925
11184.220796 0.0909104 -0.0189608 0.308459 0.0468087 0.00334193 -0.00158429 0.998897
11184.257659 0.096129 -0.0206115 0.311937 0.0471787 -0.000234325 0.00204462 0.998884
11184.294523 0.100102 -0.0203624 0.314868 0.0487119 -0.00299821 0.00559775 0.998793
11184.331386 0.103816 -0.0201401 0.317587 0.0498959 -0.00598526 0.00734086 0.99871
11184.368250 0.108507 -0.0202542 0.320558 0.0511982 -0.00934245 0.00873504 0.998607
11184.405113 0.112986 -0.0195271 0.323304 0.0513885 -0.0122965 0.009288 0.99856
11184.441976 0.116842 -0.0180954 0.325654 0.0495265 -0.0141042 0.0105191 0.998618
11184.478840 0.12103 -0.0162627 0.327556 0.0460769 -0.0153363 0.0113165 0.998756
11184.515703 0.124748 -0.0149489 0.329226 0.0429365 -0.0157564 0.0125335 0.998875
11184.552566 0.128554 -0.0134846 0.330651 0.0422996 -0.0163534 0.013873 0.998875
11184.589430 0.13018 -0.0102643 0.331516 0.0442994 -0.0159053 0.0165831 0.998754
11184.626293 0.132733 -0.00840111 0.332333 0.0437993 -0.0159852 0.0203476 0.998705
11184.663156 0.135361 -0.00648247 0.33247 0.0408475 -0.0165509 0.0240338 0.998739
11184.700020 0.137544 -0.00397544 0.332077 0.0381914 -0.0176766 0.0267157 0.998757
11184.736883 0.139257 -0.00274603 0.331124 0.0348303 -0.0187917 0.0294084 0.998784
11184.773746 0.14174 -0.00120243 0.329621 0.032827 -0.0208081 0.0313218 0.998753
11184.810610 0.143143 0.00139389 0.326894 0.0312346 -0.0226079 0.0308014 0.998782
11184.847473 0.14435 0.00196966 0.323716 0.0286459 -0.0238118 0.0317891 0.9988
11184.884337 0.144855 0.00223139 0.319892 0.0281237 -0.0246539 0.0324178 0.998774
11184.921200 0.144872 0.00367187 0.315505 0.0319491 -0.0259009 0.0326234 0.998621
11184.958063 0.143603 0.00301482 0.310626 0.0353968 -0.0261913 0.035514 0.998399
11184.994927 0.142249 0.00271952 0.305078 0.0392769 -0.0271008 0.0379619 0.998139
11185.031790 0.140511 0.00220106 0.298834 0.0416609 -0.0282299 0.0407797 0.9979
11185.068654 0.138388 0.00195677 0.291923 0.043289 -0.0296966 0.0428051 0.997703
11185.105517 0.136341 0.000607238 0.284808 0.0457064 -0.031439 0.0444462 0.99747
11185.142380 0.133432 0.000106763 0.277133 0.0504961 -0.0330008 0.0454302 0.997145
11185.179244 0.130408 -0.00105979 0.269183 0.0562841 -0.0346855 0.0458394 0.996759
11185.216107 0.126469 -0.00367256 0.261042 0.0608385 -0.0356304 0.0473112 0.996389
11185.252970 0.122564 -0.00510559 0.252567 0.0636709 -0.0365889 0.0488127 0.996105
11185.289834 0.118662 -0.00581863 0.243891 0.0656062 -0.0376153 0.0487993 0.995942
11185.326697 0.114114 -0.00801425 0.235776 0.0668708 -0.038085 0.0500155 0.995779
11185.363560 0.109326 -0.00929749 0.227566 0.0684271 -0.0387549 0.0497291 0.995662
11185.400424 0.105178 -0.00875907 0.219297 0.0697547 -0.0395564 0.048317 0.995608
11185.437287 0.100284 -0.0100932 0.211404 0.0692152 -0.0393707 0.0472563 0.995704
11185.474151 0.0946097 -0.0098041 0.203635 0.0704266 -0.0387037 0.0454261 0.99573
11185.511014 0.0909756 -0.00894413 0.196032 0.0714495 -0.038863 0.0419932 0.995802
11185.547878 0.0853033 -0.00996504 0.188913 0.0714714 -0.0372047 0.0400424 0.995944
11185.584741 0.081733 -0.0109225 0.18224 0.0720877 -0.0362874 0.0367901 0.996059
11185.621604 0.0782734 -0.0106537 0.176205 0.0734478 -0.0345419 0.0349884 0.996086
11185.658468 0.0747424 -0.0119905 0.171015 0.0752857 -0.031945 0.0331863 0.996098
11185.695331 0.0729443 -0.0135792 0.16688 0.0769805 -0.0292507 0.0320464 0.996088
11185.732194 0.0721306 -0.0152344 0.163212 0.0769026 -0.0260997 0.0310752 0.996212
11185.769057 0.0719034 -0.0154992 0.16009 0.0779931 -0.023345 0.0302831 0.99622
11185.805921 0.0720126 -0.0160606 0.157489 0.0800506 -0.0206422 0.0305045 0.99611
11185.842784 0.073896 -0.0163353 0.15493 0.0838972 -0.0196501 0.0301054 0.995826
11185.879648 0.076307 -0.0153274 0.152705 0.0895742 -0.0197386 0.0294965 0.995348
11185.916511 0.0778559 -0.0168799 0.150246 0.090505 -0.0192712 0.0299767 0.995258
11185.953375 0.0816742 -0.0164027 0.148094 0.0915286 -0.0204572 0.0291788 0.995165
11185.990238 0.0872682 -0.0141881 0.146323 0.0925565 -0.0225065 0.0288256 0.995036
11186.027101 0.0935722 -0.0152215 0.145463 0.0920304 -0.0246972 0.0297439 0.995005
11186.063965 0.100049 -0.0152857 0.145204 0.0921168 -0.0268219 0.0317572 0.99488
11186.100828 0.109131 -0.012615 0.145491 0.0926881 -0.0306148 0.0321267 0.994706
11186.137691 0.116837 -0.0129815 0.1469 0.0917707 -0.0328938 0.0351589 0.994615
11186.174555 0.127276 -0.0120769 0.148926 0.092674 -0.0370477 0.0376527 0.994294
11186.211418 0.138655 -0.0112163 0.151638 0.0949612 -0.0423774 0.0386706 0.993827
11186.248281 0.149478 -0.0114009 0.154551 0.0967829 -0.0474195 0.0392223 0.993401
11186.285145 0.162379 -0.0115799 0.158019 0.0993394 -0.0536092 0.0387964 0.992851
11186.322008 0.175645 -0.0123104 0.161488 0.101082 -0.0594528 0.0368211 0.992417
11186.358872 0.188804 -0.0115975 0.164889 0.102132 -0.0645259 0.0342262 0.992086
11186.395735 0.203134 -0.0134538 0.168855 0.100659 -0.0692934 0.0318805 0.991993
11186.432598 0.219865 -0.0135578 0.173575 0.100397 -0.0753301 0.0282266 0.99169
11186.469462 0.234266 -0.0119735 0.178513 0.101458 -0.0801514 0.0247408 0.991297
11186.506325 0.249708 -0.0136402 0.183966 0.0999246 -0.0847145 0.0227859 0.99112
11186.543189 0.26476 -0.0136633 0.19001 0.0992628 -0.0892981 0.0224745 0.990791
11186.580052 0.278916 -0.0112234 0.196386 0.0998488 -0.0945105 0.0220127 0.990259
11186.616915 0.292794 -0.0115012 0.203275 0.0974264 -0.100066 0.0245118 0.989896
11186.653779 0.305822 -0.0114955 0.210509 0.0959915 -0.10708 0.0260579 0.989263
11186.690642 0.317641 -0.0106227 0.217728 0.0956956 -0.114716 0.027276 0.988402
11186.727505 0.329499 -0.0107861 0.22505 0.0947365 -0.123393 0.0294245 0.987387
11186.764369 0.340845 -0.0109239 0.232234 0.0937011 -0.133081 0.0316679 0.986158
11186.801232 0.351912 -0.0104399 0.23917 0.0917696 -0.143556 0.0342809 0.984782
11186.838095 0.361383 -0.00900015 0.24529 0.0895093 -0.154024 0.0368345 0.983315
11186.874959 0.369172 -0.00828119 0.250721 0.0873287 -0.164576 0.0401191 0.981671
11186.911822 0.37744 -0.00691518 0.256356 0.0874202 -0.17619 0.0430482 0.979521
11186.948686 0.38361 -0.00513443 0.261457 0.0896815 -0.186731 0.0463511 0.977211
11186.985549 0.38797 -0.0037881 0.265711 0.0917773 -0.195666 0.0515835 0.975003
11187.022412 0.390718 -0.00225627 0.269227 0.0926128 -0.202925 0.0569321 0.973141
11187.059276 0.392299 -0.0017643 0.272236 0.0908169 -0.208355 0.0618061 0.971864
11187.096139 0.393218 -0.00232952 0.274878 0.086781 -0.212021 0.0645849 0.97126
11187.133002 0.392911 -0.00329305 0.277363 0.082987 -0.213672 0.0665822 0.971094
11187.169866 0.393692 -0.00577636 0.280246 0.0791032 -0.21439 0.0668147 0.971244
11187.206729 0.391449 -0.00856053 0.282319 0.0767632 -0.211911 0.0674176 0.971934
11187.243592 0.389061 -0.0116865 0.284725 0.0770988 -0.209004 0.0670479 0.972562
11187.280456 0.385539 -0.0157314 0.286703 0.0769469 -0.204739 0.0662768 0.973534
11187.317319 0.379821 -0.0194025 0.288019 0.0774027 -0.19923 0.0648747 0.974735
11187.354183 0.375091 -0.024931 0.290078 0.0779094 -0.195061 0.0623331 0.975703
11187.391046 0.368264 -0.0312643 0.291965 0.0796935 -0.19009 0.0591003 0.97674
11187.427909 0.359733 -0.0374087 0.293604 0.0824497 -0.185013 0.0561835 0.977658
11187.464773 0.351053 -0.0450822 0.295923 0.0846846 -0.180605 0.0524427 0.978499
11187.501636 0.340849 -0.0530877 0.298579 0.0862187 -0.176061 0.0496527 0.979338
11187.538500 0.3297 -0.0614762 0.301561 0.0874438 -0.172131 0.046522 0.980082
11187.575363 0.317541 -0.0703685 0.304748 0.0872065 -0.168349 0.0423242 0.98095
11187.612226 0.303543 -0.0773119 0.307462 0.0870655 -0.163745 0.0387216 0.98189
11187.649090 0.291701 -0.0854485 0.311023 0.0864717 -0.160643 0.0348355 0.9826
11187.685953 0.275701 -0.0931945 0.313477 0.0857608 -0.153821 0.034004 0.983782
11187.722816 0.26144 -0.100394 0.316324 0.0842907 -0.14802 0.033277 0.984824
11187.759680 0.245827 -0.108264 0.318693 0.0822729 -0.140738 0.032485 0.986088
11187.796543 0.229327 -0.116598 0.320638 0.0784445 -0.132242 0.0337879 0.987531
11187.833407 0.211955 -0.122927 0.32185 0.0744253 -0.123693 0.0329291 0.988978
11187.870270 0.195863 -0.128935 0.32283 0.0682081 -0.115617 0.0316951 0.990442
11187.907133 0.178655 -0.134613 0.323391 0.0615423 -0.106137 0.0309465 0.991963
11187.943997 0.161538 -0.139547 0.323733 0.055496 -0.0961594 0.0294661 0.993381
11187.980860 0.144924 -0.14285 0.323707 0.049802 -0.0859066 0.0265166 0.994704
11188.017723 0.126499 -0.145805 0.323159 0.0427239 -0.0732984 0.0247055 0.996088
11188.054587 0.107099 -0.146953 0.321966 0.0369306 -0.0596619 0.0224842 0.997282
11188.091450 0.0889563 -0.147327 0.320629 0.0320054 -0.0473471 0.0196662 0.998172
11188.128313 0.0720127 -0.147023 0.318775 0.0276851 -0.0359191 0.018455 0.998801
11188.165177 0.05389 -0.144903 0.316194 0.0265658 -0.0245721 0.0186673 0.999171
11188.202040 0.0351691 -0.142405 0.313443 0.0264384 -0.0131317 0.0209807 0.999344
11188.238904 0.0182439 -0.138573 0.310343 0.0265565 -0.00375186 0.02153 0.999408
11188.275767 0.00341562 -0.135061 0.307305 0.025437 0.00409805 0.021348 0.99944
11188.312630 -0.0121843 -0.130851 0.304044 0.0254794 0.0123419 0.0219066 0.999359
11188.349494 -0.0269491 -0.126561 0.300813 0.0279841 0.0196729 0.0217637 0.999178
11188.386357 -0.0400361 -0.12204 0.297667 0.0304718 0.0260796 0.0218847 0.998956
11188.423220 -0.0513491 -0.116718 0.293841 0.0310119 0.0312758 0.0211906 0.998805
11188.460084 -0.0640686 -0.110944 0.290089 0.0298046 0.0374696 0.0195915 0.998661
11188.496947 -0.0742693 -0.104705 0.286385 0.0284948 0.0421004 0.0175766 0.998552
11188.533810 -0.0832985 -0.0978534 0.282505 0.0275679 0.0454061 0.0160957 0.998458
11188.570674 -0.0935612 -0.088802 0.278785 0.0286844 0.0488282 0.0172369 0.998246
11188.607537 -0.10062 -0.0812174 0.275179 0.0293706 0.0497448 0.0173345 0.99818
11188.644401 -0.107486 -0.0723506 0.271676 0.03078 0.049911 0.0177688 0.998121
11188.681264 -0.113084 -0.0620883 0.268141 0.0324017 0.0492737 0.0183988 0.99809
11188.718127 -0.11702 -0.0540289 0.265128 0.0328693 0.0484957 0.0190927 0.9981
11188.754991 -0.118086 -0.0439458 0.261826 0.0344813 0.0474252 0.0203439 0.998072
11188.791854 -0.119157 -0.0335771 0.258921 0.0354409 0.0471928 0.0221714 0.998011
11188.828717 -0.119395 -0.0233713 0.256025 0.0384761 0.0468722 0.0226701 0.997902
11188.865581 -0.116213 -0.0145288 0.253405 0.0437024 0.0438912 0.0205934 0.997868
11188.902444 -0.112275 -0.00527021 0.250194 0.0486169 0.0408299 0.0190035 0.997802
11188.939307 -0.10778 0.00562483 0.247066 0.0542425 0.03792 0.0186404 0.997633
11188.976171 -0.101976 0.0151325 0.244184 0.0592077 0.0342481 0.0197459 0.997463
11189.013034 -0.0975863 0.0242474 0.242036 0.0633126 0.0311621 0.0222227 0.99726
11189.049898 -0.0884884 0.033316 0.239737 0.065792 0.0247611 0.0228548 0.997264
11189.086761 -0.0802142 0.0427134 0.23833 0.0677406 0.0182592 0.0234264 0.997261
11189.123624 -0.0697266 0.0510756 0.237329 0.0689788 0.0106235 0.0228892 0.997299
11189.160488 -0.0593145 0.0595144 0.236858 0.0697452 0.00333767 0.0219558 0.997318
11189.197351 -0.0484246 0.0666169 0.237138 0.0706783 -0.00313043 0.0229221 0.997231
11189.234215 -0.0353303 0.0741063 0.237673 0.0730936 -0.00997758 0.0234757 0.996999
11189.271078 -0.0214783 0.0811999 0.238786 0.0782209 -0.0171964 0.0241354 0.996495
11189.307941 -0.00755068 0.0865059 0.240714 0.0865621 -0.0241419 0.0268293 0.995592
11189.344805 0.00844163 0.0913178 0.242672 0.0947628 -0.0319548 0.0296924 0.994544
11189.381668 0.0244428 0.0941121 0.245094 0.101044 -0.0393794 0.0322487 0.993579
11189.418531 0.0415332 0.095013 0.247947 0.105222 -0.0471952 0.034262 0.992737
11189.455395 0.0591099 0.0937805 0.25139 0.108255 -0.0553051 0.0354751 0.991949
11189.492258 0.0764906 0.09143 0.25514 0.109657 -0.0617833 0.0365751 0.991373
11189.529121 0.0949156 0.0876244 0.259468 0.110605 -0.0674827 0.0366268 0.990894
11189.565985 0.112464 0.0815969 0.263884 0.110009 -0.0712654 0.0368388 0.990688
11189.602848 0.131949 0.0753553 0.268921 0.110164 -0.0757065 0.0361122 0.990368
11189.639712 0.150294 0.0692239 0.274544 0.112441 -0.0799905 0.0347962 0.989822
11189.676575 0.168135 0.0616021 0.280498 0.113725 -0.0837405 0.0342665 0.989384
11189.713438 0.186056 0.0542379 0.286911 0.114868 -0.0875096 0.0333569 0.988956
11189.750302 0.203509 0.0471054 0.293563 0.115438 -0.0912325 0.0308708 0.988634
11189.787165 0.220386 0.0381534 0.300461 0.113118 -0.0941661 0.0295321 0.988668
11189.824028 0.235908 0.0311244 0.307591 0.111837 -0.0975552 0.0276705 0.988539
11189.860892 0.251665 0.0240125 0.315169 0.110892 -0.103173 0.0240898 0.988169
11189.897755 0.265813 0.015454 0.323007 0.108883 -0.109198 0.0214847 0.987805
11189.934618 0.277472 0.00753553 0.330432 0.107609 -0.115406 0.0185231 0.987299
11189.971482 0.290305 -0.000184268 0.338738 0.108572 -0.124181 0.0146099 0.986194
11190.008345 0.30024 -0.00855145 0.346524 0.110209 -0.131984 0.0127551 0.985024
11190.045209 0.30994 -0.017203 0.354189 0.110232 -0.140058 0.0108764 0.983928
11190.082072 0.317789 -0.0262137 0.361281 0.108036 -0.147101 0.010319 0.98315
11190.118936 0.323661 -0.0351684 0.367955 0.105312 -0.154355 0.00829969 0.982352
11190.155799 0.32639 -0.0448591 0.373812 0.101501 -0.160002 0.00802053 0.981852
11190.192662 0.330066 -0.0556636 0.380622 0.0975815 -0.16806 0.00494326 0.980923
11190.229526 0.331252 -0.0649135 0.387252 0.09455 -0.175161 0.00363161 0.979983
11190.266389 0.329923 -0.0755096 0.392951 0.0899833 -0.180368 0.00160332 0.979473
11190.303252 0.328635 -0.0860577 0.399205 0.085493 -0.18593 -0.000725834 0.978836
11190.340116 0.326426 -0.0960797 0.405289 0.0816465 -0.190535 -0.002913 0.978275
11190.376979 0.320093 -0.104169 0.409721 0.0790741 -0.191728 -0.00276797 0.978254
11190.413842 0.313491 -0.112356 0.414284 0.0759327 -0.193002 -0.00137881 0.978255
11190.450706 0.307567 -0.120991 0.419135 0.0723161 -0.195662 0.000465143 0.978001
11190.487569 0.295753 -0.128113 0.421306 0.070636 -0.194444 0.00261053 0.978364
11190.524433 0.284226 -0.135051 0.423411 0.0703839 -0.193349 0.00375671 0.978595
11190.561296 0.274473 -0.143668 0.426124 0.0702237 -0.193521 0.00358635 0.978573
11190.598159 0.261005 -0.150078 0.426558 0.0711399 -0.189347 0.00244466 0.979327
11190.635023 0.249238 -0.157286 0.427084 0.0683123 -0.184977 0.00185558 0.980364
11190.671886 0.234795 -0.164488 0.426286 0.061797 -0.177111 0.000772701 0.982249
11190.708750 0.220364 -0.170263 0.42533 0.0530705 -0.168235 -0.000521789 0.984317
11190.745613 0.205339 -0.176707 0.424197 0.0408406 -0.158269 -0.00123789 0.98655
11190.782476 0.190495 -0.181784 0.423416 0.0292345 -0.149109 -0.00314949 0.988384
11190.819339 0.175019 -0.186441 0.422883 0.0195476 -0.140631 -0.00657991 0.989847
11190.856203 0.157672 -0.1895 0.421981 0.0116251 -0.131116 -0.00961849 0.991252
11190.893066 0.142768 -0.191968 0.421321 0.00420648 -0.124354 -0.0164719 0.992092
11190.929930 0.126354 -0.193002 0.41983 -0.00199225 -0.116334 -0.0204739 0.992997
11190.966793 0.108769 -0.191945 0.41761 -0.00616351 -0.107839 -0.0235022 0.993871
11191.003656 0.0921664 -0.18979 0.41496 -0.00970624 -0.100681 -0.026026 0.994531
11191.040520 0.0752985 -0.187085 0.412062 -0.0135276 -0.0943111 -0.0275099 0.995071
11191.077383 0.0588864 -0.183784 0.408902 -0.0177491 -0.0891539 -0.0283682 0.995456
11191.114247 0.043224 -0.180474 0.405759 -0.0219544 -0.085099 -0.0281607 0.995732
11191.151110 0.0295332 -0.175884 0.402575 -0.0245877 -0.0836217 -0.0296443 0.995753
11191.187973 0.0135675 -0.170962 0.399386 -0.0284711 -0.0796957 -0.0280173 0.996019
11191.224837 0.000483654 -0.164295 0.395873 -0.0317218 -0.0766827 -0.0272864 0.996177
11191.261700 -0.0121091 -0.157403 0.392465 -0.0343486 -0.0714042 -0.0249131 0.996544
11191.298563 -0.0229229 -0.149188 0.388438 -0.0357617 -0.0635302 -0.0214092 0.997109
11191.335427 -0.0322728 -0.139598 0.38361 -0.0365971 -0.0529266 -0.0164625 0.997792
11191.372290 -0.0402623 -0.130549 0.378603 -0.0377483 -0.0401551 -0.0108019 0.998422
11191.409153 -0.0466241 -0.120881 0.373624 -0.0372006 -0.026807 -0.00427592 0.998939
11191.446017 -0.0506536 -0.111114 0.368373 -0.036025 -0.0149319 0.00227884 0.999237
11191.482880 -0.0564917 -0.101223 0.363484 -0.0343611 -0.00253735 0.010629 0.99935
11191.519744 -0.0596887 -0.0912272 0.358166 -0.0320154 0.00592836 0.0174751 0.999317
11191.556607 -0.0630602 -0.081454 0.352565 -0.0313335 0.0124005 0.0229229 0.999169
11191.593470 -0.0653339 -0.0716563 0.346091 -0.0321942 0.0167566 0.0269423 0.998978
11191.630334 -0.06899 -0.0623179 0.339824 -0.0298358 0.0201637 0.0311033 0.998867
11191.667197 -0.0694787 -0.0535503 0.333165 -0.02472 0.0200431 0.0320389 0.99898
11191.704061 -0.0706182 -0.0441386 0.325923 -0.018572 0.0195836 0.0320293 0.999122
11191.740924 -0.0712795 -0.0345627 0.318034 -0.0133235 0.0177976 0.0316974 0.99925
11191.777787 -0.0718791 -0.0250008 0.309764 -0.00796037 0.014479 0.0329937 0.999319
11191.814651 -0.070674 -0.0151232 0.301185 -0.000198345 0.00823396 0.0336063 0.999401
11191.851514 -0.0708673 -0.0057975 0.292827 0.00828504 0.00159734 0.0362092 0.999309
11191.888377 -0.0701819 0.00230488 0.284292 0.0163363 -0.00691762 0.0386178 0.999097
11191.925241 -0.0679581 0.00979742 0.275915 0.023843 -0.017146 0.0399092 0.998772
11191.962104 -0.0631484 0.0174545 0.267063 0.0282931 -0.0287413 0.0399997 0.998385
11191.998967 -0.0606113 0.026045 0.258922 0.0321168 -0.0378163 0.0422348 0.997875
11192.035831 -0.0564206 0.034219 0.251403 0.0359471 -0.0463935 0.0448773 0.997267
11192.072694 -0.0502286 0.0426346 0.244434 0.0397335 -0.053536 0.0479972 0.99662
11192.109557 -0.0433502 0.0514104 0.238324 0.0426497 -0.058247 0.0520314 0.996033
11192.146421 -0.0351987 0.0605753 0.233192 0.0436467 -0.061347 0.0560391 0.995586
11192.183284 -0.0254427 0.0692418 0.22891 0.0424088 -0.062368 0.0606338 0.995307
11192.220148 -0.0132162 0.0779479 0.225924 0.0422251 -0.0625964 0.0664563 0.994928
11192.257011 0.000744611 0.0858492 0.223885 0.041997 -0.062609 0.0733532 0.994452
11192.293874 0.0159115 0.0938994 0.222524 0.0393236 -0.0635502 0.0799328 0.993995
11192.330738 0.0311494 0.101445 0.220844 0.034271 -0.0659527 0.0852737 0.993581
11192.367601 0.0473167 0.106218 0.22004 0.0309683 -0.0715027 0.0890133 0.992978
11192.404464 0.0646996 0.11005 0.219986 0.0310381 -0.0805358 0.0908683 0.992116
11192.441328 0.0845051 0.112871 0.220509 0.0338411 -0.0924718 0.0913485 0.990939
11192.478191 0.103106 0.112773 0.221028 0.0357496 -0.104346 0.0930284 0.989535
11192.515054 0.121951 0.111855 0.221459 0.0369234 -0.115768 0.0962078 0.987916
11192.551918 0.142696 0.108492 0.222299 0.038138 -0.127444 0.100762 0.985977
11192.588781 0.163061 0.102681 0.223756 0.0397968 -0.138948 0.105407 0.983869
11192.625645 0.183059 0.0960983 0.225372 0.0405908 -0.150215 0.109642 0.981716
11192.662508 0.20363 0.0892597 0.227283 0.039851 -0.161941 0.113233 0.979472
11192.699371 0.223956 0.0817541 0.229173 0.0366417 -0.172477 0.116014 0.977471
11192.736235 0.243128 0.0745915 0.231189 0.033664 -0.180899 0.119355 0.975652
11192.773098 0.261435 0.0675963 0.2336 0.0327783 -0.188515 0.12142 0.973984
11192.809962 0.277758 0.0620802 0.235931 0.0322535 -0.193442 0.122704 0.972874
11192.846825 0.292472 0.0558329 0.238498 0.0324768 -0.196167 0.123823 0.972179
11192.883688 0.306304 0.049548 0.241757 0.0334474 -0.197906 0.124089 0.971759
11192.920552 0.319923 0.0417173 0.245698 0.0335558 -0.199406 0.122109 0.9717
11192.957415 0.329369 0.0341643 0.249375 0.0335399 -0.199757 0.117974 0.972139
11192.994278 0.338776 0.0264716 0.253464 0.0292216 -0.199888 0.112386 0.972913
11193.031142 0.34578 0.0193922 0.257514 0.0248377 -0.198627 0.106157 0.973992
11193.068005 0.350626 0.013211 0.261549 0.0247224 -0.196008 0.0999427 0.975183
11193.104868 0.352878 0.00833602 0.265122 0.0289637 -0.191433 0.0950492 0.976463
11193.141732 0.353944 0.00371111 0.268446 0.0352816 -0.186744 0.0906485 0.977581
11193.178595 0.352082 0.00121444 0.27043 0.0417275 -0.180997 0.0872677 0.978715
11193.215459 0.349073 -0.00156941 0.272245 0.0474042 -0.176225 0.0859125 0.979447
11193.252322 0.344463 -0.00395663 0.274154 0.0520247 -0.17291 0.085501 0.979839
11193.289185 0.338951 -0.00633604 0.276425 0.0542439 -0.171269 0.0858665 0.979975
11193.326049 0.33152 -0.00883078 0.278886 0.0552838 -0.170985 0.086749 0.979889
11193.362912 0.324524 -0.0120274 0.28229 0.0540031 -0.173388 0.0853567 0.97966
11193.399775 0.31596 -0.013406 0.285844 0.0509821 -0.176127 0.08351 0.979493
11193.436639 0.307595 -0.0158852 0.289788 0.0461516 -0.179381 0.0802097 0.979418
11193.473502 0.298148 -0.0178398 0.294046 0.0435649 -0.182046 0.0759451 0.979384
11193.510365 0.288955 -0.0202953 0.298719 0.0442205 -0.18419 0.0712295 0.979308
11193.547229 0.276932 -0.0227946 0.30201 0.046363 -0.183108 0.0685742 0.979602
11193.584092 0.265207 -0.026271 0.304577 0.0483138 -0.180973 0.0658492 0.980091
11193.620956 0.254765 -0.031102 0.306385 0.0497657 -0.178612 0.0617809 0.980716
11193.657819 0.242007 -0.0352433 0.306695 0.0537398 -0.173934 0.0585428 0.981546
11193.694682 0.229793 -0.0397601 0.306228 0.0588081 -0.169095 0.0537231 0.982376
11193.731546 0.217528 -0.0427552 0.304879 0.0645664 -0.163987 0.0489434 0.98313
11193.768409 0.20518 -0.0460915 0.303149 0.0699757 -0.157997 0.0449453 0.983931
11193.805273 0.192429 -0.0486881 0.301387 0.0757945 -0.150455 0.0414317 0.984836
11193.842136 0.181447 -0.0521783 0.299518 0.0780099 -0.142122 0.0391737 0.985993
11193.878999 0.170791 -0.0538285 0.297702 0.0789255 -0.131956 0.0363208 0.987441
11193.915863 0.160235 -0.0571215 0.296024 0.0763862 -0.119618 0.0343993 0.989279
11193.952726 0.150071 -0.0588983 0.294948 0.0739575 -0.105376 0.0324586 0.991147
11193.989589 0.141615 -0.0607489 0.294802 0.0717032 -0.0917999 0.0298671 0.992743
11194.026453 0.132402 -0.0633813 0.295869 0.0712911 -0.0784426 0.026295 0.994019
11194.063316 0.1242 -0.0659046 0.298199 0.0718768 -0.0663635 0.0210482 0.994981
11194.100179 0.118003 -0.068234 0.301893 0.0729465 -0.0562283 0.0142975 0.995647
11194.137043 0.111655 -0.0723418 0.306911 0.0741156 -0.0462516 0.00911386 0.996135
11194.173906 0.103933 -0.0739714 0.312933 0.0779045 -0.0358089 0.00488238 0.996306
11194.210770 0.0990828 -0.0768521 0.320201 0.0812938 -0.0280483 0.000442993 0.996295
11194.247633 0.0938073 -0.0784616 0.328762 0.0837346 -0.0199535 -0.00345695 0.996282
11194.284496 0.090158 -0.079573 0.337946 0.0808377 -0.0123589 -0.00598146 0.996633
11194.321360 0.0866582 -0.079507 0.347856 0.075341 -0.005295 -0.0082111 0.99711
11194.358223 0.0843782 -0.0797492 0.358974 0.068423 0.000968466 -0.00800509 0.997624
11194.395087 0.0821669 -0.0787183 0.371118 0.0619379 0.00663225 -0.00424534 0.998049
11194.431950 0.0814984 -0.0783364 0.384405 0.0570699 0.0100431 0.000687088 0.998319
11194.468813 0.0806944 -0.0773405 0.398226 0.0546477 0.011809 0.00564643 0.99842
11194.505676 0.0804385 -0.0772431 0.412415 0.0525666 0.0116829 0.0118114 0.998479
11194.542540 0.0814184 -0.0765023 0.426026 0.0497342 0.00921993 0.01628 0.998587
11194.579403 0.0813454 -0.0748661 0.438557 0.0457966 0.0066465 0.0201394 0.998726
11194.616267 0.0817842 -0.074241 0.450813 0.0417304 0.00307072 0.0248025 0.998816
11194.653130 0.083261 -0.0739595 0.462743 0.0395507 -0.00228627 0.0274752 0.998837
11194.689994 0.0827695 -0.0725119 0.474265 0.0416471 -0.00689879 0.0299648 0.998659
11194.726857 0.0806851 -0.072537 0.485092 0.0427078 -0.0101475 0.0330234 0.99849
11194.763720 0.0792052 -0.07134 0.494329 0.039983 -0.0136588 0.0343863 0.998515
11194.800584 0.0774268 -0.0693901 0.50188 0.0338298 -0.0164347 0.0355232 0.998661
11194.837447 0.073401 -0.0689397 0.508109 0.0275033 -0.0164812 0.0376666 0.998776
11194.874310 0.0692273 -0.0683813 0.512915 0.024167 -0.0165782 0.0388069 0.998817
11194.911174 0.065527 -0.0668967 0.515699 0.0233783 -0.0176578 0.0383965 0.998833
11194.948037 0.05938 -0.0656517 0.515715 0.0208643 -0.0163877 0.0391702 0.99888
11194.984900 0.0530739 -0.0640299 0.51321 0.0193859 -0.0158324 0.0383344 0.998951
11195.021764 0.0472631 -0.0616627 0.508229 0.0209072 -0.0166235 0.0356507 0.999007
11195.058627 0.0401163 -0.0600152 0.50104 0.0235989 -0.0161651 0.0339857 0.999013
11195.095491 0.0316341 -0.0589878 0.492237 0.0258364 -0.0141784 0.0340926 0.998984
11195.132354 0.0241589 -0.0573927 0.481812 0.0272942 -0.0128082 0.0337685 0.998975
11195.169217 0.0172599 -0.0554087 0.470074 0.0283274 -0.0106906 0.0340731 0.998961
11195.206081 0.00893386 -0.0550493 0.457811 0.0292643 -0.00635206 0.0357754 0.998911
11195.242944 4.78934e-05 -0.0544663 0.445264 0.0329323 -0.00139408 0.0380854 0.998731
11195.279808 -0.00691277 -0.0530391 0.432269 0.0376894 0.00192581 0.0387969 0.998534
11195.316671 -0.0144359 -0.0523954 0.419315 0.0401704 0.00576493 0.0394228 0.998398
11195.353534 -0.0223275 -0.051301 0.406373 0.0416368 0.00976374 0.0376963 0.998374
11195.390398 -0.0278549 -0.0487918 0.393391 0.0418293 0.0128704 0.0324404 0.998515
11195.427261 -0.0326775 -0.0472773 0.380633 0.0388439 0.0169085 0.0265851 0.998749
11195.464124 -0.037981 -0.0450127 0.368188 0.0358573 0.02256 0.0217737 0.998865
11195.500988 -0.0425865 -0.0425587 0.355745 0.0324991 0.0291453 0.0185086 0.998875
11195.537851 -0.0455958 -0.0409266 0.343765 0.0291768 0.0354552 0.015528 0.998825
11195.574714 -0.0476643 -0.0380517 0.332459 0.0274291 0.0414661 0.0132042 0.998676
11195.611578 -0.0479242 -0.0347235 0.321328 0.0257887 0.046522 0.0100083 0.998534
11195.648441 -0.0467981 -0.0310456 0.311491 0.0241258 0.0506894 0.00692499 0.998399
11195.685305 -0.043619 -0.0276377 0.301745 0.0220004 0.0540155 0.00322927 0.998292
11195.722168 -0.0394119 -0.0233613 0.292615 0.0200909 0.0573757 0.00194373 0.998149
11195.759031 -0.0338114 -0.0189171 0.283773 0.0177978 0.0591465 0.00149584 0.99809
11195.795895 -0.0265536 -0.0156668 0.275465 0.0132191 0.0591486 0.00176172 0.99816
11195.832758 -0.0181583 -0.0113634 0.267142 0.008804 0.057459 0.00239343 0.998306
11195.869621 -0.00947369 -0.0063715 0.258966 0.00462493 0.0543033 0.00402821 0.998506
11195.906485 0.0010775 -0.00290959 0.251378 0.00105415 0.0491968 0.00653712 0.998767
11195.943348 0.0118709 0.000757505 0.243835 -0.00251172 0.0431392 0.00993782 0.999016
11195.980211 0.022049 0.00442371 0.23606 -0.00729255 0.0368546 0.0142141 0.999193
11196.017075 0.0328971 0.0064709 0.228142 -0.0127522 0.0297033 0.0183481 0.999309
11196.053938 0.0439781 0.00902833 0.219336 -0.0167791 0.0219736 0.022283 0.999369
11196.090802 0.0534089 0.0114887 0.210069 -0.0177346 0.0155679 0.0266468 0.999366
11196.127665 0.0625747 0.0113496 0.201043 -0.0166852 0.0104792 0.0321344 0.999289
11196.164528 0.0707384 0.011147 0.191404 -0.014458 0.00658017 0.0375247 0.999169
11196.201392 0.077814 0.0112517 0.181135 -0.0118011 0.00377244 0.041319 0.999069
11196.238255 0.0837139 0.00875261 0.171428 -0.00897761 0.00201023 0.0451857 0.998936
11196.275118 0.0891982 0.00583181 0.161588 -0.00472712 5.27582e-05 0.0475959 0.998856
11196.311982 0.0924584 0.00284728 0.15157 0.000126451 -0.00101045 0.048147 0.99884
11196.348845 0.094927 -0.00107466 0.141932 0.00677962 -0.00203169 0.0472744 0.998857
11196.385708 0.0973218 -0.00571831 0.132715 0.013321 -0.0026802 0.0472471 0.998791
11196.422572 0.0980455 -0.00864367 0.123307 0.0190378 -0.00253084 0.0463529 0.99874
11196.459435 0.0991229 -0.0119391 0.114627 0.0241909 -0.00340065 0.04411 0.998728
11196.496299 0.0991864 -0.0154616 0.106801 0.0284663 -0.00397837 0.0422606 0.998693
11196.533162 0.0985691 -0.0188512 0.0994719 0.0305728 -0.00463567 0.0395315 0.99874
11196.570025 0.0980232 -0.0196007 0.0923091 0.0323567 -0.00563299 0.0361931 0.998805
11196.606889 0.098701 -0.0239315 0.0861253 0.0307686 -0.00672429 0.0345469 0.998907
11196.643752 0.0979224 -0.0254459 0.0798631 0.0302113 -0.00676952 0.03384 0.998948
11196.680615 0.0958719 -0.0259829 0.0737832 0.0303394 -0.00554262 0.0351568 0.998906
11196.717479 0.0937119 -0.0277603 0.0677187 0.0280817 -0.00463716 0.0384566 0.998855
11196.754342 0.0918617 -0.0296796 0.0614433 0.0256056 -0.00548987 0.0393858 0.998881
11196.791205 0.0868274 -0.0298466 0.0547437 0.0272043 -0.00731774 0.0380059 0.99888
11196.828069 0.0832655 -0.0322056 0.0485281 0.0296446 -0.0110018 0.0351732 0.998881
11196.864932 0.0787502 -0.0362469 0.0423348 0.0311444 -0.0137818 0.0324193 0.998894
11196.901796 0.0747342 -0.0408315 0.0359489 0.0309391 -0.0158021 0.0307961 0.998922
11196.938659 0.0678518 -0.0437013 0.0295565 0.0278549 -0.0148299 0.0305298 0.999036
11196.975522 0.0621409 -0.0471327 0.0233108 0.0211307 -0.0136119 0.0300158 0.999233
11197.012386 0.0554915 -0.0513026 0.018313 0.0153164 -0.0124542 0.0292175 0.999378
11197.049249 0.0493113 -0.0526227 0.0136867 0.012778 -0.0117238 0.0289697 0.99943
