11197.086112 0 0 0 0 0 0 1
11197.122976 -0.00629011 -0.000854158 -0.00279478 -0.000912237 0.00211323 0.0016799 0.999996
11197.159839 -0.0105421 -0.00110911 -0.00518384 -0.00309786 0.00514599 0.00394444 0.999974
11197.196702 -0.0148112 -0.000941438 -0.00717931 -0.00696424 0.00918996 0.00540092 0.999919
11197.233566 -0.0178836 -7.55006e-05 -0.00905229 -0.0119077 0.0132835 0.00782309 0.99981
11197.270429 -0.0210563 0.00131022 -0.0108518 -0.0170989 0.0169179 0.00877264 0.999672
11197.307293 -0.0224503 0.0011301 -0.0123253 -0.0211183 0.0190956 0.0107122 0.999537
11197.344156 -0.0237768 0.00304992 -0.0135403 -0.0211126 0.0198055 0.0119231 0.99951
11197.381020 -0.0272038 0.00648641 -0.015056 -0.0196664 0.0201186 0.010931 0.999544
11197.417883 -0.0293287 0.00925805 -0.016196 -0.0200739 0.0194423 0.0103321 0.999556
11197.454746 -0.031124 0.0142066 -0.0177478 -0.021139 0.0173257 0.00753385 0.999598
11197.491610 -0.0347584 0.0193067 -0.0185239 -0.0237668 0.0154148 0.00458736 0.999588
11197.528473 -0.0364923 0.0246916 -0.0197329 -0.0298843 0.0131485 0.00189859 0.999465
11197.565336 -0.0387858 0.0316908 -0.0207109 -0.0373681 0.0119831 -0.00142423 0.999229
11197.602200 -0.040907 0.0378332 -0.0217716 -0.0464605 0.0124777 -0.00345596 0.998836
11197.639063 -0.042863 0.0463762 -0.0231803 -0.0546627 0.014094 -0.00450141 0.998395
11197.675926 -0.0438762 0.0531522 -0.0242979 -0.0622949 0.015962 -0.00470525 0.997919
11197.712790 -0.0459865 0.0613292 -0.0255895 -0.0680172 0.0180621 -0.00461624 0.99751
11197.749653 -0.0478581 0.0698103 -0.0276097 -0.074314 0.0202569 -0.00531348 0.997015
11197.786517 -0.0481292 0.0789108 -0.030181 -0.0788179 0.0224331 -0.00607714 0.996618
11197.823380 -0.0494429 0.0881108 -0.0331297 -0.0818471 0.0256614 -0.00560134 0.996299
11197.860243 -0.0529021 0.0990341 -0.0365502 -0.084512 0.0302552 -0.00454346 0.995953
11197.897107 -0.0543128 0.108684 -0.0394969 -0.0867831 0.0343911 -0.00249504 0.99563
11197.933970 -0.0573243 0.118799 -0.0423307 -0.0898228 0.0398108 -0.00105874 0.995161
11197.970834 -0.0600197 0.129533 -0.0449839 -0.0960541 0.045438 -0.00178717 0.994337
11198.007697 -0.0617042 0.138888 -0.0471534 -0.105626 0.0521943 -0.00189975 0.993033
11198.044560 -0.0642316 0.149237 -0.0488131 -0.116072 0.0608065 -0.000209453 0.991378
11198.081423 -0.0657964 0.159258 -0.0498041 -0.126071 0.0707476 0.00434412 0.989486
11198.118287 -0.0676434 0.171174 -0.0503537 -0.135459 0.0815776 0.0116296 0.98735
11198.155150 -0.0685868 0.183711 -0.0502632 -0.14529 0.0915536 0.0197453 0.984946
11198.192014 -0.0697195 0.195859 -0.0489196 -0.156106 0.100971 0.029806 0.982114
11198.228877 -0.0695879 0.210851 -0.0470133 -0.167247 0.107767 0.0398595 0.979197
11198.265740 -0.067931 0.225559 -0.0431303 -0.179868 0.113209 0.0509491 0.975826
11198.302604 -0.0679138 0.239735 -0.0369283 -0.192738 0.119386 0.0638104 0.971868
11198.339467 -0.0667307 0.254131 -0.0282264 -0.206327 0.123026 0.0754923 0.967778
11198.376331 -0.0633142 0.267075 -0.0173107 -0.222272 0.12234 0.0836695 0.963653
11198.413194 -0.0588917 0.281151 -0.00585988 -0.238876 0.118957 0.0901187 0.959513
11198.450057 -0.0550138 0.29592 0.00551052 -0.256123 0.114516 0.0956685 0.955057
11198.486921 -0.0511287 0.308217 0.0184503 -0.269971 0.110158 0.101055 0.951193
11198.523784 -0.0479368 0.321679 0.0316259 -0.279731 0.106196 0.106072 0.948273
11198.560647 -0.0459429 0.3352 0.0430567 -0.291017 0.103543 0.110516 0.944656
11198.597511 -0.0429219 0.347542 0.054558 -0.302314 0.102343 0.11403 0.940813
11198.634374 -0.0416184 0.359948 0.0655892 -0.313136 0.103744 0.116311 0.936832
11198.671237 -0.0395983 0.370671 0.0756773 -0.325634 0.105262 0.116021 0.932428
11198.708101 -0.0383143 0.382143 0.0848687 -0.337399 0.108026 0.114408 0.928118
11198.744964 -0.0371142 0.392798 0.0932801 -0.348517 0.112382 0.110895 0.923909
11198.781828 -0.0380558 0.404521 0.100727 -0.358528 0.11912 0.10776 0.919595
11198.818691 -0.0372614 0.4139 0.108038 -0.369824 0.124909 0.103687 0.91481
11198.855554 -0.0359624 0.423297 0.114177 -0.380749 0.129755 0.0991579 0.910144
11198.892418 -0.0359078 0.432424 0.119845 -0.390119 0.135095 0.0954444 0.905785
11198.929281 -0.038861 0.441736 0.125231 -0.398365 0.14128 0.0939688 0.901396
11198.966145 -0.0414011 0.450048 0.129405 -0.406118 0.145274 0.0937951 0.897311
11199.003008 -0.0445932 0.457632 0.133588 -0.412618 0.148087 0.0955536 0.893693
11199.039871 -0.0485514 0.464295 0.136524 -0.418297 0.149016 0.0978326 0.890646
11199.076735 -0.0537418 0.469533 0.140018 -0.421713 0.150199 0.100817 0.888501
11199.113598 -0.0600929 0.472716 0.142392 -0.423415 0.15169 0.10391 0.887081
11199.150461 -0.0650889 0.47427 0.144406 -0.423297 0.153347 0.106027 0.886602
11199.187325 -0.0712819 0.473517 0.145642 -0.421906 0.155901 0.107121 0.886688
11199.224188 -0.0790844 0.47056 0.146283 -0.419524 0.160202 0.10771 0.88698
11199.261052 -0.0918759 0.46664 0.146293 -0.41514 0.167594 0.107821 0.887663
11199.297915 -0.104019 0.461113 0.144407 -0.410006 0.175018 0.107335 0.888675
11199.334778 -0.116901 0.453739 0.141063 -0.404692 0.181992 0.106292 0.889835
11199.371642 -0.130982 0.444483 0.137285 -0.397759 0.187041 0.104535 0.892119
11199.408505 -0.146823 0.433369 0.133171 -0.38772 0.190968 0.102529 0.895931
11199.445368 -0.163034 0.421119 0.127924 -0.375259 0.193873 0.0994839 0.900942
11199.482232 -0.177975 0.40679 0.12166 -0.362672 0.196528 0.0976193 0.905713
11199.519095 -0.195304 0.392193 0.115721 -0.348624 0.200214 0.0967137 0.910507
11199.555958 -0.212321 0.376334 0.110254 -0.333185 0.202162 0.095637 0.915954
11199.592822 -0.22642 0.358949 0.105813 -0.316491 0.201318 0.0938397 0.922225
11199.629685 -0.241161 0.34283 0.102719 -0.298481 0.200203 0.0912118 0.928713
11199.666549 -0.254171 0.326365 0.100164 -0.282126 0.199018 0.0885322 0.934323
11199.703412 -0.266447 0.308831 0.0984372 -0.268779 0.199966 0.0867665 0.938213
11199.740275 -0.278609 0.294685 0.0971767 -0.255702 0.202684 0.0853239 0.941411
11199.777139 -0.289516 0.279794 0.096669 -0.242033 0.205967 0.0835237 0.944469
11199.814002 -0.299607 0.268705 0.0965669 -0.225251 0.209399 0.0802707 0.948141
11199.850865 -0.310502 0.258166 0.0980499 -0.207921 0.213771 0.0758016 0.951486
11199.887729 -0.320071 0.24629 0.0992676 -0.192938 0.217999 0.0718381 0.953987
11199.924592 -0.329185 0.23295 0.101015 -0.179367 0.222142 0.0695067 0.95585
11199.961456 -0.339192 0.223631 0.103096 -0.164374 0.225763 0.0663483 0.95792
11199.998319 -0.348413 0.212639 0.104637 -0.14887 0.227717 0.0628054 0.960228
11200.035182 -0.356144 0.202001 0.106255 -0.13154 0.228232 0.0597472 0.962828
11200.072046 -0.366098 0.191159 0.107994 -0.114869 0.228284 0.0536013 0.965307
11200.108909 -0.374348 0.181278 0.109101 -0.0984518 0.22765 0.0495305 0.967486
11200.145772 -0.384 0.169995 0.111435 -0.0821082 0.228005 0.0469185 0.969056
11200.182636 -0.394463 0.158865 0.114465 -0.0667021 0.228377 0.0430093 0.970332
11200.219499 -0.40454 0.146971 0.117933 -0.0512507 0.229185 0.0392604 0.971239
11200.256362 -0.413045 0.13273 0.120628 -0.0361133 0.229341 0.0354221 0.972031
11200.293226 -0.419924 0.11834 0.121659 -0.0206532 0.229248 0.03284 0.972595
11200.330089 -0.428027 0.105835 0.122623 -0.00380252 0.230308 0.0295427 0.972662
11200.366953 -0.437748 0.0938895 0.123152 0.0120648 0.232811 0.0264022 0.972089
11200.403816 -0.450754 0.0848821 0.124112 0.0260103 0.237396 0.0229631 0.970793
11200.440679 -0.461803 0.0755885 0.123759 0.0383411 0.241603 0.0181772 0.969447
11200.477543 -0.473764 0.0673487 0.124101 0.05161 0.2457 0.0116516 0.967901
11200.514406 -0.487611 0.0580271 0.125483 0.0632036 0.250676 0.00354975 0.965999
11200.551269 -0.499746 0.0526561 0.125853 0.0737653 0.255609 -0.00471273 0.96395
11200.588133 -0.512469 0.0467883 0.127095 0.0815002 0.261886 -0.0118638 0.961578
11200.624996 -0.52822 0.0435097 0.130369 0.0847251 0.271131 -0.0185391 0.958627
11200.661859 -0.541769 0.0414933 0.133146 0.0823012 0.281797 -0.0223182 0.955677
11200.698723 -0.554169 0.0425755 0.136604 0.0776797 0.29319 -0.026539 0.952524
11200.735586 -0.566844 0.0440036 0.141534 0.0712365 0.306581 -0.0276797 0.948771
11200.772450 -0.577588 0.0483215 0.145857 0.0657118 0.320358 -0.0283813 0.944588
11200.809313 -0.591365 0.0549061 0.152123 0.0622971 0.334473 -0.0301508 0.939861
11200.846176 -0.604203 0.0588907 0.157379 0.0599246 0.348252 -0.0288706 0.935038
11200.883040 -0.618685 0.0654917 0.162117 0.0593483 0.362105 -0.0267349 0.929862
11200.919903 -0.634299 0.0695032 0.166637 0.0581819 0.375116 -0.0228292 0.924868
11200.956766 -0.64927 0.0749546 0.170426 0.0580275 0.386415 -0.0196377 0.920288
11200.993630 -0.664142 0.0797104 0.174897 0.0576613 0.397575 -0.0135396 0.915656
11201.030493 -0.677172 0.0861183 0.178218 0.0556244 0.408061 -0.00404448 0.911249
11201.067357 -0.689981 0.0916782 0.183275 0.051339 0.41817 0.00745397 0.906886
11201.104220 -0.700665 0.0979135 0.187676 0.0467703 0.425974 0.0173663 0.903359
11201.141083 -0.71063 0.103024 0.193969 0.04109 0.431775 0.0247086 0.900706
11201.177947 -0.718159 0.109046 0.199503 0.0347451 0.43538 0.0289208 0.899111
11201.214810 -0.724441 0.114623 0.20528 0.0268037 0.438567 0.0331403 0.897687
11201.251673 -0.731461 0.122406 0.213639 0.0208965 0.442415 0.0379535 0.895763
11201.288537 -0.736943 0.129481 0.222594 0.0155469 0.446125 0.0424717 0.893827
11201.325400 -0.742589 0.138413 0.233226 0.00887344 0.450383 0.0479714 0.891501
11201.362263 -0.744657 0.146936 0.242906 -0.000558326 0.453706 0.0524482 0.889607
11201.399127 -0.749019 0.158147 0.256439 -0.00958995 0.459082 0.0568996 0.886518
11201.435990 -0.75013 0.167325 0.269793 -0.0222711 0.464755 0.0581071 0.88325
11201.472854 -0.751467 0.178752 0.28454 -0.0374899 0.472552 0.0621132 0.878311
11201.509717 -0.751338 0.194804 0.298922 -0.0526527 0.481206 0.0706373 0.872169
11201.546581 -0.74852 0.205555 0.313295 -0.0701851 0.489473 0.0780798 0.865675
11201.583444 -0.745991 0.218306 0.329364 -0.0872757 0.498154 0.0854689 0.858441
11201.620307 -0.74252 0.227499 0.345394 -0.10561 0.505503 0.0940212 0.85116
11201.657171 -0.740294 0.243894 0.360976 -0.124329 0.512161 0.099088 0.844047
11201.694034 -0.737606 0.265498 0.376488 -0.142384 0.518506 0.10399 0.836699
11201.730897 -0.735168 0.282241 0.392495 -0.158931 0.525037 0.111547 0.828634
11201.767760 -0.732441 0.296592 0.407766 -0.174466 0.529766 0.121462 0.82107
11201.804624 -0.729187 0.310186 0.42206 -0.191238 0.530811 0.131109 0.815156
11201.841487 -0.726122 0.324749 0.43522 -0.202428 0.529791 0.140701 0.811509
11201.878351 -0.723952 0.341539 0.44755 -0.209369 0.527422 0.151249 0.809391
11201.915214 -0.722409 0.35581 0.45892 -0.216751 0.523546 0.164321 0.807414
11201.952078 -0.721451 0.369542 0.46936 -0.225601 0.518895 0.178746 0.804923
11201.988941 -0.718905 0.379563 0.478371 -0.233625 0.514967 0.194089 0.801597
11202.025804 -0.718156 0.391645 0.487925 -0.241138 0.513915 0.208369 0.796446
11202.062668 -0.718601 0.403324 0.497007 -0.24901 0.51469 0.221387 0.789985
11202.099531 -0.720202 0.414427 0.505056 -0.256242 0.517592 0.23375 0.782176
11202.136394 -0.724273 0.425077 0.514037 -0.26347 0.522097 0.24305 0.773903
11202.173258 -0.728762 0.435792 0.522267 -0.269469 0.527115 0.249015 0.766504
11202.210121 -0.735069 0.444874 0.531169 -0.275732 0.532827 0.252947 0.759003
11202.246984 -0.743283 0.453442 0.540031 -0.282918 0.539414 0.256962 0.750307
11202.283848 -0.752057 0.46077 0.549027 -0.288961 0.546307 0.258923 0.7423
11202.320711 -0.761752 0.467232 0.557454 -0.294189 0.553006 0.259758 0.734958
11202.357575 -0.774031 0.473809 0.567112 -0.297844 0.561153 0.261462 0.726659
11202.394438 -0.788252 0.479507 0.577834 -0.301052 0.56883 0.264523 0.718212
11202.431301 -0.802803 0.484165 0.587909 -0.303058 0.574682 0.268749 0.711105
11202.468165 -0.817036 0.488896 0.597545 -0.302038 0.578475 0.273271 0.706726
11202.505028 -0.832422 0.491473 0.608904 -0.301142 0.580536 0.279828 0.702842
11202.541892 -0.846975 0.491708 0.619204 -0.299897 0.580228 0.28633 0.701008
11202.578755 -0.857228 0.489919 0.626613 -0.296927 0.578406 0.290642 0.702003
11202.615618 -0.86715 0.485718 0.63547 -0.29263 0.577735 0.293031 0.703365
11202.652482 -0.875396 0.479105 0.644224 -0.287352 0.579183 0.294928 0.703558
11202.689345 -0.88224 0.46972 0.651795 -0.281396 0.58293 0.296427 0.702239
11202.726208 -0.887381 0.459318 0.658521 -0.273794 0.588072 0.296001 0.701136
11202.763072 -0.89094 0.44814 0.665453 -0.263974 0.594574 0.292522 0.700879
11202.799935 -0.893817 0.435785 0.672912 -0.253373 0.601545 0.287261 0.701018
11202.836798 -0.894927 0.422543 0.67794 -0.243559 0.606777 0.280135 0.702869
11202.873662 -0.898308 0.409063 0.688346 -0.23365 0.612902 0.272536 0.703906
11202.910525 -0.899432 0.395799 0.696555 -0.223256 0.618507 0.263727 0.70573
11202.947389 -0.900663 0.381195 0.707437 -0.214054 0.624837 0.25626 0.705755
11202.984252 -0.901854 0.366323 0.719184 -0.205674 0.630607 0.248798 0.705785
11203.021115 -0.901519 0.352172 0.72981 -0.195226 0.635846 0.238087 0.707744
11203.057979 -0.902073 0.336765 0.742523 -0.181428 0.641783 0.22671 0.709789
11203.094842 -0.904771 0.3228 0.757202 -0.164793 0.648391 0.215149 0.711438
11203.131705 -0.908134 0.307968 0.773228 -0.146599 0.655305 0.203823 0.712419
11203.168569 -0.911297 0.290801 0.786946 -0.128876 0.6607 0.193089 0.713851
11203.205432 -0.916319 0.275284 0.802308 -0.112179 0.665215 0.181609 0.715488
11203.242295 -0.919868 0.256738 0.817844 -0.0993105 0.667045 0.16725 0.719177
11203.279159 -0.923387 0.239411 0.831871 -0.0860439 0.666665 0.150626 0.72489
11203.316022 -0.928555 0.215403 0.847605 -0.0745706 0.666449 0.135569 0.729318
11203.352886 -0.935577 0.199686 0.862268 -0.0639452 0.666521 0.123071 0.732471
11203.389749 -0.942623 0.185105 0.876295 -0.0558961 0.66685 0.108913 0.735068
11203.426613 -0.948707 0.173858 0.890042 -0.0477478 0.667913 0.0938799 0.736749
11203.463476 -0.956176 0.165133 0.905641 -0.0394472 0.670457 0.0734506 0.737249
11203.500339 -0.96261 0.157045 0.918083 -0.0294379 0.673339 0.0531535 0.736833
11203.537203 -0.96777 0.144144 0.930073 -0.0170128 0.678872 0.0449645 0.732682
11203.574066 -0.971784 0.123955 0.942526 -0.00518962 0.686454 0.0483616 0.725544
11203.610929 -0.976938 0.110057 0.953258 0.00489855 0.692949 0.047129 0.719428
11203.647793 -0.983963 0.101262 0.96761 0.0130796 0.700118 0.0405845 0.712753
11203.684656 -0.992205 0.102012 0.980502 0.0203884 0.705841 0.0263206 0.707588
11203.721519 -0.997922 0.0911116 0.994012 0.0285366 0.712565 0.0252136 0.700572
11203.758383 -1.00595 0.082844 1.01105 0.0344673 0.719836 0.0222474 0.692931
11203.795246 -1.01535 0.0814434 1.02583 0.0388745 0.725144 0.0124077 0.687387
11203.832110 -1.02388 0.074896 1.04083 0.0459073 0.731324 0.00624785 0.680455
11203.868973 -1.03244 0.0635878 1.05869 0.0541033 0.739183 0.00203435 0.671325
11203.905836 -1.04097 0.0599158 1.07556 0.0621999 0.748096 -0.00594449 0.660642
11203.942700 -1.04881 0.0591286 1.08996 0.0690035 0.758539 -0.00922978 0.647898
11203.979563 -1.05515 0.0535586 1.10368 0.0699948 0.77116 -0.00263159 0.632777
11204.016426 -1.05868 0.0504382 1.11402 0.0701457 0.783699 0.00711536 0.617126
11204.053290 -1.06011 0.0485321 1.12983 0.064959 0.796553 0.0122767 0.600943
11204.090153 -1.05992 0.0526987 1.13847 0.0620378 0.805435 0.0136583 0.58927
11204.127016 -1.05698 0.0561622 1.15159 0.0582016 0.813303 0.0115974 0.578806
11204.163880 -1.05265 0.0610034 1.16361 0.0539721 0.819303 0.0125066 0.570677
11204.200743 -1.04685 0.0668457 1.17356 0.0487753 0.823292 0.0179039 0.565236
11204.237607 -1.03947 0.0761669 1.18484 0.0424604 0.825885 0.0220872 0.561804
11204.274470 -1.02992 0.0836221 1.19968 0.034911 0.827903 0.0259459 0.559182
11204.311333 -1.01907 0.0885465 1.21195 0.0279537 0.82832 0.0321799 0.558632
11204.348197 -1.00769 0.0984739 1.22266 0.0218284 0.827674 0.0355763 0.559655
11204.385060 -0.99501 0.110261 1.23388 0.0167041 0.82693 0.0388333 0.560713
11204.421923 -0.982176 0.120121 1.24454 0.0110805 0.825869 0.0445086 0.561994
11204.458787 -0.969637 0.132812 1.2536 0.00609738 0.824618 0.0518978 0.563272
11204.495650 -0.957863 0.159488 1.26491 -0.00115877 0.823964 0.0475039 0.564646
11204.532513 -0.945098 0.18894 1.27715 -0.00727787 0.824513 0.0423015 0.564212
11204.569377 -0.937285 0.222014 1.27082 -0.0178867 0.819591 0.0318882 0.571781
11204.606240 -0.921486 0.220833 1.28435 -0.0199922 0.822949 0.0560219 0.564993
11204.643104 -0.914549 0.247514 1.28183 -0.0274405 0.821664 0.0483422 0.567255
11204.679967 -0.902238 0.256924 1.29384 -0.0353113 0.825788 0.0557293 0.560109
11204.716830 -0.892933 0.2642 1.30107 -0.0447801 0.828289 0.0568077 0.555612
11204.753694 -0.882634 0.279829 1.30995 -0.054833 0.832314 0.0546689 0.54887
11204.790557 -0.870834 0.293701 1.32654 -0.0684867 0.838938 0.0571693 0.536865
11204.827420 -0.86838 0.287329 1.3309 -0.0779826 0.839797 0.0613262 0.533759
11204.864284 -0.864411 0.238995 1.32678 -0.0771346 0.837173 0.0977962 0.532567
11204.901147 -0.864785 0.207529 1.33059 -0.0808036 0.835955 0.107594 0.532047
11204.938010 -0.857344 0.147278 1.32727 -0.0899647 0.832185 0.137587 0.52957
11204.974874 -0.851381 0.097222 1.28062 -0.069892 0.814896 0.208107 0.536424
11205.011737 -0.838029 0.0797907 1.30981 -0.078286 0.819773 0.225085 0.52075
11205.048601 -0.838884 0.0731456 1.314 -0.0825706 0.818792 0.228537 0.520127
11205.085464 -0.839169 0.0668139 1.32003 -0.0872065 0.817502 0.232964 0.519436
11205.122327 -0.775768 -0.0855813 1.36681 -0.150711 0.820432 0.273282 0.479057
11205.159191 -0.76652 -0.212665 1.31232 -0.224452 0.783033 0.274391 0.511067
11205.196054 -0.776492 -0.222044 1.30957 -0.270167 0.771522 0.233711 0.526444
11205.232918 -0.788784 -0.193876 1.35662 -0.267381 0.785975 0.230883 0.507389
11205.269781 -0.787769 -0.197024 1.35587 -0.280602 0.782771 0.235408 0.503106
11205.306644 -0.805066 -0.162025 1.37365 -0.272744 0.789809 0.241045 0.49367
11205.343508 -0.827886 -0.111731 1.42473 -0.281412 0.801333 0.216747 0.481345
11205.380371 -0.832573 -0.10665 1.43554 -0.290441 0.799859 0.218723 0.477524
11205.417234 -0.848818 -0.104631 1.43464 -0.299682 0.796559 0.219099 0.477157
11205.454098 -0.867245 -0.0602304 1.4468 -0.307428 0.799196 0.214784 0.469725
11205.490961 -0.887333 -0.0580551 1.43879 -0.311875 0.796372 0.214195 0.471854
11205.527824 -1.18651 0.228834 1.28741 -0.262689 0.786933 0.16663 0.532884
11205.564688 -0.980874 0.211061 0.985284 -0.424713 0.608385 0.0366605 0.669434
11205.601551 -0.822666 0.0967914 1.24381 -0.580147 0.585118 0.0392884 0.565263
11205.638415 -0.443282 -0.156071 0.945907 -0.701155 0.273503 -0.00290938 0.65846
11205.675278 -0.464081 -0.146021 0.930476 -0.698738 0.254561 0.0148331 0.668389
11205.712141 -0.557125 -0.130225 0.880474 -0.721453 0.197715 -0.011572 0.663536
11205.749005 -0.515548 -0.121131 0.931517 -0.738526 0.192798 0.00824638 0.646019
11205.785868 -0.512287 -0.101662 0.935725 -0.747649 0.190329 0.00953161 0.636165
11205.822731 -0.505287 -0.0892619 0.940888 -0.752035 0.192385 0.0112403 0.630321
11205.859595 -0.504759 -0.0891909 0.941255 -0.751859 0.192832 0.0112401 0.630395
11205.896458 -0.509035 -0.0961737 0.93832 -0.750077 0.190511 0.0106777 0.633227
11205.933321 -0.512406 -0.113392 0.934649 -0.750434 0.179817 0.0162206 0.635808
11205.970185 -0.517166 -0.130203 0.930255 -0.747268 0.174082 0.0179996 0.641063
11206.007048 -0.526962 -0.146853 0.927133 -0.743076 0.168563 0.0169723 0.647407
11206.043912 -0.537789 -0.156701 0.943658 -0.740458 0.148124 0.0177218 0.655338
11206.080775 -0.586455 -0.195889 0.928641 -0.73938 0.110896 0.0154526 0.663913
11206.117639 -0.516444 -0.209232 0.921674 -0.736518 0.042616 0.0141739 0.674926
11206.154502 -0.548289 -0.243711 0.897922 -0.730343 0.0161537 0.00841568 0.682838
11206.191365 -0.62668 -0.511019 0.609371 -0.705243 -0.249791 0.00492945 0.663485
11206.228229 -0.629413 -0.55478 0.598846 -0.6939 -0.282954 0.00830044 0.662096
11206.265092 -0.459396 -0.56765 0.616855 -0.671737 -0.3497 0.0132472 0.652919
11206.301955 -0.345646 -0.560253 0.64408 -0.651831 -0.394525 0.00984412 0.647587
11206.338819 -0.34699 -0.574725 0.652449 -0.644099 -0.400644 0.00900969 0.651567
11206.375682 -0.333109 -0.588893 0.659679 -0.636163 -0.40683 0.0101475 0.655503
11206.412545 -0.195253 -0.5427 0.728071 -0.609432 -0.468492 0.0104447 0.63953
11206.449409 -0.115015 -0.482119 0.814124 -0.577926 -0.534757 0.0168671 0.616241
11206.486272 -0.168688 -0.514774 0.800591 -0.578153 -0.514705 0.0218991 0.632722
11206.523136 -0.288399 -0.571987 0.743807 -0.58317 -0.465172 0.0285499 0.665367
11206.559999 -0.172779 -0.540495 0.795766 -0.553541 -0.519466 0.043328 0.649515
11206.596862 -0.121166 -0.515958 0.838759 -0.545556 -0.514653 0.0526075 0.659343
11206.633726 -0.0910543 -0.528848 0.843562 -0.538086 -0.511538 0.0609736 0.667139
11206.670589 -0.10085 -0.552563 0.834429 -0.533239 -0.50072 0.0685047 0.678412
11206.707453 -0.101071 -0.57029 0.835773 -0.525659 -0.496277 0.0760836 0.686734
11206.744316 -0.105405 -0.596027 0.827417 -0.520043 -0.482616 0.0845463 0.699635
11206.781179 -0.109154 -0.624666 0.816966 -0.514473 -0.466658 0.0916828 0.713542
11206.818042 -0.0949595 -0.639706 0.822492 -0.508571 -0.459049 0.0992326 0.721653
11206.854906 -0.08241 -0.657799 0.828885 -0.503819 -0.451965 0.104668 0.728656
11206.891769 -0.0805519 -0.682078 0.82657 -0.500865 -0.441377 0.108197 0.736624
11206.928633 -0.0880746 -0.731932 0.862428 -0.505308 -0.431748 0.107161 0.739442
11206.965496 -0.119969 -0.807169 0.89378 -0.510828 -0.411522 0.102249 0.74783
11207.002359 -0.113123 -0.815399 0.865101 -0.493794 -0.402502 0.110308 0.762884
11207.039223 -0.110814 -0.826764 0.851196 -0.477035 -0.402616 0.106212 0.773988
11207.076086 -0.102936 -0.83469 0.837638 -0.464956 -0.397849 0.109045 0.783353
11207.112950 -0.0975014 -0.839948 0.829418 -0.45821 -0.394397 0.109338 0.789012
11207.149813 -0.0929316 -0.847935 0.821521 -0.452051 -0.387006 0.116175 0.795223
11207.186676 -0.0903462 -0.856638 0.815865 -0.445914 -0.379113 0.125272 0.801088
11207.223540 -0.0948508 -0.870113 0.811966 -0.438924 -0.372325 0.130552 0.807265
11207.260403 -0.104194 -0.887372 0.811495 -0.427909 -0.373379 0.126289 0.813347
11207.297266 -0.114302 -0.904163 0.810583 -0.419993 -0.370321 0.126908 0.818757
11207.334130 -0.12449 -0.916555 0.804494 -0.415325 -0.367316 0.124169 0.822901
11207.370993 -0.134083 -0.924827 0.798359 -0.415814 -0.364129 0.120136 0.824667
11207.407856 -0.143329 -0.929651 0.791753 -0.417792 -0.359675 0.117655 0.825979
11207.444720 -0.155606 -0.933778 0.785021 -0.415518 -0.35507 0.116579 0.829264
11207.481583 -0.168285 -0.935493 0.778939 -0.408647 -0.350864 0.117273 0.834356
11207.518447 -0.181156 -0.934883 0.770793 -0.403724 -0.34421 0.119624 0.839176
11207.555310 -0.194685 -0.933718 0.764675 -0.40581 -0.336388 0.119675 0.841332
11207.592173 -0.207988 -0.931119 0.756719 -0.416021 -0.327277 0.11663 0.840366
11207.629037 -0.220693 -0.926834 0.749007 -0.427136 -0.319689 0.112143 0.838319
11207.665900 -0.232926 -0.921926 0.74273 -0.434286 -0.314184 0.108145 0.837251
11207.702764 -0.244901 -0.917042 0.735568 -0.439777 -0.308922 0.104096 0.836855
11207.739627 -0.25592 -0.91306 0.728435 -0.448814 -0.302958 0.100109 0.834722
11207.776490 -0.26681 -0.909461 0.721564 -0.458868 -0.297323 0.094977 0.831877
11207.813354 -0.276747 -0.905169 0.71493 -0.46886 -0.293336 0.0891081 0.828362
11207.850217 -0.287006 -0.901096 0.70821 -0.481068 -0.289565 0.0825243 0.823356
11207.887080 -0.296952 -0.896824 0.700976 -0.494606 -0.286568 0.0751173 0.817069
11207.923944 -0.306095 -0.891677 0.692426 -0.507342 -0.28398 0.0685958 0.810712
11207.960807 -0.31554 -0.8869 0.682248 -0.520048 -0.280487 0.0621043 0.804375
11207.997670 -0.323813 -0.881258 0.670857 -0.53119 -0.276824 0.0563168 0.79877
11208.034534 -0.331225 -0.875983 0.659674 -0.543231 -0.271777 0.0511222 0.792732
11208.071397 -0.338086 -0.869436 0.645306 -0.555066 -0.264127 0.0484684 0.787267
11208.108261 -0.344561 -0.863797 0.63159 -0.566383 -0.255416 0.0456208 0.782235
11208.145124 -0.35207 -0.859924 0.616695 -0.577194 -0.245156 0.0421848 0.777796
11208.181987 -0.360001 -0.85757 0.601541 -0.587868 -0.234428 0.0384668 0.773288
11208.218851 -0.365075 -0.854349 0.585574 -0.597394 -0.223802 0.0383836 0.769129
11208.255714 -0.36897 -0.850846 0.568644 -0.606641 -0.214001 0.0378557 0.764694
11208.292577 -0.375955 -0.849723 0.548925 -0.614879 -0.201283 0.0398147 0.761461
11208.329441 -0.37286 -0.844819 0.533606 -0.621616 -0.194922 0.0417053 0.757535
11208.366304 -0.37803 -0.844275 0.512822 -0.631254 -0.181731 0.0419344 0.752817
11208.403167 -0.381417 -0.84321 0.493326 -0.640096 -0.169883 0.0425001 0.748072
11208.440031 -0.376921 -0.836494 0.475147 -0.645165 -0.165142 0.0435452 0.744711
11208.476894 -0.377998 -0.833365 0.459988 -0.651594 -0.160984 0.0419888 0.740099
11208.513757 -0.382181 -0.832155 0.44622 -0.661261 -0.154879 0.0388763 0.732964
11208.550621 -0.367155 -0.823141 0.442593 -0.671598 -0.157549 0.0351292 0.723118
11208.587484 -0.365628 -0.817045 0.433728 -0.680505 -0.152778 0.0310252 0.715968
11208.624348 -0.339304 -0.805438 0.445588 -0.68954 -0.167138 0.0279709 0.704143
11208.661211 -0.314199 -0.787742 0.454324 -0.696989 -0.177403 0.0254069 0.694326
11208.698074 -0.296317 -0.772437 0.462218 -0.704634 -0.185953 0.0220205 0.684418
11208.734938 -0.287197 -0.747924 0.470168 -0.71148 -0.189182 0.0179103 0.676525
11208.771801 -0.273107 -0.723079 0.471271 -0.717673 -0.200191 0.0142586 0.666832
11208.808665 -0.311438 -0.727799 0.429313 -0.726234 -0.178128 0.0126176 0.663849
11208.845528 -0.313524 -0.714985 0.421776 -0.734323 -0.18041 0.0090536 0.654324
11208.882391 -0.314989 -0.701999 0.413145 -0.740211 -0.183518 0.00681523 0.64681
11208.919255 -0.318359 -0.690966 0.405779 -0.745482 -0.18551 0.00566148 0.640164
11208.956118 -0.332118 -0.68781 0.393364 -0.750424 -0.182128 0.00501002 0.63535
11208.992981 -0.355792 -0.69009 0.381137 -0.755182 -0.173607 0.00533172 0.632086
11209.029845 -0.380658 -0.694522 0.36259 -0.759763 -0.160605 0.00635436 0.63002
11209.066708 -0.392744 -0.695122 0.354973 -0.767451 -0.155278 0.00599195 0.62199
11209.103571 -0.435196 -0.710421 0.330239 -0.774764 -0.132073 0.0094776 0.618229
11209.140435 -0.480172 -0.721783 0.312869 -0.776986 -0.113496 0.0150101 0.619021
11209.177298 -0.499081 -0.723498 0.309057 -0.777453 -0.113458 0.0184258 0.618348
11209.214162 -0.509054 -0.724758 0.309589 -0.780856 -0.117294 0.0197563 0.613283
11209.251025 -0.524189 -0.729559 0.309786 -0.78348 -0.11546 0.0211491 0.610229
11209.287888 -0.542191 -0.737148 0.309061 -0.781868 -0.111075 0.022657 0.613051
11209.324752 -0.555949 -0.744719 0.312056 -0.777443 -0.108164 0.0228892 0.61916
11209.361615 -0.571873 -0.755559 0.316833 -0.772166 -0.102707 0.0216105 0.626694
11209.398478 -0.591934 -0.768956 0.320902 -0.766266 -0.0937012 0.0198774 0.635344
11209.435342 -0.6056 -0.782195 0.328632 -0.759194 -0.0877107 0.0178957 0.644679
11209.472205 -0.620011 -0.796462 0.335712 -0.750043 -0.0813614 0.0163207 0.656163
11209.509068 -0.634963 -0.812064 0.342506 -0.739787 -0.0748159 0.0144424 0.668513
11209.545932 -0.651517 -0.828895 0.346487 -0.72843 -0.0676961 0.0132916 0.681638
11209.582795 -0.670948 -0.847693 0.348777 -0.717631 -0.0579509 0.012844 0.693889
11209.619659 -0.676931 -0.864111 0.353116 -0.707115 -0.0549879 0.0136725 0.704824
11209.656522 -0.687584 -0.881921 0.355463 -0.695725 -0.0505134 0.015428 0.716364
11209.693385 -0.708271 -0.901118 0.352619 -0.682295 -0.0409975 0.0177539 0.729711
11209.730249 -0.726512 -0.920237 0.34957 -0.66878 -0.0325556 0.0201996 0.742473
11209.767112 -0.765353 -0.941202 0.339637 -0.656242 -0.00996124 0.0228296 0.754139
11209.803976 -0.786167 -0.959655 0.335402 -0.646534 0.00431401 0.0255615 0.762445
11209.840839 -0.793574 -0.975506 0.332606 -0.636249 0.0109011 0.0284625 0.770881
11209.877702 -0.817001 -0.991117 0.328028 -0.62352 0.0232816 0.0302564 0.780875
11209.914566 -0.838869 -1.00517 0.324755 -0.611224 0.0343098 0.0315464 0.790084
11209.951429 -0.851631 -1.01892 0.324587 -0.600849 0.0414658 0.0330412 0.797602
11209.988292 -0.884211 -1.03339 0.327023 -0.590577 0.0571082 0.0322334 0.804313
11210.025156 -0.908526 -1.0456 0.331098 -0.579406 0.0682789 0.0311479 0.811577
11210.062019 -0.935775 -1.05926 0.340693 -0.568241 0.0801845 0.0281245 0.818463
11210.098882 -0.957466 -1.07355 0.354512 -0.558341 0.0909661 0.0252368 0.824223
11210.135746 -0.976122 -1.08564 0.365518 -0.548426 0.0986854 0.0204643 0.830103
11210.172609 -0.996222 -1.09601 0.376522 -0.537456 0.106459 0.0137466 0.836432
11210.209473 -1.008 -1.10136 0.382932 -0.524347 0.109985 0.00668085 0.844345
11210.246336 -1.02483 -1.10589 0.391546 -0.510624 0.116617 -0.000779233 0.851859
11210.283200 -1.03793 -1.10815 0.397128 -0.497712 0.124508 -0.00507605 0.858344
11210.320063 -1.05086 -1.11036 0.403165 -0.487264 0.131697 -0.00987335 0.86321
11210.356926 -1.06815 -1.11031 0.40775 -0.475186 0.138832 -0.0163053 0.868711
11210.393790 -1.08778 -1.11528 0.420463 -0.461931 0.146855 -0.0217903 0.874402
11210.430653 -1.10048 -1.11406 0.42558 -0.449026 0.151111 -0.0264927 0.880249
11210.467516 -1.11624 -1.11364 0.435205 -0.437178 0.157061 -0.0288941 0.885083
11210.504379 -1.12952 -1.10919 0.440393 -0.422909 0.159404 -0.0324583 0.891451
11210.541243 -1.14066 -1.10747 0.451731 -0.41008 0.159934 -0.0338847 0.897278
11210.578106 -1.15164 -1.10478 0.461649 -0.404442 0.160162 -0.0346919 0.899762
11210.614970 -1.16199 -1.10039 0.469907 -0.402445 0.159217 -0.0360559 0.900771
11210.651833 -1.16943 -1.09302 0.476819 -0.400279 0.15494 -0.0373141 0.902429
11210.688697 -1.18024 -1.08563 0.484183 -0.402865 0.151104 -0.0394109 0.901839
11210.725560 -1.18864 -1.0784 0.492292 -0.408178 0.144765 -0.0421987 0.900363
11210.762423 -1.19736 -1.06947 0.498529 -0.410971 0.138953 -0.0447937 0.899882
11210.799287 -1.20562 -1.06158 0.503088 -0.412881 0.130986 -0.0521393 0.899807
11210.836150 -1.21515 -1.05322 0.505789 -0.413813 0.128291 -0.0565634 0.8995
11210.873013 -1.22418 -1.04766 0.509573 -0.416228 0.12992 -0.059696 0.897949
11210.909877 -1.2352 -1.04208 0.513106 -0.417525 0.135753 -0.06413 0.896176
11210.946740 -1.24527 -1.03585 0.515162 -0.416697 0.142154 -0.069909 0.895136
11210.983603 -1.25244 -1.03332 0.521334 -0.419 0.151927 -0.0728145 0.89222
11211.020467 -1.26164 -1.02423 0.517982 -0.421955 0.162306 -0.0806534 0.888316
11211.057330 -1.27124 -1.01499 0.51544 -0.427675 0.176063 -0.0887297 0.88217
11211.094194 -1.2808 -1.00459 0.510234 -0.436398 0.192293 -0.0961774 0.873688
11211.131057 -1.2869 -0.996285 0.505601 -0.446878 0.210035 -0.0996546 0.86386
11211.167920 -1.29436 -0.986947 0.5002 -0.456876 0.227832 -0.102932 0.853676
11211.204784 -1.30495 -0.978204 0.495831 -0.465636 0.245488 -0.106187 0.843589
11211.241647 -1.31402 -0.966553 0.487181 -0.470784 0.260741 -0.109924 0.83564
11211.278511 -1.32083 -0.954408 0.476161 -0.473778 0.275744 -0.109056 0.82922
11211.315374 -1.33174 -0.946352 0.470092 -0.478374 0.292213 -0.107293 0.821132
11211.352237 -1.34371 -0.935712 0.462707 -0.48648 0.309935 -0.101859 0.810495
11211.389101 -1.35353 -0.922882 0.450741 -0.49553 0.323622 -0.095475 0.800377
11211.425964 -1.36155 -0.91378 0.44288 -0.506351 0.334571 -0.0862887 0.79008
11211.462827 -1.36786 -0.903588 0.433244 -0.517453 0.342043 -0.0758419 0.780703
11211.499691 -1.37459 -0.888376 0.417048 -0.527499 0.346245 -0.0672862 0.772872
11211.536554 -1.3772 -0.877364 0.40453 -0.538392 0.347456 -0.0581283 0.765526
11211.573417 -1.37905 -0.869503 0.395353 -0.550689 0.34663 -0.0502703 0.757669
11211.610281 -1.37884 -0.861558 0.387816 -0.564371 0.345335 -0.0428151 0.748596
11211.647144 -1.37045 -0.853691 0.375422 -0.577742 0.341558 -0.0350917 0.740487
11211.684008 -1.36349 -0.843201 0.362491 -0.590139 0.339955 -0.0275182 0.731717
11211.720871 -1.36192 -0.830831 0.354383 -0.600931 0.342817 -0.019895 0.721777
11211.757734 -1.35516 -0.819211 0.345848 -0.610742 0.344181 -0.0127505 0.713002
11211.794598 -1.35618 -0.804274 0.339922 -0.619615 0.350162 -0.00599352 0.702444
11211.831461 -1.35095 -0.791772 0.332537 -0.629234 0.352735 0.000715385 0.692562
11211.868324 -1.34756 -0.778056 0.326701 -0.637775 0.35555 0.00659595 0.683216
11211.905188 -1.34675 -0.762836 0.322518 -0.645289 0.359188 0.0117926 0.674127
11211.942051 -1.34567 -0.74821 0.317833 -0.651706 0.362859 0.0178377 0.665804
11211.978914 -1.34442 -0.733362 0.313816 -0.656859 0.36621 0.0235464 0.658689
11212.015778 -1.346 -0.718937 0.310578 -0.661867 0.369883 0.0297097 0.651334
11212.052641 -1.34722 -0.705145 0.308294 -0.666847 0.373248 0.0360317 0.643974
11212.089505 -1.34902 -0.692009 0.306355 -0.67128 0.376252 0.0412364 0.637274
11212.126368 -1.35482 -0.678917 0.306992 -0.675397 0.380072 0.0457836 0.630308
11212.163231 -1.35674 -0.667762 0.307365 -0.679837 0.379955 0.049584 0.625298
11212.200095 -1.36105 -0.656605 0.310285 -0.683656 0.380829 0.0524733 0.620346
11212.236958 -1.36354 -0.646327 0.313318 -0.685964 0.380863 0.0542831 0.617616
11212.273821 -1.36813 -0.63604 0.318462 -0.687312 0.381762 0.0551026 0.615486
11212.310685 -1.37336 -0.627349 0.323704 -0.689264 0.383717 0.0557263 0.612023
11212.347548 -1.37768 -0.621009 0.328844 -0.691628 0.385191 0.0557733 0.608414
11212.384411 -1.38203 -0.614547 0.334261 -0.691642 0.386277 0.0541645 0.607855
11212.421275 -1.38909 -0.608478 0.341955 -0.691225 0.387759 0.0517785 0.607593
11212.458138 -1.3934 -0.604781 0.34933 -0.692643 0.387381 0.0480614 0.606525
11212.495002 -1.39766 -0.602493 0.356474 -0.693472 0.388265 0.0429984 0.605391
11212.531865 -1.40097 -0.601767 0.36429 -0.693505 0.389244 0.0356821 0.6052
11212.568728 -1.40912 -0.600142 0.374039 -0.690866 0.392898 0.0268603 0.606311
11212.605592 -1.41482 -0.600578 0.384257 -0.687929 0.395488 0.017364 0.60831
11212.642455 -1.42382 -0.601168 0.396873 -0.683589 0.400038 0.00735555 0.610427
11212.679318 -1.43091 -0.603292 0.40997 -0.67775 0.404342 -0.00296743 0.614129
11212.716182 -1.43944 -0.606125 0.423135 -0.670415 0.409306 -0.0130595 0.618743
11212.753045 -1.45019 -0.609821 0.437725 -0.662544 0.415955 -0.0218323 0.622527
11212.789908 -1.46265 -0.613638 0.451943 -0.653963 0.423102 -0.0293107 0.626465
11212.826772 -1.47626 -0.618941 0.465791 -0.645355 0.427852 -0.0355137 0.631821
11212.863635 -1.49309 -0.623123 0.480318 -0.634443 0.432042 -0.0410956 0.639635
11212.900499 -1.5156 -0.624076 0.49577 -0.619727 0.4373 -0.0472993 0.649977
11212.937362 -1.53497 -0.628109 0.508975 -0.604572 0.439765 -0.052534 0.662072
11212.974225 -1.55508 -0.633446 0.524084 -0.591827 0.442543 -0.0569645 0.671306
11213.011089 -1.57168 -0.641632 0.538505 -0.58153 0.444557 -0.0603168 0.678641
11213.047952 -1.59717 -0.645173 0.554479 -0.568315 0.452845 -0.06433 0.683967
11213.084815 -1.61839 -0.651218 0.569835 -0.552395 0.460391 -0.0689058 0.691485
11213.121679 -1.65198 -0.648008 0.593702 -0.530568 0.475334 -0.0762202 0.697671
11213.158542 -1.67703 -0.649749 0.61197 -0.508719 0.484782 -0.0840543 0.706489
11213.195406 -1.71293 -0.639489 0.632691 -0.486497 0.49774 -0.094251 0.711823
11213.232269 -1.73585 -0.641348 0.648479 -0.470439 0.503727 -0.101222 0.717426
11213.269132 -1.75064 -0.651832 0.663968 -0.459489 0.504916 -0.107322 0.72278
11213.305996 -1.77225 -0.648964 0.681653 -0.448287 0.507461 -0.118831 0.726224
11213.342859 -1.78694 -0.653644 0.699083 -0.439661 0.50686 -0.129091 0.730155
11213.379723 -1.80499 -0.647983 0.70609 -0.42625 0.505257 -0.141896 0.736812
11213.416586 -1.82707 -0.640435 0.715203 -0.410459 0.49614 -0.174041 0.745035
11213.453449 -1.83976 -0.640834 0.727091 -0.3945 0.492347 -0.187178 0.752947
11213.490313 -1.84873 -0.646052 0.742382 -0.379334 0.491964 -0.192571 0.759601
11213.527176 -1.86152 -0.643165 0.76014 -0.365088 0.494066 -0.201549 0.762881
11213.564039 -1.87163 -0.643896 0.77991 -0.354586 0.49786 -0.205636 0.764276
11213.600903 -1.88104 -0.639035 0.795978 -0.343674 0.500542 -0.212423 0.765651
11213.637766 -1.88708 -0.640137 0.816865 -0.333387 0.503427 -0.216107 0.767276
11213.674629 -1.89306 -0.635296 0.829433 -0.318661 0.502837 -0.226039 0.771049
11213.711493 -1.89802 -0.635167 0.847485 -0.303753 0.504993 -0.23254 0.773719
11213.748356 -1.90281 -0.637788 0.863802 -0.293177 0.50895 -0.23369 0.774859
11213.785220 -1.90953 -0.633404 0.876413 -0.284182 0.509714 -0.240751 0.775546
11213.822083 -1.91435 -0.631611 0.886918 -0.279323 0.507051 -0.247571 0.776908
11213.858946 -1.91919 -0.63136 0.898991 -0.278921 0.5056 -0.251628 0.776695
11213.895810 -1.92273 -0.632024 0.910861 -0.279932 0.507529 -0.250483 0.775443
11213.932673 -1.92827 -0.626393 0.922814 -0.281964 0.509184 -0.253524 0.772628
11213.969537 -1.93312 -0.619092 0.93386 -0.282693 0.509616 -0.258114 0.770554
11214.006400 -1.93613 -0.614411 0.944227 -0.282564 0.508468 -0.262128 0.770004
11214.043263 -1.93906 -0.607024 0.952735 -0.282451 0.508425 -0.265764 0.768827
11214.080127 -1.94288 -0.598061 0.96116 -0.284433 0.510132 -0.268394 0.766047
11214.116990 -1.94611 -0.591123 0.967696 -0.28444 0.511518 -0.268754 0.764993
11214.153853 -1.94974 -0.584479 0.973354 -0.28678 0.513059 -0.269524 0.762813
11214.190717 -1.95716 -0.57115 0.985666 -0.288102 0.519831 -0.271076 0.75716
11214.227580 -1.96673 -0.555111 0.999131 -0.287292 0.528281 -0.272436 0.751107
11214.264443 -1.97718 -0.534891 1.01218 -0.286869 0.537942 -0.27563 0.743204
11214.301307 -1.98534 -0.519829 1.01889 -0.286753 0.545532 -0.276806 0.737255
11214.338170 -1.99621 -0.498694 1.02867 -0.286194 0.55679 -0.278536 0.728351
11214.375034 -2.00772 -0.479968 1.04019 -0.286128 0.570706 -0.276277 0.718398
11214.411897 -2.0181 -0.465954 1.04787 -0.285202 0.586399 -0.267982 0.709212
11214.448760 -2.02895 -0.448042 1.05425 -0.288299 0.602315 -0.262661 0.696498
11214.485624 -2.03946 -0.432208 1.06382 -0.292386 0.621552 -0.251955 0.681691
11214.522487 -2.0489 -0.412468 1.06843 -0.300879 0.637455 -0.246944 0.664937
11214.559350 -2.05495 -0.410397 1.07301 -0.312528 0.649704 -0.234953 0.651926
11214.596214 -2.06156 -0.386899 1.05484 -0.318983 0.653152 -0.240441 0.643297
11214.633077 -2.07023 -0.32881 1.02599 -0.319449 0.654826 -0.264859 0.631669
11214.669940 -2.07024 -0.367296 0.992801 -0.348585 0.632889 -0.271553 0.635766
11214.706804 -2.06926 -0.410022 0.975595 -0.37227 0.614886 -0.274464 0.638748
11214.743667 -2.05952 -0.467656 0.960701 -0.409852 0.586664 -0.280069 0.63985
11214.780531 -2.06393 -0.311881 0.982863 -0.394073 0.656715 -0.238546 0.5971
11214.817394 -2.05285 -0.269166 1.02334 -0.383137 0.697625 -0.193936 0.573511
11214.854258 -2.0447 -0.257125 1.00738 -0.388748 0.704285 -0.170149 0.569128
11214.891121 -2.03668 -0.249902 0.996726 -0.397633 0.70609 -0.153539 0.565464
11214.927984 -2.02412 -0.244154 0.993153 -0.404918 0.708464 -0.135098 0.562022
11214.964848 -2.01463 -0.237198 0.981102 -0.413106 0.704828 -0.11804 0.564471
11215.001711 -2.00306 -0.244187 0.955615 -0.425594 0.695038 -0.098004 0.571128
11215.038574 -1.99104 -0.255992 0.925307 -0.44249 0.682113 -0.0773809 0.577007
11215.075438 -1.98411 -0.230363 0.930788 -0.447799 0.688539 -0.058845 0.567386
11215.112301 -1.97563 -0.229807 0.911879 -0.460914 0.680872 -0.0424234 0.567602
11215.149164 -1.95854 -0.270982 0.853285 -0.48742 0.65074 -0.0269776 0.581577
11215.186028 -1.93916 -0.306952 0.802176 -0.512932 0.622253 -0.0126247 0.591222
11215.222891 -1.91974 -0.334506 0.761497 -0.534633 0.599177 -0.00039311 0.595948
11215.259755 -1.90416 -0.346452 0.736349 -0.547662 0.586195 0.00771914 0.596978
11215.296618 -1.92124 -0.287192 0.78233 -0.534266 0.61534 0.0126768 0.579444
11215.333481 -1.94658 -0.114664 0.943373 -0.474519 0.709303 0.0181458 0.520953
11215.370345 -1.942 -0.0827679 0.967359 -0.467212 0.724464 0.024605 0.506221
11215.407208 -1.93942 -0.0748468 0.967405 -0.470352 0.726014 0.0295325 0.5008
11215.444072 -1.93748 -0.0729104 0.962422 -0.475613 0.724748 0.0329675 0.49744
11215.480935 -1.93561 -0.0727205 0.956558 -0.482517 0.722005 0.0358018 0.494574
11215.517798 -1.93425 -0.0649753 0.958804 -0.487088 0.723218 0.0396083 0.487989
11215.554661 -1.93312 -0.0593808 0.959373 -0.491213 0.724337 0.0425005 0.481912
11215.591525 -1.93335 -0.0549979 0.95848 -0.494002 0.725169 0.044678 0.477595
11215.628388 -1.93091 -0.0294791 0.981091 -0.485923 0.738042 0.0479752 0.465694
11215.665252 -1.93247 -0.026904 0.980434 -0.486966 0.738363 0.0490806 0.463978
11215.702115 -1.9315 -0.00917894 0.998017 -0.480351 0.746698 0.0502061 0.457367
11215.738978 -1.93418 -0.00996476 0.998111 -0.479988 0.746656 0.0495027 0.457893
11215.775842 -1.93794 -0.00546301 1.00704 -0.47516 0.751285 0.0489509 0.45541
11215.812705 -1.94181 -0.000170887 1.01895 -0.46663 0.758064 0.0453254 0.453366
11215.849568 -1.94564 0.00693542 1.03543 -0.454275 0.767247 0.0384393 0.451097
11215.886432 -1.94798 0.0248472 1.06593 -0.435455 0.782988 0.0312613 0.443094
11215.923295 -1.9636 0.0042479 1.06045 -0.43378 0.779738 0.0220711 0.450952
11215.960159 -1.97345 -0.0031634 1.06992 -0.424188 0.783776 0.0128686 0.453425
11215.997022 -1.97355 0.0261705 1.12165 -0.39947 0.8043 0.0069994 0.43986
11216.033885 -1.98973 0.00873661 1.1261 -0.39552 0.802563 0.00141957 0.446603
11216.070749 -2.00446 -0.000934899 1.13907 -0.3881 0.802207 -0.00712128 0.453641
11216.107612 -2.00908 0.0141293 1.17889 -0.368731 0.811258 -0.0198233 0.453327
11216.144475 -2.01913 0.0139069 1.20146 -0.35534 0.811768 -0.0356295 0.462057
11216.181339 -2.02791 0.0127496 1.22483 -0.341979 0.811878 -0.0516563 0.470358
11216.218202 -2.03775 0.0116566 1.25083 -0.330249 0.812322 -0.0659736 0.476148
11216.255065 -2.04736 0.00609589 1.2692 -0.321764 0.811393 -0.0796087 0.481426
11216.291929 -2.0467 0.029445 1.31238 -0.304197 0.820207 -0.0949666 0.475085
11216.328792 -2.05223 0.0176218 1.33071 -0.298224 0.818906 -0.106514 0.478654
11216.365656 -2.04532 0.0510336 1.37288 -0.279357 0.82805 -0.124771 0.469815
11216.402519 -2.02887 0.0756383 1.42278 -0.260196 0.837841 -0.140318 0.458947
11216.439382 -2.02148 0.105865 1.44606 -0.245478 0.840868 -0.161106 0.454671
11216.476246 -2.01103 0.136813 1.47141 -0.234177 0.842668 -0.181231 0.449697
11216.513109 -1.99897 0.1303 1.51143 -0.225308 0.845112 -0.191558 0.445339
11216.549972 -1.98677 0.119401 1.55406 -0.21574 0.847342 -0.202028 0.441194
11216.586836 -2.01538 0.109752 1.53535 -0.198571 0.834495 -0.220081 0.464492
11216.623699 -1.98375 0.158766 1.57274 -0.208895 0.8324 -0.252006 0.447176
11216.660562 -2.01373 0.120115 1.55228 -0.1912 0.820808 -0.253313 0.47492
11216.697426 -2.00704 0.135512 1.56591 -0.185708 0.81721 -0.268382 0.475028
11216.734289 -1.99671 0.140982 1.58967 -0.173233 0.817842 -0.277456 0.473438
11216.771153 -1.96121 0.155315 1.64775 -0.170872 0.825355 -0.288642 0.454178
11216.808016 -1.94799 0.150294 1.67619 -0.157346 0.827371 -0.294211 0.451818
11216.844879 -1.92701 0.167991 1.70314 -0.151563 0.827246 -0.30934 0.443849
11216.881743 -1.90463 0.188365 1.72962 -0.141041 0.828954 -0.323152 0.434184
11216.918606 -1.88715 0.205723 1.74941 -0.133945 0.830222 -0.334824 0.425069
11216.955469 -1.89062 0.197654 1.75682 -0.132722 0.828117 -0.338925 0.426305
11216.992333 -1.88013 0.200546 1.77506 -0.126244 0.830592 -0.341763 0.421162
11217.029196 -1.87293 0.209337 1.78422 -0.125882 0.829284 -0.349576 0.417419
11217.066060 -1.87011 0.214595 1.78851 -0.129043 0.826015 -0.358245 0.415581
11217.102923 -1.86462 0.218568 1.79672 -0.130365 0.826168 -0.361757 0.411806
11217.139786 -1.85914 0.220944 1.80577 -0.130834 0.828973 -0.360353 0.407224
11217.176650 -1.84911 0.23036 1.8145 -0.131661 0.832496 -0.360344 0.399711
11217.213513 -1.83875 0.241822 1.82194 -0.129804 0.835917 -0.360544 0.392941
11217.250376 -1.83425 0.251089 1.82444 -0.1305 0.836539 -0.36321 0.388909
11217.287240 -1.82032 0.262388 1.83763 -0.123995 0.840342 -0.36394 0.382098
11217.324103 -1.80943 0.276005 1.84613 -0.119307 0.84222 -0.366927 0.376558
11217.360966 -1.80448 0.289777 1.84878 -0.118803 0.843509 -0.369369 0.371409
11217.397830 -1.79511 0.303241 1.85577 -0.115158 0.84873 -0.366903 0.363013
11217.434693 -1.78516 0.316878 1.86186 -0.112307 0.85578 -0.361924 0.352192
11217.471557 -1.774 0.332239 1.86714 -0.10976 0.866184 -0.351578 0.337745
11217.508420 -1.76735 0.346656 1.8674 -0.109418 0.877716 -0.33666 0.322959
11217.545284 -1.76227 0.360254 1.86366 -0.109 0.887642 -0.322397 0.310276
11217.582147 -1.7565 0.375832 1.85698 -0.111919 0.893955 -0.314652 0.298853
11217.619010 -1.75329 0.383642 1.85207 -0.112685 0.89976 -0.304143 0.291943
11217.655874 -1.74973 0.400074 1.83984 -0.115763 0.903582 -0.296585 0.286663
11217.692737 -1.73515 0.415786 1.83636 -0.121504 0.908615 -0.28659 0.278426
11217.729600 -1.724 0.428251 1.83051 -0.127876 0.912365 -0.274622 0.275354
11217.766464 -1.71073 0.437416 1.82792 -0.134941 0.915853 -0.262018 0.272673
11217.803327 -1.6921 0.451799 1.82242 -0.142481 0.919188 -0.250105 0.268775
11217.840190 -1.67345 0.464376 1.81445 -0.149912 0.922201 -0.238291 0.26512
11217.877054 -1.66489 0.473459 1.79737 -0.148999 0.924702 -0.224483 0.268947
11217.913917 -1.66526 0.476105 1.77499 -0.147309 0.926473 -0.207873 0.277014
11217.950781 -1.65543 0.484587 1.75723 -0.144758 0.929659 -0.191313 0.279603
11217.987644 -1.63983 0.486699 1.7486 -0.145796 0.932744 -0.173873 0.28018
11218.024507 -1.62651 0.480278 1.74197 -0.149805 0.934634 -0.153851 0.283457
11218.061371 -1.61285 0.476916 1.73281 -0.155408 0.935091 -0.135845 0.288095
11218.098234 -1.59584 0.474961 1.72635 -0.158203 0.935842 -0.118574 0.29174
11218.135097 -1.58393 0.473753 1.71507 -0.160642 0.935351 -0.103996 0.297484
11218.171961 -1.56633 0.475942 1.70725 -0.159403 0.936733 -0.0891719 0.298614
11218.208824 -1.55956 0.475855 1.6931 -0.161472 0.937122 -0.0729651 0.300675
11218.245687 -1.57283 0.465752 1.66921 -0.170629 0.934093 -0.0575607 0.30829
11218.282551 -1.56203 0.469501 1.65898 -0.171331 0.935494 -0.0457947 0.305612
11218.319414 -1.55135 0.473469 1.64787 -0.170848 0.938055 -0.0327473 0.299653
11218.356278 -1.55033 0.474159 1.63335 -0.173545 0.939606 -0.0174644 0.294478
11218.393141 -1.5558 0.473012 1.61791 -0.179029 0.939682 -0.00340108 0.291436
11218.430004 -1.55314 0.474657 1.60842 -0.18042 0.941426 0.0102746 0.28471
11218.466868 -1.55409 0.476146 1.59892 -0.181967 0.942437 0.0212678 0.279727
11218.503731 -1.55337 0.477363 1.59095 -0.183409 0.943197 0.0285109 0.275551
11218.540595 -1.53558 0.486479 1.59267 -0.176903 0.947342 0.0337611 0.264782
11218.577458 -1.53647 0.488353 1.58648 -0.177772 0.948177 0.0371947 0.260717
11218.614321 -1.53258 0.492736 1.58365 -0.176243 0.950414 0.040541 0.252998
11218.651185 -1.50218 0.506458 1.59213 -0.163298 0.9573 0.0450971 0.234257
11218.688048 -1.50133 0.511905 1.59005 -0.161813 0.959322 0.0510891 0.225628
11218.724911 -1.47011 0.527177 1.59961 -0.146758 0.965528 0.0571047 0.207262
11218.761775 -1.47639 0.533091 1.59613 -0.146248 0.965948 0.0623212 0.204138
11218.798638 -1.45521 0.54644 1.60239 -0.132132 0.969974 0.0677648 0.192613
11218.835501 -1.42987 0.561479 1.61217 -0.114505 0.973944 0.0744192 0.181064
11218.872365 -1.41655 0.574707 1.62016 -0.0990209 0.975952 0.0795453 0.17716
11218.909228 -1.40571 0.586223 1.62777 -0.0826157 0.977372 0.0824034 0.176433
11218.946092 -1.40432 0.594835 1.63568 -0.0708487 0.977582 0.0870833 0.178129
11218.982955 -1.3844 0.604861 1.64987 -0.0533161 0.979245 0.0904549 0.173362
11219.019818 -1.39015 0.60855 1.65716 -0.0500204 0.978872 0.0885063 0.177407
11219.056682 -1.38242 0.612361 1.66899 -0.0460393 0.979369 0.0862833 0.176837
11219.093545 -1.35155 0.617015 1.68651 -0.0366376 0.981508 0.0867729 0.166647
11219.130409 -1.34065 0.615666 1.69995 -0.0367617 0.982321 0.0873583 0.161438
11219.167272 -1.34372 0.610015 1.70963 -0.0412713 0.98292 0.0814805 0.159766
11219.204135 -1.34426 0.603052 1.71866 -0.0451262 0.984056 0.06825 0.157922
11219.240998 -1.32542 0.598582 1.73242 -0.0408265 0.986563 0.052141 0.149356
11219.277862 -1.33074 0.588457 1.74082 -0.0438021 0.987405 0.0376872 0.147286
11219.314725 -1.33112 0.578037 1.74872 -0.0445271 0.98812 0.0230269 0.145281
11219.351589 -1.31366 0.569897 1.76024 -0.0392599 0.989344 0.00702495 0.140025
11219.388452 -1.28444 0.560311 1.77229 -0.031271 0.990478 -0.00951794 0.133733
11219.425316 -1.26898 0.549514 1.78204 -0.0299536 0.990039 -0.0260808 0.135072
11219.462179 -1.2524 0.540442 1.79318 -0.028952 0.989239 -0.0428078 0.136878
11219.499042 -1.23296 0.529941 1.80436 -0.0268553 0.988198 -0.0612363 0.137818
11219.535906 -1.20962 0.522245 1.81585 -0.021101 0.987201 -0.0815568 0.135418
11219.572769 -1.18064 0.511755 1.83117 -0.0122076 0.987079 -0.0968022 0.127106
11219.609632 -1.16168 0.50479 1.84483 -0.00528276 0.986667 -0.110406 0.119463
11219.646496 -1.13306 0.495324 1.85846 0.00426521 0.986068 -0.126557 0.10787
11219.683359 -1.10903 0.492072 1.86908 0.0113931 0.98374 -0.148652 0.100144
11219.720222 -1.08211 0.487657 1.87839 0.0179174 0.980754 -0.171231 0.0920922
11219.757086 -1.04355 0.480048 1.8951 0.0249643 0.978146 -0.18983 0.0810634
11219.793949 -1.01708 0.479715 1.90509 0.0262888 0.97516 -0.207095 0.0740485
11219.830813 -1.00231 0.468465 1.91927 0.0330626 0.972042 -0.221057 0.0719421
11219.867676 -0.995846 0.44523 1.94416 0.0483803 0.967847 -0.235145 0.0750917
11219.904539 -0.987714 0.424987 1.96347 0.0569262 0.964482 -0.246947 0.0745063
11219.941403 -0.970458 0.426815 1.96704 0.0557503 0.960308 -0.264593 0.0684972
11219.978266 -0.952618 0.420315 1.97779 0.0544646 0.957272 -0.277515 0.0604098
11220.015129 -0.937618 0.417453 1.98695 0.055296 0.95384 -0.290438 0.0527078
11220.051993 -0.912512 0.42292 1.99108 0.0507046 0.94953 -0.306898 0.0404331
11220.088856 -0.897427 0.423219 1.99932 0.0539024 0.94488 -0.321149 0.0340443
11220.125719 -0.877145 0.425913 2.00654 0.0522515 0.940518 -0.334731 0.0255151
11220.162583 -0.858612 0.429554 2.0148 0.0539346 0.935598 -0.348414 0.0188502
11220.199446 -0.843534 0.427046 2.02713 0.0571953 0.930904 -0.360504 0.0135546
11220.236310 -0.82552 0.433125 2.03379 0.0600009 0.925645 -0.373553 0.00618366
11220.273173 -0.806352 0.442761 2.03787 -0.0614585 -0.921005 0.384654 0.00384659
11220.310036 -0.792663 0.441337 2.04899 -0.0689989 -0.918212 0.389828 0.0126644
11220.346900 -0.774885 0.458242 2.04631 -0.0714114 -0.91366 0.399421 0.0242636
11220.383763 -0.768889 0.452021 2.05993 -0.0835409 -0.912626 0.398958 0.0310989
11220.420626 -0.758471 0.457542 2.06245 -0.0879429 -0.909896 0.403357 0.0407169
11220.457490 -0.74461 0.456223 2.06743 -0.0946573 -0.908039 0.404784 0.0515298
11220.494353 -0.738292 0.461531 2.06775 -0.100229 -0.906666 0.405287 0.0604439
11220.531216 -0.730058 0.460292 2.07024 -0.109575 -0.906346 0.402213 0.0689521
11220.568080 -0.71776 0.458959 2.07055 -0.120189 -0.906262 0.397663 0.0781549
11220.604943 -0.706321 0.460283 2.06789 -0.125319 -0.906441 0.393985 0.0862301
11220.641807 -0.707304 0.465879 2.06349 -0.130414 -0.906155 0.392831 0.0869423
11220.678670 -0.701945 0.462555 2.06347 -0.135195 -0.907457 0.388001 0.0877423
11220.715533 -0.692536 0.466078 2.05576 -0.139328 -0.90706 0.387008 0.0897457
11220.752397 -0.681809 0.46951 2.04778 -0.138959 -0.906422 0.388099 0.0920278
