4052.309525 0 0 0 0 0 0 1
4052.346388 -0.0113727 -0.0598602 0.0954426 -0.0597826 -0.00720737 -0.0395645 0.997401
4052.383251 -0.00521047 -0.0679379 0.167367 -0.0890001 -0.0416044 -0.0317292 0.994656
4052.420114 -0.00248391 -0.0844105 0.15713 -0.0790686 -0.0491971 -0.0566278 0.994043
4052.456978 -0.00451325 -0.0863837 0.148526 -0.0607884 -0.0490048 -0.0882766 0.993031
4052.493841 -0.000316888 -0.0935135 0.152488 -0.0544669 -0.0628564 -0.0861055 0.992808
4052.530705 -0.00515396 -0.0968685 0.157703 -0.054028 -0.067371 -0.094959 0.991728
4052.567568 -0.00850641 -0.130166 0.175357 -0.0796945 -0.0790361 -0.105814 0.988031
4052.604431 -0.00611995 -0.151915 0.177108 -0.0897469 -0.0890932 -0.117449 0.984994
4052.641295 -0.0105002 -0.167841 0.181597 -0.104506 -0.0895406 -0.123116 0.982804
4052.678158 -0.00335872 -0.169795 0.177294 -0.114125 -0.094197 -0.0884261 0.98503
4052.715021 -0.00216027 -0.17417 0.184572 -0.117915 -0.0992462 -0.0873214 0.984186
4052.751885 7.96355e-05 -0.177002 0.178593 -0.117048 -0.0991665 -0.0837852 0.984604
4052.788748 0.0023385 -0.189977 0.186081 -0.117518 -0.101623 -0.106323 0.982119
4052.825611 0.00736683 -0.187115 0.184336 -0.116915 -0.100507 -0.0980765 0.983163
4052.862475 0.00832557 -0.187517 0.184565 -0.115779 -0.100955 -0.0988945 0.98317
4052.899338 0.0139219 -0.194096 0.192559 -0.118106 -0.110029 -0.101894 0.981612
4052.936202 0.0170507 -0.196298 0.197976 -0.119597 -0.114247 -0.102206 0.980917
4052.973065 0.0191651 -0.196804 0.203386 -0.120817 -0.118575 -0.105427 0.979912
4053.009928 0.0181885 -0.196831 0.206982 -0.123817 -0.12077 -0.107247 0.979072
4053.046792 0.0174005 -0.196927 0.210769 -0.125377 -0.122003 -0.109139 0.978512
4053.083655 0.0190447 -0.20333 0.220375 -0.123694 -0.128821 -0.111977 0.977531
4053.120518 0.0224386 -0.211847 0.230133 -0.120307 -0.136328 -0.119718 0.976017
4053.157382 0.0253295 -0.217901 0.237157 -0.11166 -0.140949 -0.126159 0.975577
4053.194245 0.0295748 -0.222715 0.242309 -0.102577 -0.145946 -0.122545 0.976299
4053.231108 0.032803 -0.227386 0.245967 -0.0941914 -0.147279 -0.12481 0.976657
4053.267971 0.0381772 -0.230614 0.250759 -0.0867299 -0.150937 -0.123253 0.976987
4053.304835 0.0409267 -0.232583 0.25124 -0.0838159 -0.151656 -0.118087 0.977768
4053.341698 0.0569915 -0.239178 0.259944 -0.0831526 -0.161997 -0.121494 0.975747
4053.378562 0.0643119 -0.241736 0.261079 -0.0852348 -0.160622 -0.115635 0.976506
4053.415425 0.0749509 -0.244868 0.264166 -0.0868775 -0.158866 -0.110033 0.977296
4053.452288 0.0805291 -0.245134 0.263149 -0.0867362 -0.150357 -0.100314 0.979697
4053.489152 0.0936469 -0.247902 0.265411 -0.0863757 -0.144762 -0.0925444 0.981335
4053.562878 0.128507 -0.252566 0.271956 -0.084109 -0.139385 -0.0879528 0.982732
4053.599742 0.137945 -0.254934 0.271844 -0.0839911 -0.132353 -0.0812729 0.984288
4053.636605 0.148987 -0.257123 0.271552 -0.0845095 -0.128323 -0.0753927 0.985245
4053.673468 0.158674 -0.260562 0.273032 -0.0863851 -0.127425 -0.0665205 0.985837
4053.710332 0.166921 -0.263016 0.273236 -0.0875499 -0.127722 -0.0608418 0.986063
4053.747195 0.174913 -0.265693 0.271817 -0.0894621 -0.12829 -0.054178 0.986206
4053.784059 0.181431 -0.267753 0.272739 -0.0897585 -0.129986 -0.0457482 0.986384
4053.820922 0.187738 -0.271409 0.27566 -0.0899204 -0.131925 -0.0356266 0.98653
4053.857785 0.195368 -0.276098 0.279439 -0.0900683 -0.134987 -0.0267492 0.986383
4053.894648 0.197964 -0.278264 0.280557 -0.0877306 -0.135045 -0.0148798 0.986836
4053.931512 0.200803 -0.281034 0.282566 -0.0864658 -0.138024 -0.00607166 0.986629
4053.968375 0.20085 -0.282918 0.28468 -0.0855285 -0.141105 0.0038012 0.986286
4054.005239 0.20082 -0.282647 0.287322 -0.085333 -0.14652 0.0123258 0.985443
4054.042102 0.200243 -0.282639 0.290372 -0.0897069 -0.153633 0.0187258 0.983869
4054.078965 0.194756 -0.285827 0.293859 -0.0962517 -0.158863 0.0195155 0.982404
4054.115828 0.189115 -0.286517 0.296038 -0.101418 -0.161567 0.0173118 0.981484
4054.152692 0.18026 -0.288267 0.297871 -0.106268 -0.160228 0.0133179 0.981253
4054.189555 0.171869 -0.288695 0.299714 -0.109141 -0.157164 0.00618828 0.981504
4054.226419 0.161162 -0.290228 0.300867 -0.112099 -0.151639 -0.00153204 0.982058
4054.263282 0.149064 -0.290979 0.301815 -0.113991 -0.146356 -0.0128583 0.982558
4054.300145 0.136493 -0.291445 0.303336 -0.11453 -0.142445 -0.0254893 0.982824
4054.337009 0.122561 -0.292378 0.304342 -0.114666 -0.138526 -0.0368959 0.983006
4054.373872 0.107505 -0.293363 0.304952 -0.114453 -0.135652 -0.0478418 0.98296
4054.410735 0.0926446 -0.295113 0.305947 -0.114476 -0.134712 -0.0569849 0.982599
4054.447599 0.0765939 -0.296758 0.305743 -0.113998 -0.134154 -0.0655655 0.982196
4054.484462 0.0616047 -0.298125 0.305467 -0.112986 -0.136732 -0.0748548 0.981293
4054.521325 0.0449313 -0.299781 0.304341 -0.11118 -0.139136 -0.0842177 0.980402
4054.558189 0.0283686 -0.302189 0.30274 -0.110008 -0.14188 -0.0935784 0.979291
4054.595052 0.0137978 -0.304799 0.301563 -0.108525 -0.146769 -0.103507 0.977736
4054.631916 -0.00277591 -0.308001 0.299107 -0.107155 -0.149038 -0.111287 0.976689
4054.668779 -0.0192145 -0.310625 0.296083 -0.104489 -0.148879 -0.114534 0.976626
4054.705642 -0.0329292 -0.313662 0.294056 -0.0997817 -0.149927 -0.118084 0.976535
4054.742505 -0.0491347 -0.316922 0.290948 -0.0941642 -0.147444 -0.118635 0.977404
4054.779369 -0.0630945 -0.318317 0.287904 -0.0874225 -0.144842 -0.117804 0.978519
4054.816232 -0.0774015 -0.323125 0.285546 -0.084104 -0.142651 -0.118301 0.979072
4054.853096 -0.0923589 -0.329298 0.283532 -0.0842424 -0.140473 -0.117186 0.979509
4054.889959 -0.106803 -0.332676 0.28135 -0.0839867 -0.138851 -0.117387 0.979738
4054.926822 -0.121622 -0.337705 0.280081 -0.0850397 -0.136861 -0.117817 0.979876
4054.963685 -0.135992 -0.34052 0.278726 -0.0855479 -0.133594 -0.116921 0.98039
4055.000549 -0.151063 -0.344293 0.277937 -0.0882568 -0.128383 -0.114216 0.981164
4055.037412 -0.165055 -0.342397 0.27665 -0.0878593 -0.122232 -0.110394 0.982422
4055.074276 -0.180359 -0.341151 0.276121 -0.0887214 -0.114604 -0.107916 0.983539
4055.111139 -0.194824 -0.341409 0.27649 -0.0916814 -0.107243 -0.106018 0.984304
4055.148002 -0.210554 -0.340378 0.276242 -0.095517 -0.0981019 -0.105093 0.984991
4055.184865 -0.226796 -0.338357 0.275584 -0.100395 -0.0872312 -0.104375 0.985605
4055.221729 -0.243939 -0.334881 0.273972 -0.105112 -0.0748407 -0.1046 0.986108
4055.258592 -0.261265 -0.331883 0.271831 -0.109494 -0.0617936 -0.106101 0.986375
4055.295456 -0.279115 -0.325941 0.268297 -0.110333 -0.0475449 -0.106828 0.986992
4055.332319 -0.295536 -0.322125 0.264767 -0.109512 -0.0350989 -0.107941 0.987484
4055.369182 -0.315465 -0.315903 0.260009 -0.105888 -0.0208146 -0.110012 0.988054
4055.406046 -0.334468 -0.313614 0.255514 -0.106317 -0.00735339 -0.109686 0.988237
4055.442909 -0.355659 -0.305855 0.249276 -0.104356 0.00798386 -0.107831 0.988645
4055.479773 -0.372051 -0.297269 0.242765 -0.100988 0.0206857 -0.106506 0.988954
4055.516636 -0.388968 -0.287794 0.235668 -0.0986437 0.031799 -0.104174 0.989144
4055.553499 -0.407954 -0.280664 0.228349 -0.0986923 0.0420708 -0.100262 0.98916
4055.590362 -0.425489 -0.27422 0.221361 -0.0968375 0.0483497 -0.0980254 0.98928
4055.627226 -0.443742 -0.26706 0.212747 -0.0921905 0.0560589 -0.0919433 0.989901
4055.664089 -0.459053 -0.253821 0.202042 -0.0817722 0.0620509 -0.0871569 0.990892
4055.700953 -0.474073 -0.244108 0.191342 -0.0733863 0.0695638 -0.081769 0.991509
4055.737816 -0.493526 -0.237968 0.181772 -0.0688647 0.0808683 -0.0783711 0.99125
4055.774679 -0.500474 -0.223585 0.168641 -0.0583278 0.0855652 -0.072638 0.991968
4055.811542 -0.509465 -0.216252 0.157492 -0.0558536 0.0912064 -0.0714096 0.991697
4055.848406 -0.520221 -0.207255 0.147031 -0.0550511 0.0985717 -0.0693482 0.991183
4055.885269 -0.529713 -0.198551 0.136693 -0.0564288 0.105159 -0.0697261 0.990402
4055.922133 -0.537334 -0.188943 0.126626 -0.0562008 0.111295 -0.0711559 0.989642
4055.958996 -0.543431 -0.178364 0.116904 -0.0538268 0.118083 -0.070586 0.989028
4055.995859 -0.548214 -0.171379 0.107537 -0.0533823 0.126709 -0.0725117 0.987845
4056.032722 -0.549667 -0.159622 0.0976436 -0.0484377 0.135054 -0.0707339 0.987123
4056.069586 -0.552437 -0.150539 0.0888613 -0.0475866 0.146575 -0.0732632 0.985334
4056.106449 -0.552627 -0.141596 0.0820966 -0.0459017 0.158546 -0.0748091 0.983443
4056.143313 -0.553007 -0.135182 0.0749768 -0.048197 0.172108 -0.0746895 0.981059
4056.180176 -0.552711 -0.136736 0.0690631 -0.0575417 0.185382 -0.0761106 0.978023
4056.217039 -0.554226 -0.133861 0.0633915 -0.065778 0.197681 -0.0768558 0.975033
4056.253903 -0.554634 -0.128071 0.0582796 -0.0689002 0.207711 -0.0778231 0.972652
4056.290766 -0.552122 -0.113532 0.0536253 -0.0625005 0.214233 -0.0775758 0.971689
4056.327629 -0.5548 -0.111341 0.0508694 -0.0635226 0.222326 -0.0793673 0.969658
4056.364493 -0.557371 -0.108413 0.0477638 -0.066028 0.229166 -0.0802342 0.967825
4056.401356 -0.559214 -0.098057 0.0462576 -0.0642956 0.235177 -0.0803426 0.96649
4056.438219 -0.56173 -0.089671 0.0459335 -0.0648428 0.240129 -0.0786757 0.965372
4056.475083 -0.565469 -0.0759117 0.0475809 -0.062665 0.244216 -0.0758823 0.964714
4056.511946 -0.568992 -0.0654931 0.0512383 -0.0626196 0.246138 -0.073378 0.964422
4056.548810 -0.572757 -0.0587033 0.0562845 -0.0666089 0.245897 -0.0697 0.964489
4056.585673 -0.579417 -0.046263 0.0635036 -0.0692297 0.245759 -0.0679775 0.964463
4056.622536 -0.58526 -0.033302 0.0724883 -0.0723909 0.244482 -0.0672577 0.964606
4056.659399 -0.591003 -0.0331462 0.0824084 -0.0891118 0.241297 -0.0693966 0.963856
4056.696263 -0.599351 -0.0234225 0.0939004 -0.0942979 0.2391 -0.0648807 0.964225
4056.733126 -0.609584 -0.0092591 0.106025 -0.0928365 0.237695 -0.0667977 0.964583
4056.769989 -0.617542 -0.00315405 0.117873 -0.0950123 0.23367 -0.0709497 0.965058
4056.806853 -0.626474 0.0066311 0.128765 -0.0933249 0.232775 -0.075189 0.965118
4056.843716 -0.635031 0.0218742 0.138162 -0.0887268 0.235354 -0.0794705 0.964583
4056.880579 -0.641233 0.0350245 0.145853 -0.0874396 0.239469 -0.0817163 0.9635
4056.917443 -0.649059 0.0425226 0.153115 -0.0888534 0.24405 -0.0784458 0.962492
4056.954306 -0.657338 0.0519018 0.161889 -0.0824111 0.250916 -0.0827892 0.960935
4056.991169 -0.663198 0.0613048 0.167918 -0.0748911 0.257154 -0.0881688 0.959421
4057.028033 -0.673331 0.0713592 0.174022 -0.0692137 0.267911 -0.0882109 0.956897
4057.064896 -0.680452 0.0791988 0.178248 -0.064755 0.278036 -0.0933202 0.953831
4057.101760 -0.690428 0.0864197 0.182808 -0.0577796 0.289342 -0.0966809 0.950576
4057.138623 -0.700201 0.0933757 0.185569 -0.0482015 0.299727 -0.100269 0.947516
4057.175486 -0.709466 0.0972675 0.186932 -0.0422732 0.308619 -0.103826 0.944557
4057.212350 -0.719857 0.103058 0.186939 -0.0388497 0.317687 -0.107462 0.941285
4057.249213 -0.730681 0.103559 0.186863 -0.0446141 0.32115 -0.113593 0.939132
4057.286076 -0.737703 0.109096 0.183815 -0.0412121 0.321805 -0.119154 0.938374
4057.322940 -0.748625 0.114928 0.183086 -0.0396637 0.322073 -0.127412 0.937263
4057.359803 -0.757613 0.123352 0.180517 -0.0360481 0.322049 -0.135105 0.93634
4057.396666 -0.766652 0.130589 0.177748 -0.0356016 0.322894 -0.143214 0.934859
4057.433530 -0.777011 0.140262 0.175309 -0.0313243 0.325939 -0.149248 0.93301
4057.470393 -0.779058 0.141829 0.16598 -0.0335631 0.320393 -0.150928 0.934581
4057.507256 -0.797295 0.145532 0.170279 -0.0367938 0.332297 -0.161671 0.928487
4057.544120 -0.809154 0.152654 0.169284 -0.031098 0.341173 -0.166298 0.924651
4057.580983 -0.81942 0.155991 0.167472 -0.0248829 0.346127 -0.169223 0.922464
4057.617846 -0.836386 0.160304 0.17132 -0.0180696 0.358482 -0.172004 0.917376
4057.654710 -0.854844 0.165608 0.176614 -0.0126625 0.37316 -0.171233 0.91174
4057.691573 -0.872428 0.171204 0.181457 -0.00824718 0.386004 -0.170211 0.906621
4057.728436 -0.889655 0.17307 0.186822 -0.00339443 0.39501 -0.169813 0.902839
4057.765300 -0.907717 0.174846 0.193382 0.00215412 0.402763 -0.170319 0.899316
4057.802163 -0.925597 0.177015 0.199402 0.00627964 0.409593 -0.168112 0.896623
4057.839026 -0.94909 0.182434 0.211514 0.0123268 0.423011 -0.162349 0.891377
4057.875890 -0.96012 0.183006 0.212083 0.0139706 0.423996 -0.162285 0.890896
4057.912753 -0.980687 0.186865 0.223315 0.0124406 0.433221 -0.161061 0.886693
4057.949617 -1.00016 0.19178 0.233526 0.013516 0.442655 -0.156715 0.882788
4057.986480 -1.01491 0.199304 0.240886 0.0161917 0.449145 -0.152067 0.880274
4058.023343 -1.03903 0.20392 0.258797 0.013949 0.461699 -0.144399 0.875093
4058.060207 -1.05631 0.207076 0.272499 0.0102655 0.469348 -0.143934 0.871143
4058.097070 -1.06382 0.211164 0.277472 0.0132749 0.470561 -0.142281 0.870719
4058.133933 -1.07656 0.214674 0.288985 0.0133568 0.475125 -0.142598 0.868184
4058.170797 -1.08915 0.214022 0.30105 0.0113559 0.478828 -0.141235 0.866399
4058.207660 -1.09707 0.222158 0.309881 0.0151587 0.482923 -0.141162 0.864077
4058.244523 -1.10556 0.23021 0.322832 0.0175101 0.489592 -0.142024 0.860129
4058.281387 -1.11249 0.236551 0.33482 0.0159615 0.495817 -0.14306 0.856414
4058.318250 -1.11859 0.2453 0.348593 0.0128194 0.503592 -0.14505 0.851581
4058.355113 -1.11916 0.254453 0.359054 0.00847516 0.507561 -0.149482 0.848507
4058.391977 -1.12031 0.268973 0.369827 0.00691153 0.512078 -0.147934 0.846075
4058.428840 -1.11793 0.279003 0.378185 0.00451855 0.512822 -0.149072 0.845441
4058.465703 -1.1161 0.290108 0.389679 0.00279688 0.513718 -0.153615 0.844091
4058.502567 -1.1104 0.299365 0.397783 0.0027363 0.510856 -0.157122 0.845181
4058.539430 -1.10305 0.308053 0.403838 0.00154676 0.506638 -0.162523 0.846701
