4519.525822 0 0 0 0 0 0 1
4519.562686 0.0236011 -0.000983006 0.00295614 -0.00258231 -0.00767397 0.00301906 0.999963
4519.599549 0.0431562 -0.000935245 0.004871 -0.00445935 -0.0147966 0.00506447 0.999868
4519.636413 0.0637619 -0.000214963 0.00690916 -0.00629167 -0.0212799 0.00642731 0.999733
4519.673276 0.0864737 -0.00179008 0.00952534 -0.00974924 -0.0263854 0.00796563 0.999573
4519.710139 0.106287 -0.00133861 0.0117005 -0.0133632 -0.0279697 0.00989897 0.99947
4519.747003 0.128061 -0.00417431 0.0146755 -0.0169599 -0.0285818 0.0109145 0.999388
4519.783866 0.149336 -0.00487948 0.0172654 -0.0190422 -0.0262323 0.0121758 0.9994
4519.820730 0.168015 -0.00400266 0.0195064 -0.0196448 -0.0218256 0.0135031 0.999478
4519.857594 0.188097 -0.00290611 0.0220916 -0.019005 -0.0164064 0.0145997 0.999578
4519.894457 0.207229 -0.00449074 0.024716 -0.0194882 -0.0101688 0.0142405 0.999657
4519.931320 0.226372 -0.00400419 0.0281589 -0.020047 -0.00456582 0.0137838 0.999694
4519.968184 0.244088 -0.00433343 0.0315069 -0.0203032 0.000228483 0.0128284 0.999712
4520.005047 0.26122 -0.00589141 0.035529 -0.0200502 0.00453799 0.0119733 0.999717
4520.041911 0.276895 -0.00972727 0.0396963 -0.0191385 0.00749919 0.0103646 0.999735
4520.078774 0.2945 -0.0119065 0.0449981 -0.0163207 0.00904109 0.00930892 0.999783
4520.115637 0.308453 -0.0139807 0.0505305 -0.0133373 0.0112619 0.00950648 0.999802
4520.152501 0.32408 -0.015616 0.0566772 -0.0121552 0.0133057 0.00949095 0.999793
4520.189364 0.335774 -0.0239551 0.0635089 -0.013546 0.0145166 0.00944741 0.999758
4520.226228 0.350368 -0.0308506 0.0733133 -0.0131814 0.0118474 0.0092674 0.9998
4520.263091 0.366031 -0.0354386 0.0844548 -0.0113783 0.00680506 0.00879161 0.999873
4520.299955 0.379087 -0.0433127 0.0957246 -0.00989028 0.00210686 0.00735145 0.999922
4520.336818 0.395944 -0.0504911 0.10904 -0.00904399 -0.00230611 0.00591539 0.999939
4520.373682 0.410095 -0.057364 0.121522 -0.00979033 -0.00401728 0.00675691 0.999921
4520.410545 0.425769 -0.0641358 0.134219 -0.0106255 -0.00556198 0.00807529 0.999896
4520.447409 0.441964 -0.0714303 0.14681 -0.0105556 -0.0068317 0.00762532 0.999892
4520.484272 0.457514 -0.0831506 0.159317 -0.0102879 -0.00648948 0.00637093 0.999906
4520.521135 0.475234 -0.0913689 0.171293 -0.00924496 -0.00523907 0.00696769 0.999919
4520.557999 0.493331 -0.0982661 0.183521 -0.00774612 -0.00329722 0.00786148 0.999934
4520.594862 0.510514 -0.10718 0.195138 -0.00690203 -0.00136683 0.00641048 0.999955
4520.631726 0.526305 -0.11697 0.206684 -0.00563953 0.000232742 0.00136964 0.999983
4520.668589 0.542141 -0.125463 0.219335 -0.0026993 0.0026663 -0.00211967 0.999991
4520.705452 0.557252 -0.133618 0.231995 0.000499401 0.00744054 -0.00416023 0.999964
4520.742316 0.569731 -0.140522 0.244321 0.00306559 0.0141203 -0.00366546 0.999889
4520.779180 0.584671 -0.146515 0.25678 0.00447673 0.019556 -0.00311349 0.999794
4520.816043 0.594349 -0.154879 0.268979 0.00443113 0.0235475 -0.00228936 0.99971
4520.852906 0.606653 -0.158672 0.281723 0.00613541 0.0227855 -0.0017897 0.99972
4520.889770 0.618299 -0.165471 0.295323 0.00784405 0.0190229 -0.00108012 0.999788
4520.926633 0.628869 -0.171572 0.308788 0.00983841 0.0136259 -0.000430881 0.999859
4520.963497 0.639192 -0.179232 0.322554 0.0113807 0.00772704 -0.00176199 0.999904
4521.000360 0.651188 -0.185665 0.336168 0.0137079 0.0028136 -0.00474871 0.999891
4521.037224 0.664857 -0.1922 0.350434 0.0168907 -0.000181767 -0.00742311 0.99983
4521.074087 0.673392 -0.197191 0.363578 0.0209591 -0.000351588 -0.0092151 0.999738
4521.110950 0.684578 -0.204002 0.377984 0.0254014 -0.00118012 -0.0124495 0.999599
4521.147814 0.694325 -0.211293 0.392431 0.0303011 -0.00205778 -0.0169005 0.999396
4521.184677 0.707861 -0.21715 0.407692 0.0350281 -0.00454931 -0.0219236 0.999135
4521.221541 0.718686 -0.224575 0.421923 0.0389635 -0.00806918 -0.0273654 0.998833
4521.258404 0.729744 -0.232278 0.437619 0.0431118 -0.0136847 -0.0327934 0.998438
4521.295268 0.743649 -0.239887 0.456296 0.0471353 -0.0212141 -0.0405582 0.997839
4521.332131 0.754133 -0.24765 0.470164 0.048902 -0.0281562 -0.047228 0.997289
4521.368994 0.763587 -0.256036 0.48743 0.0508328 -0.0358017 -0.0539244 0.996607
4521.405858 0.77345 -0.264814 0.504871 0.0524596 -0.0447023 -0.058965 0.995878
4521.442722 0.78039 -0.272413 0.519494 0.0517325 -0.0541052 -0.0641218 0.995131
4521.479585 0.788369 -0.281532 0.535141 0.0488559 -0.0648416 -0.0700735 0.994233
4521.516448 0.799516 -0.284821 0.551754 0.0465097 -0.077574 -0.074393 0.993119
4521.553312 0.808592 -0.294279 0.570912 0.0425547 -0.0902702 -0.0800489 0.991783
4521.590175 0.813879 -0.302044 0.588119 0.0379209 -0.101089 -0.0832613 0.990662
4521.627039 0.824021 -0.304498 0.605414 0.0343812 -0.110988 -0.0844258 0.989632
4521.663902 0.829072 -0.309079 0.622993 0.03123 -0.116868 -0.0848086 0.989027
4521.700766 0.837328 -0.311142 0.639683 0.029088 -0.121005 -0.0868893 0.988414
4521.737629 0.846063 -0.315789 0.65791 0.0278111 -0.124703 -0.0910322 0.987618
4521.774492 0.853644 -0.321247 0.676848 0.0282296 -0.128149 -0.0956754 0.986725
4521.811356 0.86291 -0.325968 0.695161 0.0286251 -0.131543 -0.10129 0.985707
4521.848219 0.869477 -0.328324 0.712761 0.0286983 -0.135067 -0.104864 0.984854
4521.885083 0.876629 -0.332417 0.731651 0.0271196 -0.140764 -0.108014 0.98376
4521.921947 0.885212 -0.336606 0.752046 0.0251052 -0.15057 -0.112106 0.981902
4521.958810 0.892508 -0.342673 0.772532 0.0227443 -0.162514 -0.117037 0.979477
4521.995673 0.900761 -0.348119 0.793328 0.0206631 -0.174878 -0.121676 0.976824
4522.032537 0.909164 -0.352619 0.813552 0.0175201 -0.184084 -0.125179 0.974749
4522.069400 0.919249 -0.357092 0.831283 0.0114107 -0.188921 -0.128606 0.973468
4522.106264 0.928852 -0.36048 0.848684 0.00537497 -0.190144 -0.131925 0.972837
4522.143127 0.940255 -0.365833 0.865751 0.000367054 -0.189475 -0.138547 0.972062
4522.179990 0.951185 -0.370916 0.880969 -0.000996312 -0.187404 -0.148484 0.970995
4522.216854 0.961969 -0.376364 0.896176 0.00024463 -0.183917 -0.157622 0.970222
4522.253717 0.973274 -0.38043 0.911191 0.00201617 -0.178914 -0.163236 0.970227
4522.290581 0.9837 -0.386871 0.925533 0.0015829 -0.173587 -0.16536 0.970835
4522.327444 0.993844 -0.39217 0.940235 0.00149933 -0.170604 -0.16544 0.971351
4522.364308 1.00276 -0.395321 0.952587 0.00137965 -0.171728 -0.166119 0.971037
4522.401171 1.0128 -0.399546 0.967352 0.00128294 -0.17832 -0.16751 0.969608
4522.438035 1.02299 -0.403785 0.982752 0.0019528 -0.18907 -0.169892 0.967153
4522.474898 1.0327 -0.407918 0.996114 0.00281224 -0.200374 -0.173737 0.964188
4522.511761 1.04331 -0.413599 1.01104 0.00405969 -0.21092 -0.17813 0.961128
4522.548625 1.05365 -0.417926 1.02389 0.00592679 -0.219246 -0.182779 0.958378
4522.585488 1.06537 -0.422076 1.03659 0.00846687 -0.226482 -0.187767 0.955708
4522.622352 1.07832 -0.425663 1.05119 0.0132496 -0.233912 -0.192575 0.952903
4522.659215 1.08985 -0.429402 1.06366 0.0175784 -0.241094 -0.197358 0.95006
4522.696079 1.10183 -0.431522 1.07573 0.0214367 -0.249042 -0.202657 0.94681
4522.732942 1.11554 -0.434688 1.08957 0.0240181 -0.258131 -0.20822 0.943099
4522.769806 1.12738 -0.438318 1.10064 0.0229951 -0.268005 -0.213351 0.939215
4522.806669 1.13959 -0.440588 1.11111 0.0191755 -0.277869 -0.217589 0.935455
4522.843533 1.15123 -0.44287 1.12029 0.0115617 -0.287703 -0.219319 0.932198
4522.880396 1.16343 -0.444335 1.13015 0.00283254 -0.299381 -0.219073 0.928639
4522.917259 1.17662 -0.445211 1.14004 -0.00489143 -0.313165 -0.218528 0.924202
4522.954123 1.18979 -0.446071 1.14924 -0.0108012 -0.327386 -0.216989 0.919575
4522.990986 1.2036 -0.446273 1.15645 -0.0169306 -0.33911 -0.214332 0.915849
4523.027850 1.21934 -0.446521 1.16294 -0.0226858 -0.346734 -0.211101 0.913618
4523.064713 1.23548 -0.448185 1.17001 -0.0254238 -0.350575 -0.207282 0.912954
4523.101577 1.25159 -0.450769 1.17539 -0.0276454 -0.35051 -0.203457 0.913774
4523.138440 1.26973 -0.452683 1.18001 -0.0300876 -0.349012 -0.200124 0.915006
4523.175304 1.2911 -0.450324 1.18314 -0.0322472 -0.34757 -0.196771 0.916208
4523.212167 1.31203 -0.450716 1.18714 -0.0342077 -0.34741 -0.194674 0.916645
4523.249030 1.3333 -0.450574 1.18976 -0.034312 -0.348317 -0.194667 0.916298
4523.285894 1.35635 -0.45148 1.19333 -0.0333397 -0.348446 -0.196948 0.915798
4523.322757 1.38004 -0.453313 1.19709 -0.0319804 -0.347272 -0.199286 0.915786
4523.359621 1.40409 -0.449789 1.19697 -0.0298585 -0.344757 -0.200074 0.916636
4523.396484 1.4289 -0.447148 1.19511 -0.0297652 -0.341851 -0.200054 0.917731
4523.433347 1.45607 -0.446536 1.19772 -0.0295083 -0.341222 -0.199485 0.918097
4523.470211 1.48023 -0.447425 1.19819 -0.0286159 -0.342879 -0.19955 0.917494
4523.507075 1.50621 -0.449995 1.20011 -0.0280931 -0.345474 -0.20073 0.916278
4523.543938 1.53058 -0.452061 1.20008 -0.027645 -0.347451 -0.202748 0.915099
4523.580801 1.55567 -0.453826 1.19987 -0.0274901 -0.347947 -0.203972 0.914644
4523.617665 1.58154 -0.456651 1.20226 -0.0269502 -0.348235 -0.204486 0.914435
4523.654528 1.60431 -0.460549 1.20225 -0.0264419 -0.348722 -0.203657 0.914449
4523.691392 1.62804 -0.467657 1.2059 -0.0261305 -0.350962 -0.20206 0.913956
4523.728255 1.65208 -0.472532 1.21134 -0.0242021 -0.355354 -0.199793 0.912809
4523.765119 1.67476 -0.475407 1.21516 -0.0210845 -0.360782 -0.197187 0.911323
4523.801982 1.69608 -0.479704 1.22098 -0.0166111 -0.366413 -0.194275 0.909793
4523.838845 1.72001 -0.483479 1.22993 -0.0118681 -0.371061 -0.191649 0.908539
4523.875709 1.74189 -0.488359 1.23852 -0.00835928 -0.374089 -0.18911 0.907868
4523.912572 1.76234 -0.495242 1.24757 -0.00584223 -0.376545 -0.187725 0.90716
4523.949436 1.78363 -0.501106 1.25766 -0.00329229 -0.380245 -0.186654 0.90585
4523.986299 1.80449 -0.504697 1.2689 0.00120337 -0.386136 -0.186236 0.903445
4524.023163 1.82312 -0.511147 1.28017 0.00515772 -0.393829 -0.187265 0.899891
4524.060026 1.84326 -0.515987 1.29141 0.0075995 -0.400541 -0.190983 0.896122
4524.096890 1.86388 -0.518985 1.30163 0.00729917 -0.405492 -0.195642 0.892887
4524.133753 1.88332 -0.525139 1.3126 0.00551933 -0.409541 -0.201292 0.889791
4524.170617 1.90078 -0.528558 1.32112 0.00383204 -0.412571 -0.206851 0.887121
4524.207480 1.91965 -0.532476 1.33127 0.000440933 -0.414898 -0.212128 0.884794
4524.244343 1.93893 -0.534881 1.3398 -0.00382783 -0.417231 -0.216476 0.882634
4524.281207 1.95725 -0.537012 1.3461 -0.0061498 -0.420717 -0.220699 0.879916
4524.318070 1.9753 -0.539152 1.35542 -0.00593354 -0.425976 -0.222262 0.876988
4524.354934 1.99252 -0.541817 1.36305 -0.00486776 -0.431289 -0.223098 0.874182
4524.391797 2.00978 -0.544269 1.36898 -0.00530271 -0.434497 -0.223445 0.8725
4524.428661 2.02858 -0.548925 1.37563 -0.00874855 -0.43636 -0.223439 0.871544
4524.465524 2.04974 -0.54802 1.38346 -0.0117044 -0.438868 -0.222859 0.870397
4524.502388 2.06835 -0.550374 1.3899 -0.014348 -0.442314 -0.223157 0.868536
4524.539251 2.08952 -0.552259 1.3965 -0.016442 -0.446503 -0.224154 0.866094
4524.576114 2.11177 -0.54998 1.40203 -0.0175553 -0.450428 -0.224524 0.863942
4524.612978 2.13515 -0.545638 1.40687 -0.0176339 -0.45363 -0.224412 0.862292
4524.649841 2.15848 -0.546789 1.414 -0.0179571 -0.456417 -0.225547 0.860517
4524.686705 2.18116 -0.551099 1.42339 -0.019479 -0.458551 -0.226396 0.859125
4524.723568 2.20478 -0.551942 1.43064 -0.0221791 -0.459063 -0.22775 0.858429
4524.760432 2.22685 -0.557578 1.43831 -0.0270274 -0.459425 -0.230038 0.857485
4524.797295 2.24847 -0.561583 1.44406 -0.0310012 -0.461121 -0.232731 0.855712
4524.834159 2.27174 -0.564593 1.45277 -0.0339452 -0.463799 -0.234794 0.853587
4524.871022 2.29287 -0.568567 1.46018 -0.0366889 -0.465513 -0.236677 0.852019
4524.907886 2.31226 -0.570666 1.46505 -0.0392799 -0.465207 -0.236027 0.852251
4524.944749 2.33462 -0.577014 1.47458 -0.0397812 -0.464353 -0.235829 0.852748
4524.981612 2.35256 -0.583965 1.47984 -0.0389089 -0.461945 -0.234589 0.854436
4525.018476 2.37162 -0.587551 1.48816 -0.0354347 -0.460167 -0.231982 0.856256
4525.055339 2.39099 -0.597935 1.50145 -0.0326055 -0.45945 -0.229814 0.857338
4525.092203 2.4074 -0.606099 1.5118 -0.0304957 -0.459229 -0.226461 0.858425
4525.129066 2.42395 -0.612459 1.52321 -0.0284512 -0.461501 -0.223368 0.858088
4525.165930 2.44026 -0.6198 1.53461 -0.0272308 -0.465531 -0.221422 0.856453
4525.202793 2.455 -0.62684 1.54632 -0.0251171 -0.471612 -0.221115 0.853264
4525.239657 2.47067 -0.635209 1.55998 -0.0227489 -0.47847 -0.221449 0.849417
4525.276520 2.48418 -0.642158 1.57212 -0.0199732 -0.48548 -0.22232 0.845271
4525.313383 2.49682 -0.64864 1.5834 -0.0167257 -0.491174 -0.223023 0.84186
4525.350247 2.51272 -0.657197 1.60031 -0.0131945 -0.496072 -0.223649 0.83888
4525.387110 2.52664 -0.665262 1.61789 -0.0102061 -0.500503 -0.222688 0.836542
4525.423974 2.53868 -0.676217 1.635 -0.00787108 -0.503801 -0.222572 0.834616
4525.460837 2.55152 -0.684321 1.6551 -0.00742411 -0.506659 -0.223443 0.832656
4525.497700 2.56358 -0.69418 1.67294 -0.0101701 -0.508139 -0.226417 0.830919
4525.534564 2.57434 -0.699612 1.69044 -0.0123796 -0.510165 -0.229074 0.828917
4525.571428 2.58421 -0.708231 1.71035 -0.014049 -0.512859 -0.231526 0.826544
4525.608291 2.58996 -0.717194 1.72845 -0.0153674 -0.515154 -0.232421 0.82484
4525.645154 2.59738 -0.725122 1.74938 -0.0159799 -0.517463 -0.232104 0.823471
4525.682018 2.60024 -0.730262 1.76332 -0.0181826 -0.517519 -0.230704 0.823784
4525.718881 2.6083 -0.736068 1.78233 -0.0208136 -0.517245 -0.230572 0.82393
4525.755745 2.61205 -0.741389 1.79806 -0.0237869 -0.517312 -0.229825 0.824016
4525.792608 2.61645 -0.745747 1.81532 -0.025585 -0.518685 -0.228688 0.823416
4525.829472 2.62018 -0.753486 1.83682 -0.0272356 -0.521315 -0.227144 0.822128
4525.866335 2.62109 -0.757395 1.85291 -0.0279123 -0.522417 -0.225835 0.821766
4525.903198 2.62323 -0.763998 1.87247 -0.0291226 -0.522715 -0.225767 0.821553
4525.940062 2.62638 -0.770252 1.89236 -0.0313282 -0.521832 -0.226174 0.821922
4525.976925 2.62761 -0.772748 1.91144 -0.0329071 -0.521439 -0.226836 0.821927
4526.013789 2.62959 -0.776945 1.93308 -0.0340329 -0.521761 -0.228875 0.821111
4526.050652 2.62856 -0.783855 1.95497 -0.0360081 -0.52161 -0.230718 0.820607
4526.087516 2.62793 -0.791731 1.97896 -0.0381128 -0.520422 -0.232229 0.82084
4526.124379 2.6246 -0.806087 2.00322 -0.041217 -0.517712 -0.234212 0.82184
4526.161243 2.62144 -0.812334 2.02374 -0.0426098 -0.515752 -0.235819 0.822541
4526.198106 2.61828 -0.820979 2.04525 -0.0441364 -0.514184 -0.237014 0.823099
4526.234970 2.61746 -0.826135 2.06698 -0.0463146 -0.512873 -0.236249 0.824016
4526.271833 2.61739 -0.830412 2.08863 -0.0505947 -0.510587 -0.234758 0.825609
4526.308696 2.61646 -0.83786 2.10819 -0.0567515 -0.509429 -0.233787 0.826199
4526.345560 2.61261 -0.847942 2.1301 -0.0617158 -0.5115 -0.233148 0.824743
4526.382423 2.61121 -0.856225 2.15127 -0.0649452 -0.51458 -0.232738 0.822692
4526.419287 2.60845 -0.864963 2.17159 -0.0681497 -0.516829 -0.231451 0.821386
4526.456150 2.60899 -0.868464 2.19082 -0.071008 -0.517719 -0.229666 0.821084
4526.493014 2.60913 -0.873988 2.2095 -0.0743409 -0.516146 -0.228854 0.822005
4526.529877 2.61209 -0.878833 2.22976 -0.0769452 -0.514689 -0.228971 0.822646
4526.566740 2.61343 -0.88152 2.24643 -0.0782022 -0.512872 -0.228942 0.82367
4526.603604 2.61593 -0.886913 2.26719 -0.0785682 -0.511942 -0.229148 0.824156
4526.640467 2.61843 -0.891803 2.28576 -0.0790186 -0.510952 -0.230028 0.824482
4526.677331 2.6212 -0.898436 2.30535 -0.0800262 -0.511244 -0.232359 0.82355
4526.714195 2.62564 -0.906006 2.32643 -0.0801991 -0.51316 -0.234676 0.821683
4526.751058 2.62924 -0.913912 2.34747 -0.0795193 -0.516496 -0.236757 0.819057
4526.787921 2.63471 -0.920314 2.36717 -0.0772211 -0.519376 -0.238838 0.816849
4526.824785 2.64104 -0.929186 2.38941 -0.0749594 -0.521443 -0.240424 0.815276
4526.861648 2.6484 -0.938782 2.41128 -0.0719914 -0.522761 -0.242127 0.814194
4526.898512 2.65564 -0.94793 2.43182 -0.0689433 -0.523123 -0.244461 0.813528
4526.935375 2.66503 -0.959391 2.4549 -0.0673585 -0.522747 -0.248017 0.812826
4526.972239 2.67257 -0.969284 2.47364 -0.0654413 -0.522416 -0.251651 0.812078
4527.009102 2.68094 -0.980536 2.49736 -0.0624855 -0.523359 -0.256039 0.81033
4527.045965 2.68786 -0.990558 2.51629 -0.0610217 -0.522709 -0.259987 0.809604
4527.082829 2.69616 -1.00177 2.5379 -0.0603817 -0.521792 -0.263839 0.808997
4527.119692 2.70374 -1.01047 2.55665 -0.0584618 -0.52159 -0.266843 0.808283
4527.156556 2.71039 -1.01911 2.57461 -0.0552408 -0.521664 -0.269323 0.807639
4527.193419 2.71639 -1.02804 2.59293 -0.0524555 -0.521355 -0.269875 0.80784
4527.230283 2.72249 -1.03625 2.60988 -0.0508317 -0.519692 -0.270872 0.808681
4527.267146 2.72777 -1.04586 2.62826 -0.0503675 -0.518566 -0.271305 0.809288
4527.304010 2.73073 -1.0526 2.64466 -0.0476639 -0.518199 -0.271189 0.809725
4527.340873 2.73487 -1.06084 2.66485 -0.0452171 -0.519713 -0.27035 0.809176
4527.377736 2.73748 -1.06815 2.68193 -0.0435215 -0.520835 -0.268711 0.809093
4527.414600 2.7375 -1.07674 2.70173 -0.0419748 -0.521975 -0.26802 0.808669
4527.451463 2.73836 -1.08434 2.72215 -0.0420963 -0.521661 -0.26669 0.809305
4527.488327 2.73791 -1.09445 2.74444 -0.0445193 -0.520697 -0.266198 0.809958
4527.525190 2.73854 -1.10116 2.76568 -0.046021 -0.520191 -0.265345 0.810478
4527.562053 2.73678 -1.10722 2.78645 -0.0461709 -0.521808 -0.26511 0.809507
4527.598917 2.73606 -1.11474 2.80921 -0.0461132 -0.52528 -0.266055 0.806951
4527.635781 2.73356 -1.12235 2.83035 -0.0457259 -0.528233 -0.267599 0.804531
4527.672644 2.73345 -1.1298 2.85223 -0.0459645 -0.529302 -0.268715 0.803442
4527.709507 2.73258 -1.13727 2.87155 -0.0471714 -0.527507 -0.269455 0.804304
4527.746371 2.72632 -1.14902 2.894 -0.0483276 -0.525136 -0.272808 0.804657
4527.783234 2.72702 -1.15714 2.9145 -0.0482797 -0.521637 -0.277452 0.805347
4527.820098 2.72847 -1.16319 2.93225 -0.0463398 -0.517966 -0.283037 0.805887
4527.856961 2.72887 -1.17122 2.95297 -0.0451946 -0.515459 -0.28881 0.805511
4527.893825 2.72728 -1.17885 2.97266 -0.0457282 -0.513311 -0.292068 0.805678
4527.930688 2.72527 -1.18524 2.98987 -0.0480502 -0.512121 -0.293552 0.805761
4527.967551 2.72551 -1.18992 3.0062 -0.0509873 -0.512794 -0.294532 0.804794
4528.004415 2.72448 -1.19527 3.02503 -0.053837 -0.517357 -0.294868 0.801558
4528.041278 2.72413 -1.19947 3.04276 -0.0548019 -0.524345 -0.296668 0.796271
4528.078142 2.72422 -1.20348 3.06035 -0.0550991 -0.531535 -0.298156 0.790909
4528.115005 2.72413 -1.20848 3.07859 -0.0546968 -0.537345 -0.300664 0.786047
4528.151869 2.72436 -1.21334 3.09575 -0.0528349 -0.541124 -0.302758 0.782772
4528.188732 2.72432 -1.21946 3.1129 -0.0488026 -0.543887 -0.30639 0.779699
4528.225596 2.72626 -1.22594 3.13095 -0.0433109 -0.546878 -0.311222 0.776009
4528.262459 2.72764 -1.23355 3.14863 -0.0377125 -0.550508 -0.316309 0.771666
4528.299323 2.72902 -1.24119 3.16593 -0.0334902 -0.555353 -0.319926 0.766882
4528.336186 2.73167 -1.24913 3.1838 -0.0312132 -0.56073 -0.323808 0.761417
4528.373049 2.73558 -1.2566 3.20003 -0.0311482 -0.565141 -0.327482 0.756572
4528.409913 2.73704 -1.26573 3.21837 -0.0307695 -0.571416 -0.329604 0.750931
4528.446776 2.73709 -1.27482 3.23599 -0.0295752 -0.578781 -0.331425 0.74451
4528.483640 2.73735 -1.28365 3.25278 -0.0298508 -0.585005 -0.334492 0.738236
4528.520503 2.73864 -1.29122 3.268 -0.0323774 -0.589474 -0.337247 0.733305
4528.557367 2.73796 -1.29904 3.2825 -0.0353801 -0.5938 -0.338715 0.728987
4528.594230 2.73603 -1.30678 3.2981 -0.0371686 -0.599783 -0.339388 0.723667
4528.631093 2.7333 -1.31355 3.31198 -0.0388554 -0.60551 -0.33931 0.71883
4528.667957 2.73062 -1.32053 3.32621 -0.0413724 -0.610728 -0.33924 0.714294
4528.704820 2.72574 -1.32748 3.34046 -0.0432049 -0.616361 -0.338685 0.709595
4528.741684 2.71974 -1.33433 3.35372 -0.0446859 -0.621794 -0.337369 0.705377
4528.778548 2.71364 -1.34077 3.3668 -0.0447416 -0.627313 -0.3359 0.701176
4528.815411 2.70587 -1.34719 3.3809 -0.0432828 -0.632949 -0.333837 0.697177
4528.852274 2.69761 -1.35292 3.39255 -0.0408101 -0.637115 -0.332804 0.694018
4528.889138 2.68866 -1.35839 3.40401 -0.0387559 -0.64016 -0.332614 0.69142
4528.926001 2.67785 -1.36406 3.41733 -0.0369306 -0.643591 -0.333076 0.688104
4528.962865 2.66648 -1.36949 3.42933 -0.035088 -0.647594 -0.333986 0.683991
4528.999728 2.65337 -1.37522 3.44128 -0.0332627 -0.652658 -0.335356 0.678577
4529.036591 2.63904 -1.38199 3.4547 -0.0320872 -0.657671 -0.337468 0.672722
4529.073455 2.62763 -1.38697 3.46391 -0.0326982 -0.660498 -0.340228 0.668519
4529.110318 2.61368 -1.39438 3.47801 -0.0335956 -0.664553 -0.344512 0.662233
4529.147182 2.60179 -1.39969 3.48733 -0.0334402 -0.66799 -0.347119 0.657404
4529.184045 2.58779 -1.40711 3.50011 -0.032243 -0.672073 -0.35137 0.651012
4529.220909 2.57478 -1.41412 3.51129 -0.0308036 -0.674822 -0.356064 0.645667
4529.257772 2.56283 -1.42051 3.52153 -0.0294658 -0.676839 -0.359505 0.641698
4529.294636 2.55069 -1.42712 3.53202 -0.0280064 -0.678958 -0.360963 0.6387
4529.331499 2.5377 -1.43385 3.54354 -0.0281931 -0.680926 -0.361374 0.63636
4529.368363 2.52767 -1.43908 3.55345 -0.0301357 -0.68243 -0.361153 0.634783
4529.405226 2.5151 -1.44498 3.56667 -0.032452 -0.685751 -0.360806 0.631277
4529.442089 2.50462 -1.44934 3.57722 -0.0341611 -0.690122 -0.360524 0.626567
4529.478953 2.49455 -1.45334 3.58779 -0.0343697 -0.695659 -0.360734 0.620282
4529.515816 2.48279 -1.45795 3.59999 -0.0339089 -0.70044 -0.361663 0.614357
4529.552680 2.47288 -1.46234 3.61126 -0.0331931 -0.703597 -0.362801 0.610103
4529.589543 2.46201 -1.46723 3.62434 -0.0320741 -0.706514 -0.363614 0.606295
4529.626407 2.45263 -1.4727 3.63762 -0.029483 -0.710079 -0.364546 0.601685
4529.663270 2.4419 -1.47881 3.65157 -0.0254738 -0.715285 -0.364939 0.595431
4529.700134 2.43216 -1.48522 3.66562 -0.0225778 -0.719954 -0.365855 0.589327
4529.736997 2.42398 -1.492 3.67879 -0.0207157 -0.72404 -0.367885 0.583094
4529.773860 2.41458 -1.49893 3.69289 -0.0197745 -0.728442 -0.369488 0.576593
4529.810724 2.4061 -1.50647 3.70703 -0.0189521 -0.733263 -0.37183 0.568954
4529.847587 2.39685 -1.51388 3.71949 -0.0172659 -0.738541 -0.374725 0.560214
4529.884451 2.38808 -1.52182 3.73129 -0.0157375 -0.743122 -0.378713 0.551451
4529.921314 2.3796 -1.52976 3.74491 -0.0144729 -0.746973 -0.382622 0.543527
4529.958178 2.3717 -1.53721 3.75614 -0.0131572 -0.749483 -0.386261 0.537499
4529.995041 2.36313 -1.54457 3.76831 -0.0115728 -0.751989 -0.388225 0.532597
4530.031905 2.35463 -1.55147 3.77883 -0.0104851 -0.754283 -0.38972 0.528267
4530.068768 2.34667 -1.55837 3.7888 -0.00935982 -0.756883 -0.390947 0.523642
4530.105631 2.33779 -1.56491 3.7991 -0.00853931 -0.760324 -0.390469 0.519007
4530.142495 2.32734 -1.57123 3.80782 -0.00846273 -0.763918 -0.389261 0.51462
4530.179358 2.31699 -1.57703 3.8161 -0.00876783 -0.768173 -0.387163 0.509841
4530.216222 2.30579 -1.58302 3.824 -0.00945255 -0.772726 -0.384956 0.504593
4530.253085 2.29387 -1.58885 3.83152 -0.00918718 -0.777521 -0.382624 0.498974
4530.289949 2.27955 -1.59465 3.83942 -0.00778462 -0.781989 -0.380231 0.493819
4530.326812 2.26476 -1.60058 3.84707 -0.00554457 -0.785164 -0.377799 0.490668
4530.363676 2.24941 -1.60623 3.85504 -0.00309068 -0.786778 -0.375475 0.489888
4530.400539 2.23197 -1.61152 3.86469 -4.69248e-05 -0.787852 -0.372836 0.490186
4530.437402 2.21315 -1.61782 3.87519 0.00264874 -0.7887 -0.371405 0.489901
4530.474266 2.19334 -1.62373 3.88352 0.00633214 -0.79063 -0.369989 0.487823
4530.511129 2.17283 -1.6288 3.89108 0.0100114 -0.79351 -0.367592 0.48489
4530.547993 2.15364 -1.63278 3.89539 0.0117137 -0.795795 -0.36565 0.48257
4530.584856 2.13632 -1.63585 3.89622 0.0115309 -0.797469 -0.36438 0.480767
4530.621720 2.11615 -1.63985 3.90063 0.0109587 -0.800617 -0.362617 0.476867
4530.658583 2.09688 -1.6435 3.9026 0.0103542 -0.803612 -0.361344 0.47279
4530.695446 2.07696 -1.64761 3.90736 0.00999804 -0.805728 -0.361527 0.469043
4530.732310 2.0603 -1.65013 3.9064 0.0118657 -0.806371 -0.36338 0.466454
4530.769173 2.04253 -1.65169 3.9067 0.0151804 -0.806738 -0.364754 0.464649
4530.806037 2.02538 -1.65278 3.90783 0.0193127 -0.806487 -0.366086 0.463882
4530.842900 2.00755 -1.65387 3.91121 0.022996 -0.805556 -0.367117 0.464516
4530.879764 1.98843 -1.65471 3.9156 0.0244558 -0.804289 -0.367714 0.466163
4530.916627 1.97222 -1.6529 3.91631 0.0241582 -0.802288 -0.368972 0.468626
4530.953491 1.95505 -1.65154 3.91889 0.0227688 -0.801624 -0.371809 0.467588
4530.990354 1.93584 -1.65005 3.92316 0.0212972 -0.803322 -0.374552 0.462526
4531.027218 1.91892 -1.64717 3.92334 0.0191553 -0.805443 -0.377436 0.456548
4531.064081 1.89788 -1.64629 3.92829 0.0168075 -0.808937 -0.38054 0.447802
4531.100944 1.87916 -1.64419 3.93073 0.0147465 -0.811863 -0.382924 0.440489
4531.137808 1.85944 -1.64257 3.93436 0.0142664 -0.814473 -0.384958 0.433863
4531.174671 1.83966 -1.64134 3.938 0.0138221 -0.816263 -0.386998 0.428669
4531.211535 1.81939 -1.64102 3.94322 0.012937 -0.817334 -0.389439 0.424422
4531.248398 1.80029 -1.64018 3.9475 0.0118888 -0.81809 -0.391609 0.420986
4531.285262 1.77994 -1.64013 3.95347 0.0110985 -0.819801 -0.393142 0.416223
4531.322125 1.75895 -1.64079 3.95873 0.0118421 -0.822408 -0.394265 0.409951
4531.358989 1.73812 -1.64138 3.96376 0.0133474 -0.825169 -0.395493 0.403116
4531.395852 1.71811 -1.64262 3.96807 0.0148675 -0.826992 -0.397622 0.39719
4531.432716 1.69768 -1.64447 3.97189 0.0167029 -0.828174 -0.400231 0.392001
4531.469579 1.67658 -1.64688 3.97528 0.0192899 -0.829126 -0.403011 0.386989
4531.506442 1.6567 -1.64862 3.97708 0.0210414 -0.829864 -0.405261 0.382945
4531.543306 1.63811 -1.64941 3.97649 0.0215669 -0.830458 -0.407559 0.379172
4531.580169 1.61853 -1.65002 3.97654 0.0211795 -0.832177 -0.409594 0.373184
4531.617033 1.59925 -1.64982 3.97602 0.0205763 -0.834785 -0.411513 0.365195
4531.653896 1.57895 -1.64905 3.97522 0.0188189 -0.837663 -0.413206 0.35669
4531.690760 1.56052 -1.64642 3.97389 0.0158536 -0.839959 -0.414389 0.349998
4531.727623 1.54183 -1.64301 3.97167 0.0124274 -0.841351 -0.415928 0.344932
4531.764487 1.52233 -1.63932 3.96955 0.00996119 -0.842469 -0.417902 0.33986
4531.801350 1.50268 -1.63511 3.96585 0.00752568 -0.842942 -0.420399 0.335644
4531.838213 1.48215 -1.63048 3.96238 0.00605033 -0.843482 -0.422659 0.331453
4531.875077 1.46139 -1.62509 3.95791 0.00516655 -0.843899 -0.424525 0.328004
4531.911940 1.44056 -1.61953 3.9533 0.00411555 -0.844076 -0.426687 0.32474
4531.948804 1.41913 -1.61343 3.94804 0.00357677 -0.844862 -0.42853 0.320245
4531.985667 1.39867 -1.60746 3.9416 0.00270492 -0.845672 -0.430549 0.315373
4532.022531 1.37827 -1.60113 3.93463 0.00179351 -0.847283 -0.431127 0.310221
4532.059394 1.35794 -1.59599 3.92823 -0.000189958 -0.848417 -0.431605 0.30644
4532.096258 1.33775 -1.59188 3.92055 -0.00265313 -0.848224 -0.433181 0.304734
4532.133121 1.31966 -1.58868 3.91226 -0.00452753 -0.846953 -0.436621 0.303335
4532.169984 1.3019 -1.58447 3.90626 -0.0052526 -0.846791 -0.43926 0.299947
4532.206848 1.28405 -1.58149 3.89879 -0.00413621 -0.847677 -0.440871 0.295059
4532.243711 1.26632 -1.57822 3.89207 -0.00200523 -0.849502 -0.44057 0.290242
4532.280575 1.24903 -1.57581 3.88636 0.000411526 -0.850526 -0.440769 0.28693
4532.317438 1.23206 -1.57327 3.88138 0.00250867 -0.850143 -0.442033 0.286107
4532.354301 1.2161 -1.57048 3.8767 0.00429294 -0.848932 -0.44369 0.287117
4532.391165 1.19808 -1.56902 3.8724 0.00545345 -0.848095 -0.445461 0.286827
4532.428029 1.17965 -1.56644 3.86938 0.00552347 -0.848362 -0.446379 0.2846
4532.464892 1.16144 -1.56401 3.86628 0.00514011 -0.849036 -0.447627 0.28061
4532.501755 1.1428 -1.56153 3.86182 0.00345148 -0.849824 -0.449099 0.275857
4532.538619 1.12289 -1.55889 3.85707 0.00213109 -0.851383 -0.450233 0.269134
4532.575482 1.10241 -1.55585 3.85223 0.00036616 -0.853502 -0.450153 0.262481
4532.612346 1.08311 -1.55431 3.84802 -0.000875345 -0.855577 -0.449643 0.256532
4532.649209 1.0632 -1.55448 3.84601 -0.00148462 -0.858051 -0.448473 0.250237
4532.686073 1.04194 -1.55517 3.84146 -0.00114492 -0.860378 -0.447542 0.243832
4532.722936 1.02063 -1.55672 3.8385 -0.0010704 -0.862021 -0.447683 0.237694
4532.759799 1.00027 -1.55942 3.83793 -0.00202878 -0.863199 -0.448559 0.231685
4532.796663 0.980484 -1.56223 3.83709 -0.00213044 -0.865286 -0.44839 0.224103
4532.833526 0.960875 -1.56346 3.83519 -0.00164315 -0.868162 -0.446703 0.216215
4532.870390 0.942029 -1.56439 3.83248 -0.00105723 -0.869845 -0.4462 0.210415
4532.907253 0.923917 -1.56585 3.83108 -0.000769874 -0.870467 -0.446925 0.206263
4532.944117 0.908184 -1.56687 3.82801 0.000743995 -0.870662 -0.447868 0.203376
4532.980980 0.894282 -1.56773 3.82458 0.00385418 -0.871426 -0.447833 0.200119
4533.017844 0.876526 -1.56797 3.82102 0.00711249 -0.872661 -0.447769 0.194715
4533.054707 0.86298 -1.56807 3.81816 0.00883268 -0.873523 -0.447226 0.192011
4533.091571 0.850172 -1.56819 3.81403 0.0100471 -0.873858 -0.44722 0.190437
4533.128434 0.836983 -1.56737 3.80844 0.0104291 -0.874144 -0.447118 0.18934
4533.165297 0.822644 -1.56666 3.80246 0.0109714 -0.874703 -0.446813 0.187436
4533.202161 0.808983 -1.5642 3.79612 0.0111523 -0.875581 -0.445775 0.185787
4533.239024 0.798386 -1.56226 3.78903 0.0109704 -0.876085 -0.444811 0.185737
4533.275888 0.783985 -1.55993 3.7809 0.0111974 -0.876855 -0.443781 0.184547
4533.312751 0.772083 -1.55695 3.77132 0.0129554 -0.877017 -0.442887 0.185807
4533.349615 0.761442 -1.55477 3.76207 0.0159113 -0.876876 -0.441897 0.188579
4533.386478 0.750112 -1.55212 3.753 0.0195269 -0.876613 -0.441124 0.191252
4533.423341 0.73989 -1.54898 3.74262 0.0242557 -0.876199 -0.440665 0.193653
4533.460205 0.731592 -1.54577 3.73274 0.0296285 -0.875642 -0.440573 0.195623
4533.497068 0.722843 -1.54208 3.72282 0.0348563 -0.875049 -0.440564 0.197428
4533.533932 0.714922 -1.538 3.7131 0.0396129 -0.874305 -0.440465 0.20003
4533.570796 0.707272 -1.53408 3.70259 0.0455438 -0.873285 -0.440919 0.202211
4533.607659 0.699778 -1.53048 3.69236 0.0516308 -0.872394 -0.440835 0.204763
4533.644522 0.69222 -1.52569 3.68218 0.0569853 -0.871718 -0.43994 0.208119
4533.681386 0.68591 -1.52104 3.67273 0.0608483 -0.870536 -0.439714 0.212406
4533.718249 0.678359 -1.51593 3.66211 0.0641786 -0.869915 -0.439188 0.215043
4533.755113 0.671043 -1.51108 3.65154 0.0656052 -0.869349 -0.439444 0.216376
4533.791976 0.666347 -1.50483 3.64131 0.0644633 -0.868358 -0.441333 0.216849
4533.828840 0.661731 -1.49865 3.62867 0.0599275 -0.866851 -0.445265 0.216142
4533.865703 0.656648 -1.49096 3.61739 0.054001 -0.865639 -0.450174 0.21236
4533.902566 0.653102 -1.48238 3.60687 0.0475763 -0.864903 -0.454626 0.207351
4533.939430 0.64806 -1.47313 3.59472 0.04268 -0.865615 -0.456613 0.200979
4533.976293 0.644181 -1.46422 3.58316 0.0410914 -0.866708 -0.45685 0.196002
4534.013157 0.639746 -1.45341 3.5722 0.0418606 -0.867503 -0.456526 0.193054
4534.050020 0.637217 -1.44423 3.5611 0.043678 -0.865987 -0.458831 0.193993
4534.086884 0.636055 -1.43469 3.55129 0.0455479 -0.863158 -0.462423 0.197609
4534.123747 0.633645 -1.42469 3.5413 0.0473026 -0.860101 -0.46663 0.200611
4534.160611 0.632702 -1.41469 3.53217 0.0480512 -0.856924 -0.471388 0.202892
4534.197474 0.632396 -1.40459 3.52385 0.0473993 -0.854257 -0.475983 0.203566
4534.234337 0.632798 -1.39417 3.51638 0.0455122 -0.852195 -0.480247 0.202622
4534.271201 0.63466 -1.38455 3.50941 0.0429215 -0.849832 -0.485179 0.201358
4534.308064 0.635045 -1.37405 3.50308 0.039211 -0.848446 -0.489091 0.198474
4534.344928 0.638577 -1.36532 3.49795 0.0352141 -0.845983 -0.494119 0.197277
4534.381791 0.640642 -1.3573 3.49362 0.0316105 -0.843528 -0.498965 0.196203
4534.418654 0.644527 -1.34986 3.49093 0.0282511 -0.841305 -0.50259 0.197005
4534.455518 0.648952 -1.3439 3.48838 0.0253883 -0.838387 -0.506232 0.200477
4534.492382 0.654323 -1.33878 3.48753 0.0226532 -0.835536 -0.509056 0.205498
4534.529245 0.660496 -1.33454 3.48777 0.0212844 -0.832706 -0.511362 0.211321
4534.566108 0.667023 -1.33075 3.48819 0.0213818 -0.83014 -0.513053 0.217227
4534.602972 0.676239 -1.32784 3.49001 0.0213506 -0.826761 -0.515175 0.224956
4534.639835 0.686397 -1.32453 3.4922 0.0220322 -0.823547 -0.517063 0.232233
4534.676699 0.696457 -1.32217 3.49474 0.0217725 -0.819816 -0.519921 0.238977
4534.713562 0.709458 -1.32018 3.49803 0.0211398 -0.816288 -0.522706 0.244961
4534.750426 0.722809 -1.31855 3.50092 0.0205857 -0.813938 -0.524667 0.248607
4534.787289 0.737088 -1.31828 3.50346 0.019855 -0.812566 -0.525516 0.251349
4534.824153 0.752657 -1.31948 3.50588 0.0191078 -0.811708 -0.525588 0.254013
4534.861016 0.766765 -1.32218 3.50797 0.0175697 -0.81166 -0.524296 0.25693
4534.897879 0.781998 -1.32696 3.51024 0.0154528 -0.811329 -0.522516 0.261693
4534.934743 0.797552 -1.3332 3.51281 0.0135784 -0.810921 -0.520391 0.267236
4534.971606 0.813004 -1.34002 3.51559 0.0113303 -0.81043 -0.517779 0.273827
4535.008470 0.827995 -1.34779 3.5187 0.00794117 -0.809544 -0.515386 0.280986
4535.045333 0.843311 -1.35468 3.52163 0.00443404 -0.808972 -0.512923 0.287151
4535.082197 0.858699 -1.36163 3.52409 0.00138613 -0.8092 -0.510716 0.290454
4535.119060 0.872458 -1.36834 3.52564 -0.000170234 -0.811524 -0.507151 0.290216
4535.155924 0.887025 -1.3746 3.52654 -0.000158594 -0.813816 -0.503489 0.290177
4535.192787 0.900963 -1.38044 3.52667 -8.60026e-05 -0.814601 -0.501293 0.291771
4535.229650 0.915567 -1.38642 3.52642 0.000570921 -0.813648 -0.501305 0.294399
4535.266514 0.928902 -1.39079 3.52493 0.00204623 -0.812887 -0.501445 0.296248
4535.303377 0.943386 -1.39509 3.52408 0.00364798 -0.812182 -0.501634 0.297844
4535.340241 0.957879 -1.39848 3.52369 0.00501835 -0.812166 -0.500664 0.299494
4535.377104 0.971792 -1.40059 3.52218 0.00556494 -0.812056 -0.498956 0.302617
4535.413968 0.986261 -1.40204 3.52164 0.0052775 -0.811698 -0.496851 0.307015
4535.450831 1.00095 -1.40319 3.52111 0.00515036 -0.811371 -0.494727 0.311282
4535.487694 1.0167 -1.40341 3.52033 0.00384463 -0.810748 -0.492568 0.316305
4535.524558 1.03275 -1.40305 3.51855 0.00255536 -0.810527 -0.490067 0.320739
4535.561421 1.04944 -1.40275 3.51632 0.00130983 -0.810663 -0.487507 0.324283
4535.598285 1.06715 -1.4027 3.51428 0.00104472 -0.811084 -0.484845 0.32721
4535.635149 1.08493 -1.40319 3.51082 0.00163469 -0.811699 -0.482012 0.329859
4535.672012 1.10314 -1.40329 3.50744 0.00277358 -0.8122 -0.478714 0.3334
4535.708875 1.12222 -1.40511 3.50486 0.00386434 -0.81101 -0.477569 0.337898
4535.745739 1.14126 -1.40663 3.50146 0.00535602 -0.809853 -0.476053 0.342759
4535.782602 1.16049 -1.40934 3.49802 0.00612837 -0.808576 -0.474675 0.347637
4535.819466 1.18031 -1.41238 3.49425 0.00670004 -0.808011 -0.472604 0.351737
4535.856329 1.19912 -1.41622 3.48929 0.00773228 -0.809291 -0.469285 0.353213
4535.893193 1.218 -1.4199 3.48384 0.00887165 -0.81162 -0.464393 0.354307
4535.930056 1.23697 -1.4237 3.47826 0.0101014 -0.813708 -0.459694 0.355611
4535.966919 1.25641 -1.42754 3.47343 0.0119479 -0.815494 -0.45533 0.357074
4536.003783 1.27463 -1.43176 3.46854 0.0144846 -0.816654 -0.451961 0.358606
4536.040646 1.29319 -1.43517 3.46467 0.0169107 -0.817233 -0.448361 0.361685
4536.077510 1.31244 -1.43748 3.46117 0.019601 -0.816886 -0.44485 0.366636
4536.114373 1.32999 -1.44091 3.45814 0.0221885 -0.816562 -0.441768 0.370912
4536.151237 1.3488 -1.44284 3.45561 0.0246863 -0.81605 -0.438351 0.375901
4536.188100 1.36808 -1.44473 3.45484 0.0258367 -0.814815 -0.435471 0.381804
4536.224964 1.38778 -1.44554 3.45404 0.0267593 -0.813668 -0.431927 0.388159
4536.261827 1.40721 -1.44652 3.45382 0.0268854 -0.812839 -0.427599 0.394625
4536.298690 1.42919 -1.44628 3.45399 0.0258795 -0.81167 -0.423547 0.40141
4536.335554 1.45033 -1.44804 3.45403 0.0234079 -0.810865 -0.419766 0.40712
4536.372417 1.47342 -1.44919 3.45454 0.0199683 -0.810835 -0.415576 0.411636
4536.409281 1.49732 -1.45051 3.45461 0.0159502 -0.811051 -0.411201 0.41576
4536.446144 1.52148 -1.45255 3.45429 0.0110974 -0.810884 -0.407675 0.419696
4536.483008 1.54643 -1.45502 3.45553 0.00645181 -0.81074 -0.404163 0.423452
4536.519871 1.57252 -1.4573 3.45644 0.000518449 -0.809298 -0.401043 0.429187
4536.556735 1.59803 -1.46064 3.45762 -0.00527101 -0.80667 -0.399123 0.435839
4536.593598 1.62333 -1.46434 3.45848 -0.00905588 -0.803631 -0.397089 0.443187
4536.630461 1.64916 -1.46909 3.45971 -0.0102833 -0.799744 -0.396038 0.451063
4536.667325 1.67363 -1.47394 3.45919 -0.00932961 -0.795252 -0.395756 0.459199
4536.704188 1.69792 -1.47754 3.4583 -0.00685506 -0.790829 -0.39574 0.466832
4536.741052 1.72231 -1.47949 3.45552 -0.00331999 -0.787099 -0.395352 0.473456
4536.777915 1.74533 -1.48071 3.45147 0.00073343 -0.784778 -0.394584 0.47794
4536.814779 1.76618 -1.48218 3.44692 0.00445481 -0.783175 -0.394176 0.480877
4536.851642 1.78781 -1.48267 3.44261 0.00800135 -0.781636 -0.394677 0.482919
4536.888506 1.80946 -1.48124 3.43695 0.0102312 -0.779906 -0.394862 0.485516
4536.925369 1.82927 -1.47986 3.43334 0.0111204 -0.778269 -0.394741 0.488214
4536.962232 1.85033 -1.47568 3.42659 0.0106715 -0.776681 -0.393002 0.49214
4536.999096 1.86941 -1.47181 3.42028 0.0103001 -0.776699 -0.390087 0.494433
4537.035959 1.88931 -1.4671 3.41424 0.00924315 -0.776942 -0.386876 0.496591
4537.072823 1.90811 -1.46213 3.40818 0.00851445 -0.777191 -0.384267 0.498237
4537.109686 1.92894 -1.45553 3.39827 0.00725587 -0.776309 -0.381602 0.501669
4537.146550 1.94875 -1.45014 3.39269 0.00620985 -0.775209 -0.379105 0.505265
4537.183413 1.96778 -1.44427 3.38329 0.00522811 -0.772982 -0.376137 0.510873
4537.220277 1.98719 -1.43922 3.37483 0.00448306 -0.770714 -0.373698 0.516071
4537.257140 2.00695 -1.43383 3.36512 0.00422947 -0.768249 -0.371944 0.520992
4537.294003 2.02709 -1.42858 3.35378 0.00352888 -0.765629 -0.370977 0.525524
4537.330867 2.04644 -1.42422 3.345 0.00232348 -0.762857 -0.371322 0.529306
4537.367730 2.06791 -1.41964 3.33509 0.000309741 -0.759513 -0.372805 0.533064
4537.404594 2.08649 -1.41454 3.32459 -0.000724118 -0.758313 -0.372296 0.535123
4537.441457 2.10524 -1.41059 3.31516 -0.000877397 -0.758783 -0.370812 0.535486
4537.478321 2.12422 -1.40539 3.30228 -0.00087249 -0.758525 -0.370169 0.536297
4537.515184 2.14322 -1.40201 3.29385 -0.00159689 -0.757446 -0.371344 0.537008
4537.552047 2.16276 -1.39774 3.28499 -0.00230463 -0.755721 -0.37158 0.539267
4537.588911 2.18027 -1.39383 3.27591 -0.00205835 -0.755064 -0.369653 0.541507
4537.625774 2.1988 -1.38879 3.26646 -0.000943278 -0.753906 -0.366912 0.544978
4537.662638 2.21961 -1.3847 3.25895 -0.000730168 -0.751305 -0.365181 0.549712
4537.699501 2.23794 -1.38062 3.25122 -0.000265266 -0.748834 -0.362862 0.554598
4537.736365 2.25771 -1.37651 3.24433 0.000968569 -0.746597 -0.360385 0.559208
4537.773228 2.27978 -1.37181 3.23688 0.00128898 -0.743934 -0.35776 0.564419
4537.810092 2.30088 -1.36756 3.22823 0.000744734 -0.740993 -0.354677 0.570205
4537.846955 2.32163 -1.36328 3.21948 -5.11759e-05 -0.738566 -0.351324 0.575406
4537.883819 2.34457 -1.36067 3.21344 -0.000999188 -0.736828 -0.348042 0.579613
4537.920682 2.36654 -1.35665 3.20284 -0.0025236 -0.734253 -0.344914 0.584722
4537.957545 2.38899 -1.35431 3.19462 -0.00378538 -0.731749 -0.342449 0.589286
4537.994409 2.41118 -1.35083 3.18536 -0.00605552 -0.727587 -0.340811 0.595339
4538.031272 2.4358 -1.34793 3.17522 -0.0106851 -0.721109 -0.340563 0.603245
4538.068136 2.45711 -1.3463 3.16911 -0.014859 -0.715417 -0.340125 0.610141
4538.104999 2.48057 -1.34409 3.16132 -0.0176337 -0.709932 -0.33987 0.616583
4538.141863 2.50087 -1.34151 3.15253 -0.0175524 -0.705862 -0.339633 0.62137
4538.178726 2.51911 -1.33819 3.14331 -0.0163093 -0.701808 -0.338154 0.626779
4538.215590 2.53898 -1.33467 3.13204 -0.0165682 -0.695949 -0.33731 0.633721
4538.252453 2.55695 -1.33066 3.12178 -0.0160574 -0.69087 -0.336998 0.639432
4538.289317 2.57291 -1.3268 3.1115 -0.0147867 -0.686805 -0.337952 0.643327
4538.326180 2.58934 -1.32202 3.10013 -0.0138798 -0.682893 -0.33933 0.646776
4538.363043 2.60398 -1.31674 3.09147 -0.0138462 -0.680095 -0.338071 0.650375
4538.399907 2.61744 -1.31047 3.08199 -0.0137715 -0.677538 -0.33551 0.654359
4538.436770 2.63127 -1.30372 3.07288 -0.0134216 -0.675427 -0.332719 0.657964
4538.473634 2.64343 -1.29614 3.06186 -0.0128089 -0.673252 -0.329498 0.661815
4538.510497 2.65584 -1.28827 3.05181 -0.0118256 -0.671557 -0.326361 0.665101
4538.547361 2.66825 -1.27872 3.04006 -0.0102355 -0.669201 -0.322815 0.66922
4538.584224 2.67853 -1.27053 3.02987 -0.00895197 -0.666255 -0.319743 0.673638
4538.621088 2.6888 -1.26151 3.01719 -0.00763205 -0.661648 -0.316116 0.679878
4538.657951 2.69893 -1.25196 3.00365 -0.0058241 -0.657093 -0.311043 0.68662
4538.694814 2.70832 -1.24322 2.98994 -0.00398944 -0.653361 -0.30522 0.692779
4538.731678 2.71722 -1.23458 2.97496 -0.00233912 -0.650208 -0.300088 0.697976
4538.768541 2.72575 -1.22586 2.95919 -0.0023405 -0.646375 -0.296805 0.702923
4538.805405 2.73368 -1.21893 2.94504 -0.00472075 -0.641898 -0.296078 0.707306
4538.842268 2.74257 -1.21134 2.93003 -0.00903254 -0.636664 -0.295434 0.712247
4538.879132 2.75025 -1.2035 2.91531 -0.011466 -0.633812 -0.293819 0.715417
4538.915995 2.75779 -1.19587 2.89871 -0.0118478 -0.633297 -0.289083 0.717792
4538.952859 2.7639 -1.18953 2.88234 -0.010731 -0.633576 -0.284375 0.719442
4538.989722 2.77065 -1.18456 2.86614 -0.0109457 -0.6318 -0.281091 0.722286
4539.026585 2.77907 -1.17816 2.84705 -0.0113747 -0.628319 -0.279227 0.72603
4539.063449 2.78566 -1.17388 2.82911 -0.0110741 -0.626049 -0.277058 0.728821
4539.100312 2.79254 -1.16895 2.81077 -0.00983197 -0.624371 -0.275839 0.730738
4539.137176 2.79935 -1.16387 2.79261 -0.00976492 -0.623774 -0.27625 0.731093
4539.174039 2.80549 -1.15716 2.77326 -0.0120008 -0.623265 -0.275554 0.731756
4539.210903 2.81402 -1.14764 2.75354 -0.0152803 -0.623694 -0.273948 0.731932
4539.247766 2.82072 -1.13757 2.73215 -0.019487 -0.625362 -0.272395 0.730988
4539.284630 2.82874 -1.12586 2.71019 -0.0229473 -0.627657 -0.270069 0.729783
4539.321493 2.83619 -1.11459 2.68874 -0.0255411 -0.629911 -0.268551 0.728313
4539.358356 2.84415 -1.10424 2.66715 -0.0284119 -0.630441 -0.26763 0.728087
4539.395220 2.85367 -1.09387 2.6439 -0.0311855 -0.628726 -0.267782 0.7294
4539.432083 2.86401 -1.0833 2.62006 -0.0312184 -0.626542 -0.268543 0.730996
4539.468947 2.87383 -1.07436 2.59576 -0.0293576 -0.623698 -0.268478 0.733524
4539.505810 2.88311 -1.06554 2.56978 -0.0283962 -0.618713 -0.268071 0.73792
4539.542674 2.8917 -1.05904 2.54524 -0.030407 -0.613294 -0.268644 0.742143
4539.579537 2.90414 -1.05097 2.52012 -0.0338834 -0.609498 -0.268953 0.745002
4539.616400 2.91304 -1.0438 2.49617 -0.0340693 -0.609873 -0.269212 0.744594
4539.653264 2.91775 -1.03842 2.47203 -0.0328485 -0.613356 -0.268608 0.742001
4539.690127 2.92349 -1.03101 2.44841 -0.0318435 -0.61736 -0.266778 0.73938
4539.726991 2.92772 -1.02363 2.42396 -0.0311619 -0.619881 -0.265023 0.737929
4539.763854 2.92985 -1.01769 2.40075 -0.031638 -0.620665 -0.264457 0.737453
4539.800718 2.93606 -1.01069 2.37831 -0.0335235 -0.619437 -0.264779 0.738286
4539.837581 2.93848 -1.00502 2.35841 -0.0351148 -0.619525 -0.266018 0.737693
4539.874445 2.94073 -0.998678 2.33956 -0.0351648 -0.620828 -0.265875 0.736645
4539.911308 2.93991 -0.992539 2.3193 -0.0351305 -0.622153 -0.263862 0.736253
4539.948172 2.9387 -0.983756 2.30027 -0.0340597 -0.623351 -0.261977 0.735963
4539.985035 2.937 -0.975729 2.27956 -0.0333072 -0.623267 -0.260117 0.736728
4540.021898 2.93569 -0.967454 2.26223 -0.0319533 -0.622742 -0.257555 0.738131
4540.058762 2.93295 -0.956961 2.24067 -0.0299598 -0.621339 -0.254905 0.740313
4540.095625 2.92829 -0.948805 2.22155 -0.0284347 -0.61979 -0.252073 0.742638
4540.132489 2.92308 -0.94088 2.20157 -0.0272024 -0.618169 -0.250023 0.744725
4540.169352 2.92 -0.929279 2.18251 -0.0240215 -0.616921 -0.247613 0.746673
4540.206216 2.91339 -0.923108 2.16165 -0.0226594 -0.615588 -0.24542 0.748536
4540.243079 2.90718 -0.91327 2.14131 -0.0211288 -0.613955 -0.242668 0.750816
4540.279942 2.89977 -0.905694 2.12015 -0.0221113 -0.611698 -0.239499 0.753643
4540.316806 2.89218 -0.897798 2.0967 -0.0243484 -0.608312 -0.236722 0.757183
4540.353670 2.8872 -0.890559 2.07849 -0.0254905 -0.606718 -0.234217 0.759201
4540.390533 2.8806 -0.884706 2.0591 -0.0266602 -0.606686 -0.230853 0.760216
4540.427397 2.87203 -0.877191 2.03729 -0.027827 -0.607824 -0.227259 0.760348
4540.464260 2.86717 -0.865989 2.01556 -0.0291429 -0.610049 -0.224921 0.759211
4540.501123 2.86046 -0.864262 1.99807 -0.0321528 -0.613168 -0.222887 0.757174
4540.537987 2.84968 -0.853272 1.97166 -0.0322573 -0.616956 -0.220102 0.754903
4540.574850 2.84576 -0.843251 1.95357 -0.0306767 -0.620769 -0.217843 0.752495
4540.611714 2.84016 -0.836646 1.93243 -0.0305778 -0.621695 -0.217471 0.751842
4540.648577 2.83582 -0.82633 1.91322 -0.0310961 -0.620492 -0.217211 0.752889
4540.685441 2.83169 -0.818215 1.89033 -0.0325432 -0.617041 -0.218234 0.755364
4540.722304 2.82551 -0.809416 1.86866 -0.0332371 -0.614492 -0.218791 0.757249
4540.759167 2.82488 -0.793397 1.84778 -0.0304094 -0.613281 -0.218297 0.75849
4540.796031 2.81756 -0.786928 1.82454 -0.0291144 -0.612043 -0.217598 0.759741
4540.832894 2.8148 -0.774063 1.80215 -0.0266423 -0.610187 -0.215727 0.761856
4540.869758 2.81416 -0.762596 1.78002 -0.0250598 -0.608328 -0.213805 0.763935
4540.906621 2.8109 -0.75417 1.75412 -0.0245566 -0.606371 -0.211865 0.766045
4540.943485 2.80937 -0.743132 1.73339 -0.0237549 -0.604833 -0.208216 0.768283
4540.980348 2.80739 -0.733801 1.70939 -0.0259596 -0.601913 -0.205341 0.771273
4541.017212 2.80776 -0.72916 1.68969 -0.0301706 -0.597722 -0.203834 0.774771
4541.054075 2.80839 -0.717187 1.66566 -0.0339194 -0.592457 -0.19982 0.77969
4541.090938 2.80897 -0.710775 1.64351 -0.0365534 -0.5879 -0.197471 0.783609
4541.127802 2.80784 -0.706052 1.62525 -0.0360167 -0.583058 -0.194625 0.787951
4541.164665 2.8073 -0.695553 1.60725 -0.0331951 -0.57756 -0.190916 0.793016
4541.201529 2.80115 -0.694752 1.58929 -0.0313467 -0.570877 -0.188074 0.79859
4541.238392 2.80164 -0.683973 1.5727 -0.027959 -0.564068 -0.185843 0.804057
4541.275256 2.80158 -0.679929 1.55981 -0.0249852 -0.557151 -0.187047 0.808685
4541.312119 2.79892 -0.67664 1.54373 -0.022609 -0.550896 -0.189256 0.812517
4541.348983 2.79332 -0.672362 1.52895 -0.0187871 -0.545603 -0.191053 0.81576
4541.385846 2.78856 -0.669087 1.51586 -0.0154419 -0.541865 -0.191981 0.8181
4541.422709 2.77974 -0.660985 1.49651 -0.0129629 -0.537669 -0.191435 0.821034
4541.459573 2.77203 -0.656508 1.48516 -0.0114732 -0.536147 -0.189153 0.822579
4541.496436 2.75793 -0.643918 1.46162 -0.00868681 -0.534466 -0.186055 0.824411
4541.533300 2.74755 -0.637209 1.44942 -0.00668537 -0.53517 -0.183329 0.824584
4541.570163 2.73296 -0.632239 1.43267 -0.00530725 -0.534631 -0.180911 0.825478
4541.607027 2.72069 -0.620006 1.41501 -0.00383736 -0.533434 -0.177503 0.826998
4541.643890 2.70682 -0.60918 1.39728 -0.00245573 -0.532251 -0.174189 0.828469
4541.680754 2.69119 -0.60232 1.38112 -0.00108927 -0.530486 -0.171485 0.830167
4541.717617 2.67845 -0.593722 1.36739 0.00223152 -0.529951 -0.169028 0.831009
4541.754480 2.65899 -0.597205 1.34894 0.00362218 -0.528856 -0.167944 0.831921
4541.791344 2.64426 -0.587439 1.33434 0.00699107 -0.527698 -0.165515 0.833121
4541.828207 2.62562 -0.583969 1.31327 0.00661625 -0.525001 -0.163721 0.83518
4541.865071 2.60895 -0.582744 1.29787 0.00551703 -0.523353 -0.162607 0.836439
4541.901934 2.59319 -0.576599 1.28035 0.00626041 -0.524033 -0.160026 0.836506
4541.938798 2.57342 -0.571162 1.26375 0.00760546 -0.525446 -0.157044 0.836173
4541.975661 2.55613 -0.567028 1.24705 0.00722264 -0.526661 -0.154626 0.835863
4542.012525 2.53726 -0.563117 1.22818 0.00572989 -0.527403 -0.153559 0.835603
4542.049388 2.52157 -0.557743 1.21618 0.00521749 -0.52836 -0.151414 0.835394
4542.086251 2.50683 -0.550007 1.20234 0.00700883 -0.52814 -0.151625 0.835481
4542.123115 2.49372 -0.541437 1.18974 0.00937069 -0.526335 -0.151921 0.836542
4542.159978 2.47419 -0.542996 1.17234 0.00978043 -0.52125 -0.154286 0.839285
4542.196842 2.46065 -0.533858 1.15571 0.0116152 -0.51543 -0.156385 0.842461
4542.233705 2.44328 -0.532516 1.13942 0.012593 -0.510052 -0.158803 0.845263
4542.270569 2.42573 -0.529827 1.12332 0.0139165 -0.5062 -0.160297 0.847274
4542.307432 2.41356 -0.517356 1.11225 0.0158879 -0.504452 -0.158816 0.848559
4542.344295 2.39588 -0.510441 1.09468 0.0156708 -0.503021 -0.156385 0.849863
4542.381159 2.37953 -0.501702 1.0777 0.0151346 -0.502204 -0.153606 0.850863
4542.418023 2.36456 -0.491614 1.06079 0.0148921 -0.501963 -0.15127 0.851427
4542.454886 2.34815 -0.486238 1.04279 0.0139729 -0.501065 -0.148063 0.852535
4542.491750 2.33613 -0.473083 1.02565 0.014733 -0.49818 -0.146016 0.854563
4542.528613 2.32419 -0.473646 1.01281 0.0129459 -0.493071 -0.14495 0.857732
4542.565476 2.31112 -0.46434 0.994931 0.0127661 -0.486224 -0.14186 0.862148
4542.602340 2.29894 -0.464185 0.97848 0.0112765 -0.478062 -0.139672 0.867076
4542.639203 2.28736 -0.460032 0.962818 0.0121815 -0.471207 -0.137527 0.87115
4542.676067 2.27763 -0.456495 0.950635 0.0140775 -0.465692 -0.136175 0.874293
4542.712930 2.26185 -0.454756 0.932224 0.0149631 -0.459262 -0.13373 0.878049
4542.749794 2.25085 -0.451636 0.920771 0.0165866 -0.454839 -0.132054 0.880573
4542.786657 2.2337 -0.449881 0.903652 0.0166853 -0.449264 -0.130314 0.883687
4542.823520 2.22505 -0.439618 0.891788 0.0177876 -0.446271 -0.12875 0.885409
4542.860384 2.20938 -0.441485 0.880358 0.0174023 -0.444602 -0.127224 0.886476
4542.897247 2.1917 -0.43695 0.868329 0.0190404 -0.443179 -0.123798 0.88764
4542.934111 2.17626 -0.428282 0.860922 0.0213155 -0.443838 -0.119485 0.887849
4542.970974 2.15764 -0.423436 0.851955 0.0226708 -0.443841 -0.117167 0.888123
4543.007838 2.13827 -0.417663 0.840782 0.0245949 -0.443231 -0.116609 0.88845
4543.044701 2.11662 -0.418684 0.832679 0.0254676 -0.442291 -0.115845 0.888994
4543.081565 2.09143 -0.412093 0.819235 0.0268691 -0.439832 -0.114573 0.890336
4543.118428 2.06918 -0.40771 0.813219 0.0278597 -0.437508 -0.113379 0.891603
4543.155291 2.04538 -0.400143 0.805722 0.0286757 -0.435582 -0.112186 0.89267
4543.192155 2.02062 -0.396651 0.79983 0.0299756 -0.436056 -0.110884 0.892559
4543.229018 1.99116 -0.402166 0.789905 0.0307557 -0.436892 -0.109949 0.892239
4543.265882 1.96763 -0.389276 0.783063 0.0335133 -0.438258 -0.108031 0.891704
4543.302745 1.94404 -0.380983 0.777697 0.0333032 -0.438629 -0.105979 0.891776
4543.339609 1.91663 -0.38447 0.770032 0.0297169 -0.437643 -0.104228 0.892593
4543.376472 1.8884 -0.387596 0.763398 0.0274346 -0.436153 -0.102626 0.89358
4543.413336 1.86509 -0.383343 0.760846 0.0260591 -0.435901 -0.100041 0.894037
4543.450199 1.84619 -0.374772 0.755852 0.0234773 -0.436414 -0.0998297 0.893882
4543.487062 1.82454 -0.370061 0.749075 0.0189997 -0.437379 -0.100921 0.893394
4543.523926 1.80173 -0.373182 0.743556 0.0140901 -0.439416 -0.104013 0.89213
4543.560789 1.77546 -0.376506 0.737275 0.0102504 -0.44063 -0.106474 0.891293
4543.597653 1.75553 -0.372954 0.733622 0.00759906 -0.441174 -0.107746 0.890898
4543.634516 1.7379 -0.364959 0.727327 0.00647273 -0.439961 -0.109001 0.891353
4543.671380 1.71933 -0.36529 0.721784 0.00478511 -0.436416 -0.109956 0.892988
4543.708243 1.70351 -0.36066 0.715422 0.00419902 -0.431376 -0.10946 0.895497
4543.745107 1.68773 -0.353072 0.705839 0.0044882 -0.425342 -0.10827 0.898522
4543.781970 1.67131 -0.348674 0.697281 0.00552197 -0.41909 -0.107396 0.901554
4543.818833 1.65603 -0.344614 0.687827 0.00689881 -0.414377 -0.105806 0.903908
4543.855697 1.64184 -0.337774 0.677618 0.00842756 -0.410624 -0.104329 0.905777
4543.892560 1.62728 -0.332563 0.667246 0.00954588 -0.408259 -0.101837 0.907118
4543.929424 1.61296 -0.330183 0.65589 0.0107543 -0.406829 -0.100601 0.907884
4543.966287 1.59608 -0.32658 0.642344 0.0129783 -0.40518 -0.0985049 0.908822
4544.003151 1.58177 -0.320087 0.627569 0.0148724 -0.40282 -0.0950598 0.910208
4544.040014 1.56754 -0.317342 0.613029 0.0160899 -0.398745 -0.0911799 0.912376
4544.076878 1.55178 -0.312134 0.595307 0.0192039 -0.394062 -0.0875457 0.914703
4544.113741 1.53514 -0.312667 0.580692 0.0222508 -0.387805 -0.0835396 0.917678
4544.150604 1.52405 -0.309949 0.568855 0.0256527 -0.381774 -0.081106 0.920333
4544.187468 1.50881 -0.305332 0.552472 0.0283832 -0.37536 -0.0790756 0.923063
4544.224331 1.4904 -0.303168 0.53621 0.0303113 -0.368833 -0.0771463 0.925792
4544.261195 1.47365 -0.305037 0.523162 0.0320582 -0.365011 -0.0773641 0.927229
4544.298058 1.45783 -0.297406 0.509751 0.0357014 -0.363226 -0.0776226 0.927775
4544.334922 1.438 -0.298288 0.497362 0.0372503 -0.361361 -0.0787285 0.928349
4544.371785 1.42011 -0.294535 0.485375 0.0391839 -0.358835 -0.0801002 0.929132
4544.408648 1.40307 -0.293888 0.476125 0.0396605 -0.356567 -0.0800408 0.92999
4544.445512 1.38266 -0.288635 0.465772 0.0411526 -0.353616 -0.0809681 0.930971
4544.482375 1.365 -0.285672 0.458194 0.0430687 -0.35294 -0.0809061 0.931146
4544.519239 1.3407 -0.282597 0.448025 0.046216 -0.351901 -0.0800456 0.931463
4544.556102 1.32025 -0.283627 0.443818 0.0499094 -0.352796 -0.0798331 0.930951
4544.592966 1.29858 -0.273759 0.437241 0.0553067 -0.353808 -0.0777696 0.930437
4544.629829 1.27312 -0.276512 0.430076 0.05639 -0.354357 -0.0769332 0.930233
4544.666693 1.24857 -0.270483 0.422173 0.0563678 -0.352377 -0.0749716 0.931146
4544.703556 1.22507 -0.272056 0.416492 0.0554772 -0.350609 -0.0745442 0.931901
4544.740420 1.19892 -0.268496 0.409336 0.0572814 -0.348878 -0.0723291 0.932615
4544.777283 1.17886 -0.267375 0.410545 0.060586 -0.348133 -0.0694343 0.932905
4544.814146 1.1521 -0.269384 0.408372 0.0627083 -0.346648 -0.066758 0.933513
4544.851010 1.12865 -0.26934 0.403607 0.0627777 -0.345935 -0.0636869 0.933987
4544.887873 1.10909 -0.267732 0.405959 0.0628667 -0.345021 -0.0573732 0.934728
4544.924737 1.08005 -0.267551 0.401074 0.0635499 -0.342567 -0.0522133 0.935886
4544.961600 1.06056 -0.270452 0.402073 0.064289 -0.342146 -0.0499314 0.936114
4544.998464 1.03736 -0.274366 0.398793 0.0624533 -0.340409 -0.0495982 0.936889
4545.035327 1.01487 -0.269506 0.396184 0.0617148 -0.337668 -0.0483664 0.937994
4545.072191 0.993109 -0.27613 0.395081 0.059125 -0.336242 -0.0527731 0.938435
4545.109054 0.971968 -0.272853 0.392818 0.0590805 -0.333902 -0.0544772 0.939176
4545.145918 0.949987 -0.269978 0.389242 0.0594985 -0.330868 -0.056387 0.94011
4545.182781 0.928185 -0.271102 0.384786 0.0600595 -0.327122 -0.0588204 0.941235
4545.219645 0.908297 -0.267025 0.380316 0.0613201 -0.323001 -0.0592176 0.942552
4545.256508 0.887601 -0.26344 0.373903 0.0617571 -0.318571 -0.0601887 0.943968
4545.293371 0.869193 -0.258335 0.369379 0.0626205 -0.315401 -0.0618188 0.94487
4545.330235 0.848388 -0.253805 0.361645 0.0634496 -0.312082 -0.063906 0.945778
4545.367098 0.828018 -0.245152 0.353758 0.065804 -0.309934 -0.0652416 0.946232
4545.403962 0.805948 -0.23817 0.344616 0.0672594 -0.307739 -0.0661283 0.946784
4545.440825 0.787014 -0.233611 0.336486 0.0665607 -0.304665 -0.0679821 0.947696
4545.477689 0.766561 -0.225941 0.325914 0.0663743 -0.300014 -0.0677487 0.949208
4545.514552 0.747776 -0.220738 0.316035 0.066422 -0.295131 -0.0702357 0.950554
4545.551415 0.729321 -0.216195 0.306298 0.0659955 -0.288554 -0.0705296 0.952579
4545.588279 0.711056 -0.210906 0.295589 0.0650534 -0.280632 -0.0694365 0.955088
4545.625142 0.692219 -0.208335 0.28459 0.0631334 -0.272409 -0.0705989 0.957509
4545.662006 0.672806 -0.204199 0.273081 0.0634845 -0.264429 -0.0713989 0.959661
4545.698869 0.65428 -0.207386 0.262674 0.064894 -0.258187 -0.0736125 0.961098
4545.735733 0.637542 -0.205408 0.253468 0.0701504 -0.253704 -0.0735307 0.961929
4545.772596 0.620407 -0.204101 0.244433 0.0753349 -0.249541 -0.0713988 0.962786
4545.809460 0.606678 -0.207229 0.237323 0.0773108 -0.246731 -0.0725099 0.96327
4545.846323 0.589399 -0.207851 0.229549 0.0777811 -0.243997 -0.0729687 0.963894
4545.883186 0.572523 -0.21034 0.223448 0.0777726 -0.243508 -0.075513 0.963822
4545.920050 0.555081 -0.213724 0.21869 0.07735 -0.244605 -0.0784799 0.963341
4545.956913 0.539599 -0.213885 0.216015 0.0771833 -0.246954 -0.080284 0.962606
4545.993777 0.523033 -0.215197 0.213676 0.0768065 -0.24924 -0.0807116 0.962011
4546.030640 0.507453 -0.216825 0.213828 0.0765274 -0.2513 -0.0813168 0.961446
4546.067504 0.493546 -0.215938 0.215789 0.0772012 -0.251933 -0.081212 0.961236
4546.104367 0.479174 -0.215075 0.218961 0.0768129 -0.25093 -0.0800417 0.961627
4546.141231 0.464782 -0.211769 0.223196 0.0758585 -0.247691 -0.0775746 0.962745
4546.178094 0.451784 -0.210068 0.229337 0.0748499 -0.245049 -0.0765449 0.963582
4546.214957 0.43943 -0.205214 0.237259 0.0748832 -0.242536 -0.0735192 0.96445
4546.251821 0.42655 -0.199836 0.245465 0.0722737 -0.239224 -0.072078 0.965584
4546.288684 0.413857 -0.196539 0.254747 0.0672243 -0.236734 -0.0743016 0.966394
4546.325548 0.401936 -0.190513 0.265035 0.0613681 -0.235705 -0.0724721 0.967174
4546.362411 0.390502 -0.183604 0.275722 0.0554389 -0.236857 -0.0722293 0.967268
4546.399275 0.378891 -0.175381 0.286528 0.0501372 -0.239017 -0.0701033 0.967183
4546.436138 0.367474 -0.167596 0.296453 0.0432938 -0.240972 -0.069265 0.967089
4546.473001 0.357929 -0.159502 0.306445 0.0357026 -0.241434 -0.0707454 0.967176
4546.509865 0.34833 -0.152522 0.315167 0.025403 -0.238882 -0.0727247 0.967988
4546.546728 0.339717 -0.14483 0.322783 0.014617 -0.233987 -0.0764097 0.969122
4546.583592 0.332271 -0.13519 0.329708 0.00473818 -0.227227 -0.0803464 0.97051
4546.620455 0.325639 -0.127121 0.335828 -0.00452196 -0.218957 -0.0845786 0.972051
4546.657319 0.319141 -0.117378 0.340448 -0.0123523 -0.210231 -0.0878535 0.973618
4546.694182 0.314755 -0.108732 0.345015 -0.0190818 -0.203116 -0.0918638 0.974649
4546.731046 0.310742 -0.0994987 0.348138 -0.0241377 -0.197697 -0.0950633 0.975344
4546.767909 0.308106 -0.0898558 0.349934 -0.0271508 -0.194527 -0.0984017 0.975571
