4977.154708 0 0 0 0 0 0 1
4977.191571 -0.00428792 0.00562693 -0.00451306 -0.00209592 0.00426099 0.00228147 0.999986
4977.228435 -0.00850339 0.0106238 -0.00967089 -0.00331178 0.0102104 0.00490312 0.99993
4977.265298 -0.0139241 0.0164139 -0.0150484 -0.00255439 0.0169525 0.00858264 0.999816
4977.302161 -0.0209346 0.0223198 -0.0223254 -0.0025029 0.0228248 0.0116178 0.999669
4977.339025 -0.0288798 0.0280198 -0.0294532 -0.0015083 0.0276831 0.0157805 0.999491
4977.375888 -0.0368171 0.0337963 -0.0373257 0.000480489 0.0308867 0.0200121 0.999322
4977.412752 -0.0480577 0.0408318 -0.0465283 0.00370359 0.0337548 0.0257001 0.999093
4977.449615 -0.0594749 0.0483644 -0.0553412 0.00830598 0.0360287 0.0325572 0.998786
4977.486479 -0.0716754 0.0556234 -0.0653064 0.0120399 0.0367604 0.038168 0.998522
4977.523342 -0.0870761 0.0651427 -0.0766955 0.0142632 0.0376089 0.043696 0.998235
4977.560205 -0.102272 0.0759097 -0.0880148 0.0171462 0.0389833 0.0496757 0.997857
4977.597069 -0.117944 0.086901 -0.100142 0.018224 0.0412213 0.0555007 0.997441
4977.633932 -0.13477 0.0977624 -0.112822 0.0171327 0.0445819 0.0610164 0.996993
4977.670796 -0.152953 0.109103 -0.125142 0.0150579 0.0482543 0.065281 0.996586
4977.707659 -0.168961 0.119081 -0.137938 0.0126496 0.0510486 0.066886 0.996374
4977.744522 -0.183525 0.127332 -0.148732 0.0111158 0.0538692 0.0677507 0.996185
4977.781386 -0.199368 0.136234 -0.161026 0.00796875 0.0570294 0.0698831 0.995892
4977.818249 -0.214102 0.144345 -0.172994 0.00576869 0.0603105 0.0731698 0.995478
4977.855113 -0.227467 0.15107 -0.183737 0.0069193 0.0630252 0.0742797 0.99522
4977.891976 -0.239157 0.156739 -0.194288 0.00950943 0.0643896 0.0736417 0.995159
4977.928840 -0.251221 0.160334 -0.205053 0.0112797 0.0658395 0.0738753 0.995028
4977.965703 -0.261853 0.166547 -0.215405 0.0136975 0.0662763 0.0732683 0.995013
4978.002566 -0.272289 0.172409 -0.225298 0.0157784 0.0658213 0.0708399 0.995189
4978.039430 -0.280709 0.176007 -0.234629 0.0161697 0.0652705 0.0692086 0.995333
4978.076293 -0.289435 0.183898 -0.243278 0.0175415 0.065062 0.0687482 0.995356
4978.113157 -0.298739 0.190433 -0.251882 0.0185868 0.0651293 0.0685268 0.995348
4978.150020 -0.304085 0.198519 -0.260274 0.0199358 0.0646528 0.0682906 0.995369
4978.186883 -0.311467 0.207201 -0.268961 0.0208082 0.0647136 0.0674756 0.995403
4978.223747 -0.317449 0.215119 -0.277568 0.0208764 0.0652505 0.0660862 0.995459
4978.260610 -0.322645 0.222816 -0.286062 0.020434 0.0670342 0.0665059 0.995322
4978.297474 -0.326973 0.232913 -0.29488 0.020574 0.0693576 0.0662746 0.995175
4978.334337 -0.33275 0.244148 -0.303615 0.0205668 0.071495 0.0653127 0.995088
4978.371200 -0.338237 0.251984 -0.313464 0.0175763 0.073072 0.0657348 0.995003
4978.408064 -0.343434 0.262155 -0.321917 0.0164234 0.0747631 0.0670957 0.994806
4978.444927 -0.34854 0.270684 -0.33061 0.0153617 0.0756407 0.068107 0.994688
4978.481791 -0.355514 0.277678 -0.340093 0.0123173 0.0756513 0.0712444 0.99451
4978.518654 -0.361161 0.284967 -0.348602 0.0102442 0.0748052 0.0749464 0.994325
4978.555518 -0.368784 0.288974 -0.35755 0.0090982 0.073026 0.0776224 0.994263
4978.592381 -0.374513 0.294223 -0.366172 0.0106194 0.0706412 0.0788514 0.994324
4978.629244 -0.382444 0.296534 -0.375796 0.0134021 0.0695274 0.0809143 0.994203
4978.666108 -0.3903 0.301457 -0.384501 0.018482 0.0695511 0.0833565 0.993918
4978.702971 -0.396748 0.305761 -0.393738 0.0234332 0.0700789 0.0844935 0.99368
4978.739835 -0.404176 0.30785 -0.402005 0.0270858 0.0717496 0.0858773 0.99335
4978.776698 -0.415618 0.310009 -0.409983 0.0294518 0.0750353 0.0890239 0.992762
4978.813561 -0.42558 0.314266 -0.416533 0.0327604 0.0788373 0.0921659 0.992077
4978.850425 -0.438383 0.317089 -0.421919 0.0354822 0.0835235 0.0948511 0.991347
4978.887288 -0.450666 0.320573 -0.426627 0.036938 0.0886609 0.0983705 0.990504
4978.924152 -0.462026 0.32254 -0.430806 0.0375237 0.0939622 0.102676 0.989556
4978.961015 -0.476452 0.324725 -0.43312 0.0387151 0.0998946 0.106091 0.988568
4978.997878 -0.49157 0.326316 -0.434333 0.0402631 0.105986 0.110566 0.987381
4979.034742 -0.507841 0.328894 -0.434158 0.0422897 0.111442 0.11474 0.986219
4979.071605 -0.525126 0.328771 -0.434399 0.0429839 0.115817 0.118392 0.985252
4979.108469 -0.541096 0.3301 -0.433268 0.0439571 0.119352 0.120643 0.984514
4979.145332 -0.558848 0.330963 -0.432042 0.0443357 0.122373 0.122767 0.983863
4979.182196 -0.577141 0.329347 -0.43278 0.0428037 0.12526 0.127122 0.983015
4979.219059 -0.59423 0.332281 -0.431792 0.043883 0.129186 0.133247 0.981647
4979.255922 -0.611715 0.333836 -0.432548 0.0438229 0.132432 0.137859 0.98058
4979.292786 -0.628331 0.33222 -0.434454 0.042189 0.135581 0.140191 0.97989
4979.329649 -0.641057 0.332574 -0.435973 0.0427527 0.139757 0.14133 0.979115
4979.366513 -0.652576 0.32844 -0.440402 0.0403553 0.145529 0.143752 0.978023
4979.403376 -0.665583 0.324063 -0.444326 0.0380844 0.154129 0.146918 0.976324
4979.440239 -0.675352 0.321926 -0.446703 0.039188 0.163889 0.147846 0.974549
4979.477103 -0.685925 0.318274 -0.450045 0.04009 0.173874 0.147756 0.972794
4979.513966 -0.691687 0.312389 -0.452717 0.0406358 0.182874 0.147743 0.971122
4979.550830 -0.696817 0.307094 -0.454698 0.0404735 0.190257 0.148543 0.969587
4979.587693 -0.702195 0.303498 -0.456844 0.0401055 0.195709 0.148621 0.968505
4979.624557 -0.703165 0.299369 -0.457109 0.0409736 0.19916 0.148082 0.967847
4979.661420 -0.703758 0.294394 -0.456687 0.0418893 0.200509 0.147281 0.967652
4979.698283 -0.704926 0.288591 -0.457455 0.0407024 0.200028 0.1476 0.967753
4979.735147 -0.704583 0.28523 -0.45552 0.0418701 0.198928 0.149978 0.967565
4979.772010 -0.705679 0.28196 -0.453648 0.042813 0.197506 0.152908 0.967356
4979.808874 -0.704419 0.279992 -0.451542 0.0442547 0.195279 0.15528 0.967365
4979.845737 -0.704214 0.277848 -0.447067 0.0460731 0.193464 0.156788 0.967402
4979.882600 -0.704252 0.271966 -0.444314 0.0447199 0.191426 0.157706 0.967722
4979.919464 -0.703912 0.267849 -0.439151 0.044644 0.18985 0.155453 0.9684
4979.956327 -0.699579 0.26296 -0.434421 0.045389 0.187933 0.151267 0.969401
4979.993191 -0.699586 0.256133 -0.430915 0.0446431 0.187836 0.150456 0.969581
4980.030054 -0.696949 0.249852 -0.425634 0.0458785 0.189544 0.150683 0.969156
4980.066917 -0.694554 0.243498 -0.421573 0.047573 0.191986 0.150138 0.968678
4980.103781 -0.689358 0.234529 -0.41788 0.048512 0.193632 0.148673 0.96853
4980.140644 -0.687874 0.227126 -0.413613 0.0496765 0.195562 0.149041 0.968026
4980.177508 -0.68525 0.221889 -0.409082 0.0506055 0.195445 0.15056 0.967766
4980.214371 -0.684298 0.214122 -0.405227 0.0501676 0.194177 0.151881 0.967838
4980.251235 -0.682044 0.209046 -0.398623 0.0528714 0.191825 0.152513 0.968064
4980.288098 -0.682722 0.201743 -0.392817 0.0527043 0.188206 0.15106 0.969011
4980.324961 -0.684847 0.195324 -0.388142 0.0497177 0.183655 0.151826 0.969922
4980.361825 -0.686707 0.192109 -0.381742 0.0486395 0.180309 0.153823 0.970289
4980.398688 -0.692312 0.188107 -0.377217 0.04673 0.177743 0.15412 0.970809
4980.435552 -0.698266 0.18317 -0.372895 0.0455336 0.176578 0.151961 0.971419
4980.472415 -0.705094 0.17987 -0.368307 0.046267 0.176525 0.14897 0.971857
4980.509279 -0.713784 0.174787 -0.365305 0.0457341 0.177415 0.147858 0.97189
4980.546142 -0.726117 0.174293 -0.36086 0.0476839 0.17988 0.148139 0.9713
4980.583005 -0.73731 0.170827 -0.357309 0.0497766 0.182238 0.149806 0.9705
4980.619869 -0.749324 0.17013 -0.353341 0.0518811 0.184225 0.152253 0.969633
4980.656732 -0.7631 0.170506 -0.349317 0.0536934 0.186382 0.15717 0.968337
4980.693595 -0.777321 0.171117 -0.344328 0.0547103 0.188241 0.162522 0.967036
4980.730459 -0.790959 0.171206 -0.339617 0.0546865 0.189683 0.167422 0.965919
4980.767322 -0.806153 0.172062 -0.335365 0.0548001 0.191093 0.171399 0.964937
4980.804186 -0.819843 0.172707 -0.330807 0.055421 0.192476 0.173937 0.964172
4980.841049 -0.830968 0.172758 -0.327148 0.055296 0.193234 0.175568 0.963732
4980.877912 -0.842975 0.174093 -0.324413 0.0541408 0.193887 0.179053 0.963025
4980.914776 -0.854602 0.173715 -0.320418 0.0536998 0.195401 0.181701 0.962247
4980.951639 -0.862108 0.172576 -0.317174 0.0536308 0.195977 0.182362 0.962009
4980.988503 -0.869254 0.170553 -0.312615 0.0541001 0.196501 0.182642 0.961823
4981.025366 -0.873946 0.168544 -0.308144 0.053767 0.196145 0.181838 0.962066
4981.062230 -0.878892 0.165374 -0.303108 0.0516694 0.195445 0.184169 0.96188
4981.099093 -0.882324 0.165005 -0.297552 0.0497303 0.195108 0.186272 0.961646
4981.135957 -0.881912 0.163513 -0.290933 0.0479863 0.194922 0.187445 0.961544
4981.172820 -0.881568 0.161311 -0.284864 0.0448225 0.194112 0.187813 0.961789
4981.209683 -0.877404 0.159088 -0.278741 0.0412683 0.192248 0.187783 0.962328
4981.246547 -0.873968 0.157521 -0.272446 0.0379552 0.190076 0.187572 0.962937
4981.283410 -0.866491 0.157222 -0.266765 0.0342351 0.186887 0.18829 0.96356
4981.320273 -0.859439 0.156544 -0.261822 0.0308199 0.184482 0.190289 0.963746
4981.357137 -0.851679 0.155752 -0.256341 0.0282489 0.18196 0.190773 0.964209
4981.394001 -0.840435 0.154472 -0.253836 0.0251276 0.178583 0.190853 0.96491
4981.430864 -0.830081 0.154724 -0.250033 0.0233765 0.175889 0.190598 0.965499
4981.467727 -0.818027 0.1537 -0.247799 0.0220712 0.172695 0.190032 0.966218
4981.504590 -0.805576 0.152976 -0.245502 0.0211092 0.169053 0.188561 0.967171
4981.541454 -0.789987 0.153491 -0.244536 0.0221665 0.165312 0.186939 0.968109
4981.578317 -0.777121 0.150775 -0.243704 0.0230404 0.162391 0.183757 0.969191
4981.615181 -0.760816 0.150589 -0.24375 0.024599 0.158827 0.180166 0.970417
4981.652044 -0.745731 0.148739 -0.24399 0.024069 0.155292 0.177541 0.971486
4981.688908 -0.72931 0.148213 -0.245302 0.0225733 0.150948 0.175459 0.972584
4981.725771 -0.712678 0.148217 -0.245098 0.0225373 0.146596 0.172315 0.973812
4981.762634 -0.694387 0.144675 -0.246211 0.0205335 0.141179 0.168842 0.975264
4981.799498 -0.676992 0.143816 -0.246601 0.0187687 0.136683 0.167753 0.976127
4981.836361 -0.659388 0.142703 -0.246856 0.017949 0.133242 0.167663 0.976634
4981.873225 -0.642654 0.141783 -0.247534 0.0174455 0.130554 0.167852 0.976973
4981.910088 -0.625589 0.142317 -0.247462 0.0184003 0.128871 0.16979 0.976844
4981.946952 -0.61157 0.140792 -0.247356 0.0192663 0.127667 0.171637 0.976663
4981.983815 -0.596444 0.138834 -0.24708 0.0200008 0.125422 0.171881 0.976896
4982.020678 -0.581809 0.138221 -0.245509 0.0216118 0.122432 0.171502 0.977308
4982.057542 -0.568109 0.134812 -0.243456 0.0220886 0.118791 0.170866 0.977858
4982.094405 -0.554838 0.132622 -0.240529 0.0223045 0.114386 0.169359 0.97864
4982.131268 -0.542321 0.130656 -0.235982 0.0230341 0.110161 0.167739 0.979386
4982.168132 -0.528839 0.127433 -0.231381 0.0229227 0.105546 0.165089 0.980347
4982.204995 -0.517869 0.124186 -0.225505 0.0227595 0.101618 0.163216 0.981079
4982.241859 -0.506066 0.121651 -0.2192 0.0230927 0.0977493 0.161337 0.981775
4982.278723 -0.494808 0.119332 -0.211817 0.0241847 0.0942243 0.159707 0.98236
4982.315586 -0.482365 0.115287 -0.204594 0.0247622 0.0903635 0.157597 0.983049
4982.352449 -0.470932 0.111201 -0.196978 0.0252104 0.0882189 0.155629 0.983545
4982.389312 -0.457677 0.105649 -0.189142 0.0248227 0.0866474 0.153266 0.984066
4982.426176 -0.444815 0.101479 -0.182483 0.0231422 0.0857495 0.149669 0.984739
4982.463039 -0.431372 0.0970332 -0.17493 0.0201454 0.085041 0.145754 0.985453
4982.499903 -0.419309 0.0906231 -0.170061 0.0142312 0.083309 0.142135 0.986233
4982.536766 -0.406495 0.0842683 -0.165216 0.0100198 0.0820688 0.137674 0.987021
4982.573630 -0.3935 0.0783643 -0.159757 0.0103904 0.0815592 0.132277 0.987797
4982.610493 -0.380363 0.0713911 -0.155447 0.0104432 0.0801233 0.126974 0.988609
4982.647356 -0.369589 0.0671713 -0.151951 0.00907001 0.0787363 0.125087 0.988975
4982.684220 -0.357519 0.0617362 -0.148393 0.00626242 0.0770466 0.124244 0.989236
4982.721083 -0.34449 0.0567791 -0.145519 0.00303125 0.0749811 0.123145 0.989547
4982.757947 -0.331489 0.0536823 -0.141709 0.00176037 0.0734457 0.122104 0.989795
4982.794810 -0.317294 0.0508934 -0.137312 0.00197985 0.07244 0.122564 0.989811
4982.831674 -0.302935 0.0485951 -0.133582 0.00166987 0.0710048 0.123523 0.989797
4982.868537 -0.287101 0.0478249 -0.129352 0.00150007 0.0689374 0.125309 0.989719
4982.905400 -0.272214 0.046399 -0.124437 0.00174533 0.0665833 0.126152 0.989772
4982.942264 -0.255786 0.0457693 -0.119673 0.00162787 0.0625271 0.125252 0.990151
4982.979127 -0.238261 0.0440781 -0.115237 0.000316139 0.0584294 0.124061 0.990553
4983.015990 -0.219865 0.0427377 -0.1107 -0.00122633 0.0545478 0.122726 0.99094
4983.052854 -0.200871 0.0420578 -0.107364 -0.00246736 0.0503664 0.120115 0.991478
4983.089717 -0.181368 0.0412854 -0.104471 -0.00291377 0.046368 0.117247 0.992015
4983.126581 -0.161064 0.0414178 -0.102345 -0.00219796 0.0422454 0.113187 0.992673
4983.163444 -0.140593 0.0398803 -0.100424 -0.00161308 0.0371068 0.107718 0.993488
4983.200308 -0.119023 0.037462 -0.0994551 -0.00267207 0.0309006 0.102042 0.994297
4983.237171 -0.0973759 0.0347925 -0.0995731 -0.00515733 0.0240473 0.0966002 0.995019
4983.274034 -0.0753704 0.0318488 -0.099167 -0.0067474 0.0175544 0.0914253 0.995634
4983.310898 -0.0538124 0.0274902 -0.0998409 -0.0089681 0.0113033 0.086167 0.996176
4983.347761 -0.032716 0.0238184 -0.100059 -0.0104204 0.00572043 0.0813959 0.996611
4983.384625 -0.0116577 0.0204807 -0.100464 -0.0107892 0.000703519 0.0763527 0.997022
4983.421488 0.00786183 0.015898 -0.0998405 -0.0102947 -0.00376441 0.0713239 0.997393
4983.458352 0.0258145 0.0118163 -0.0984456 -0.00973144 -0.00793979 0.0679222 0.997612
4983.495215 0.0431144 0.00844525 -0.0962685 -0.0103367 -0.0127221 0.0662232 0.99767
4983.532078 0.0582281 0.00492756 -0.0931017 -0.0124802 -0.0184302 0.0640586 0.997698
4983.568942 0.0729382 0.00223104 -0.0889703 -0.0150275 -0.0252775 0.0598586 0.997774
4983.605805 0.087655 -0.000248921 -0.083252 -0.0176501 -0.0333801 0.0560758 0.997712
4983.642669 0.102019 -0.00251172 -0.0778623 -0.0199356 -0.0415889 0.0519401 0.997585
4983.679532 0.115295 -0.00540735 -0.070148 -0.0198418 -0.0491793 0.0489763 0.997391
4983.716396 0.129152 -0.0075691 -0.0627923 -0.0197914 -0.0566217 0.0474882 0.997069
4983.753259 0.14257 -0.00954644 -0.05579 -0.0215139 -0.0635567 0.0468015 0.996648
4983.790122 0.156105 -0.013481 -0.0477495 -0.023049 -0.0685135 0.0441319 0.996407
4983.826986 0.170309 -0.0172812 -0.0396875 -0.0245879 -0.0722825 0.0406532 0.996252
4983.863849 0.184372 -0.0205748 -0.0322125 -0.0266933 -0.0736277 0.0384183 0.996188
4983.900712 0.199241 -0.0240405 -0.0241092 -0.0283254 -0.0742268 0.035036 0.996223
4983.937576 0.2151 -0.0277946 -0.0170277 -0.0308428 -0.0753677 0.0300743 0.996225
4983.974439 0.230431 -0.0324373 -0.0101534 -0.0341071 -0.0756445 0.026257 0.996205
4984.011303 0.246632 -0.0376137 -0.00349845 -0.0375131 -0.0758347 0.0233741 0.99614
4984.048166 0.261784 -0.0422784 0.00102912 -0.0414994 -0.0764212 0.0211719 0.995987
4984.085030 0.277092 -0.0465366 0.00515593 -0.043775 -0.0770105 0.020932 0.995849
4984.121893 0.292286 -0.0521143 0.00912656 -0.0452397 -0.0784995 0.0225747 0.995631
4984.158756 0.306816 -0.0573769 0.0117054 -0.0470797 -0.0810439 0.0255344 0.995271
4984.195620 0.32117 -0.0633423 0.0143116 -0.0490833 -0.0852905 0.0270631 0.994778
4984.232483 0.335203 -0.0688177 0.0167604 -0.0499727 -0.0910902 0.0267224 0.994229
4984.269347 0.349779 -0.0742208 0.0196922 -0.049069 -0.0985012 0.0245484 0.993623
4984.306210 0.363627 -0.0788852 0.0236782 -0.0465899 -0.106457 0.0227786 0.992964
4984.343074 0.377795 -0.0821484 0.0264227 -0.0451987 -0.114665 0.0214465 0.992144
4984.379937 0.391314 -0.0851924 0.0305232 -0.0431312 -0.121805 0.0203102 0.991409
4984.416800 0.405554 -0.0875861 0.0346319 -0.0411915 -0.129092 0.0166048 0.990638
4984.453664 0.42127 -0.0897891 0.0395293 -0.0408497 -0.136774 0.010883 0.9897
4984.490527 0.436666 -0.0909358 0.0436646 -0.0428686 -0.142953 0.00535663 0.988786
4984.527391 0.453909 -0.0919252 0.0488553 -0.0454862 -0.148064 -0.00111989 0.987931
4984.564254 0.471835 -0.0933945 0.0528913 -0.0483801 -0.151768 -0.00886378 0.987192
4984.601117 0.490454 -0.0949876 0.0569136 -0.0506769 -0.153123 -0.0152431 0.986789
4984.637981 0.510013 -0.0971378 0.0593392 -0.0515708 -0.15308 -0.0210065 0.986644
4984.674844 0.530505 -0.100013 0.0616173 -0.0509855 -0.153148 -0.0258664 0.986548
4984.711708 0.550902 -0.103083 0.0617388 -0.0503286 -0.153956 -0.0304844 0.986324
4984.748571 0.569897 -0.106301 0.0614868 -0.0497876 -0.153826 -0.0318417 0.986329
4984.785434 0.590715 -0.109668 0.0611542 -0.0500708 -0.154539 -0.032092 0.986195
4984.822298 0.609853 -0.111895 0.0601025 -0.0502231 -0.156764 -0.0342311 0.985764
4984.859161 0.63005 -0.115032 0.0601287 -0.0494976 -0.160373 -0.0381936 0.985074
4984.896025 0.648816 -0.117296 0.0600188 -0.0487812 -0.163709 -0.0402898 0.984478
4984.932888 0.668037 -0.118921 0.0600163 -0.0489732 -0.166354 -0.0385086 0.984096
4984.969752 0.685885 -0.120544 0.0611147 -0.0478101 -0.168267 -0.0357666 0.983931
4985.006615 0.704783 -0.12229 0.0621626 -0.0460604 -0.170535 -0.03479 0.983659
4985.043478 0.722828 -0.124616 0.0639039 -0.0445939 -0.172174 -0.0333185 0.983492
4985.080342 0.740997 -0.12572 0.0658451 -0.0431497 -0.172972 -0.031036 0.983491
4985.117205 0.759115 -0.127526 0.0685313 -0.0409725 -0.173614 -0.0296499 0.983514
4985.154069 0.776358 -0.130144 0.0724072 -0.0385563 -0.173819 -0.0282379 0.983617
4985.190932 0.793 -0.131738 0.0762315 -0.0370891 -0.174137 -0.0257846 0.983685
4985.227795 0.808889 -0.133099 0.0808266 -0.0363859 -0.174134 -0.0226709 0.983788
4985.264659 0.824905 -0.134207 0.0858133 -0.0359438 -0.174068 -0.0203453 0.983867
4985.301522 0.840566 -0.135388 0.0917258 -0.0345752 -0.174473 -0.019958 0.983852
4985.338386 0.855705 -0.137935 0.0980057 -0.0330281 -0.174483 -0.0205586 0.983891
4985.375249 0.869551 -0.141203 0.104731 -0.0322313 -0.174899 -0.0218131 0.983817
4985.412113 0.88486 -0.143632 0.110868 -0.0328304 -0.175403 -0.0220001 0.983703
4985.448976 0.898396 -0.147317 0.117886 -0.0337669 -0.174956 -0.0210357 0.983772
4985.485839 0.912293 -0.151445 0.123767 -0.0351941 -0.174743 -0.0215399 0.983749
4985.522703 0.9259 -0.155614 0.129773 -0.0369373 -0.173631 -0.021018 0.983893
4985.559566 0.938761 -0.159589 0.135061 -0.0387732 -0.171304 -0.018796 0.984275
4985.596430 0.951053 -0.163415 0.139933 -0.0390713 -0.169084 -0.0174071 0.984673
4985.633293 0.963653 -0.168043 0.145021 -0.0374418 -0.166954 -0.0173346 0.985101
4985.670156 0.973621 -0.172117 0.149951 -0.0358809 -0.164727 -0.0161248 0.985554
4985.707020 0.983104 -0.174754 0.153668 -0.0362528 -0.162908 -0.014112 0.985874
4985.743883 0.993097 -0.178043 0.157986 -0.0386193 -0.162036 -0.012677 0.985947
4985.780747 1.00261 -0.181297 0.162408 -0.0408399 -0.162069 -0.0131678 0.985846
4985.817610 1.01241 -0.184562 0.167578 -0.0424102 -0.163083 -0.014988 0.985587
4985.854473 1.02074 -0.187929 0.172358 -0.0439716 -0.163611 -0.0154557 0.985423
4985.891337 1.02867 -0.190536 0.177054 -0.0455092 -0.163726 -0.0149028 0.985343
4985.928200 1.03726 -0.192884 0.181295 -0.0472628 -0.164189 -0.0151295 0.98518
4985.965064 1.04604 -0.193477 0.185384 -0.0481441 -0.164603 -0.0154336 0.985063
4986.001927 1.05511 -0.194987 0.188662 -0.0498335 -0.165117 -0.0165216 0.984876
4986.038791 1.06314 -0.19574 0.192219 -0.0503548 -0.165304 -0.0171291 0.984807
4986.075654 1.07249 -0.196018 0.195001 -0.0504135 -0.165839 -0.0175625 0.984707
4986.112517 1.08175 -0.196484 0.19751 -0.0510386 -0.166676 -0.0173914 0.984536
4986.149381 1.09279 -0.196652 0.199247 -0.051847 -0.168112 -0.0179506 0.98424
4986.186244 1.10248 -0.196995 0.201118 -0.0516771 -0.169433 -0.0183363 0.984015
4986.223108 1.11403 -0.196542 0.202026 -0.0511364 -0.171212 -0.0194166 0.983715
4986.259971 1.12608 -0.197016 0.203518 -0.0506892 -0.172885 -0.0201633 0.98343
4986.296834 1.13926 -0.196704 0.204343 -0.0500533 -0.174487 -0.0211759 0.983158
4986.333698 1.15195 -0.197105 0.205827 -0.0494866 -0.176211 -0.0229642 0.982839
4986.370561 1.1668 -0.197746 0.206849 -0.0499271 -0.17853 -0.0257124 0.98233
4986.407425 1.18118 -0.197784 0.208155 -0.0500119 -0.180508 -0.0286447 0.981883
4986.444288 1.19747 -0.198288 0.209549 -0.0496686 -0.182136 -0.03206 0.981495
4986.481151 1.21431 -0.199423 0.210227 -0.050271 -0.183668 -0.0355565 0.981058
4986.518015 1.23269 -0.200563 0.210584 -0.0512166 -0.184919 -0.0381182 0.980678
4986.554878 1.25128 -0.202253 0.211165 -0.0515465 -0.186145 -0.0405511 0.980331
4986.591742 1.2704 -0.203457 0.210165 -0.0523586 -0.187553 -0.0418438 0.979965
4986.628605 1.28873 -0.205057 0.209276 -0.0531041 -0.189202 -0.0420375 0.9796
4986.665469 1.30765 -0.207223 0.208541 -0.0541772 -0.192531 -0.0429308 0.978853
4986.702332 1.32697 -0.209658 0.208067 -0.0559608 -0.197599 -0.0447639 0.97766
4986.739195 1.34643 -0.211063 0.207518 -0.0574311 -0.203353 -0.0465958 0.976308
4986.776059 1.36452 -0.212037 0.207005 -0.0571534 -0.208058 -0.0477451 0.975277
4986.812922 1.38114 -0.213576 0.207041 -0.0558401 -0.211566 -0.0475559 0.974608
4986.849786 1.3984 -0.214357 0.207594 -0.05578 -0.214127 -0.0448436 0.97418
4986.886649 1.41407 -0.215634 0.208153 -0.0567668 -0.215836 -0.042464 0.973853
4986.923512 1.42914 -0.217309 0.210542 -0.0576497 -0.218221 -0.0426694 0.97326
4986.960376 1.44524 -0.219686 0.213125 -0.059223 -0.220588 -0.0451053 0.972522
4986.997239 1.45982 -0.221021 0.216252 -0.0607983 -0.221835 -0.047063 0.972048
4987.034103 1.47389 -0.223057 0.220637 -0.0617823 -0.222029 -0.0477532 0.971908
4987.070966 1.4886 -0.226135 0.226388 -0.0618975 -0.221772 -0.0473407 0.97198
4987.107829 1.50172 -0.228657 0.231934 -0.0613428 -0.2206 -0.0456501 0.972362
4987.144693 1.5144 -0.230251 0.237921 -0.0606058 -0.219358 -0.042257 0.972843
4987.181556 1.527 -0.232628 0.244396 -0.0592613 -0.218673 -0.0388083 0.973224
4987.218420 1.53856 -0.234821 0.250896 -0.0571969 -0.219249 -0.0358472 0.973331
4987.255283 1.54944 -0.237168 0.257735 -0.0548391 -0.22037 -0.0328875 0.973318
4987.292147 1.56089 -0.240289 0.264595 -0.0533939 -0.222397 -0.0305304 0.973014
4987.329010 1.57285 -0.244214 0.271337 -0.0536899 -0.224624 -0.0293085 0.972524
4987.365873 1.58173 -0.247624 0.276569 -0.0552591 -0.225879 -0.0287437 0.972162
4987.402737 1.59269 -0.252088 0.282136 -0.0579667 -0.227466 -0.0306476 0.971576
4987.439600 1.60454 -0.2565 0.28673 -0.059498 -0.228774 -0.0350901 0.971026
4987.476464 1.6132 -0.261128 0.291574 -0.0585044 -0.228449 -0.0390249 0.971012
4987.513327 1.62175 -0.265532 0.295677 -0.0580841 -0.226891 -0.0423199 0.971265
4987.550190 1.62941 -0.269081 0.298852 -0.0607724 -0.224708 -0.0441679 0.971526
4987.587054 1.63864 -0.272083 0.302446 -0.0637542 -0.222397 -0.0463064 0.971767
4987.623917 1.64663 -0.2753 0.305932 -0.0653279 -0.220236 -0.0505446 0.971943
4987.660781 1.65718 -0.278893 0.309854 -0.0667124 -0.219218 -0.0551369 0.97183
4987.697644 1.66709 -0.281826 0.31508 -0.0673954 -0.218871 -0.0582692 0.971678
4987.734508 1.67641 -0.284325 0.319282 -0.0682578 -0.219371 -0.0609576 0.97134
4987.771371 1.68658 -0.28732 0.324008 -0.0696835 -0.222179 -0.0637383 0.970422
4987.808234 1.69506 -0.289244 0.327993 -0.0703086 -0.227047 -0.0685299 0.968922
4987.845098 1.70565 -0.291198 0.332395 -0.0715938 -0.234732 -0.074467 0.966556
4987.881961 1.71881 -0.292482 0.337132 -0.0735775 -0.243373 -0.0794465 0.963869
4987.918825 1.73036 -0.2916 0.340517 -0.0759124 -0.252199 -0.0832004 0.961099
4987.955688 1.74461 -0.291658 0.344412 -0.0780333 -0.262133 -0.0889185 0.957753
4987.992551 1.75854 -0.290987 0.347412 -0.0793896 -0.271215 -0.093953 0.954627
4988.029415 1.77503 -0.291064 0.350225 -0.081264 -0.280237 -0.0993756 0.951309
4988.066278 1.79166 -0.290282 0.352311 -0.0825231 -0.288238 -0.104832 0.948219
4988.103142 1.80893 -0.289385 0.353418 -0.0841795 -0.295049 -0.110742 0.945302
4988.140005 1.82653 -0.288308 0.353567 -0.0865126 -0.301038 -0.118233 0.942291
4988.176868 1.8448 -0.287875 0.353256 -0.0901936 -0.305218 -0.12614 0.939572
4988.213732 1.86329 -0.287793 0.352413 -0.0963679 -0.307226 -0.131712 0.937538
4988.250595 1.88128 -0.288662 0.351096 -0.102158 -0.307738 -0.136012 0.936142
4988.287459 1.89789 -0.292002 0.350656 -0.104615 -0.309369 -0.142558 0.934357
4988.324322 1.91379 -0.295475 0.351038 -0.104104 -0.311914 -0.148925 0.932574
4988.361186 1.92923 -0.299245 0.350877 -0.103968 -0.313872 -0.152652 0.931328
4988.398049 1.942 -0.302769 0.350736 -0.103597 -0.314857 -0.154984 0.930652
4988.434912 1.9552 -0.306129 0.351826 -0.102649 -0.31713 -0.158874 0.929328
4988.471776 1.96807 -0.30878 0.354062 -0.101435 -0.319717 -0.163632 0.927748
4988.508639 1.98014 -0.311878 0.358295 -0.101747 -0.322379 -0.167975 0.926015
4988.545503 1.99266 -0.314693 0.363635 -0.103651 -0.325066 -0.171504 0.924216
4988.582366 2.0028 -0.318099 0.370497 -0.104857 -0.327517 -0.174513 0.92265
4988.619230 2.01243 -0.322253 0.378068 -0.104769 -0.330517 -0.177601 0.920999
4988.656093 2.02114 -0.327085 0.3866 -0.104376 -0.333777 -0.179984 0.919404
4988.692956 2.03068 -0.332943 0.397563 -0.103721 -0.337056 -0.181483 0.917987
4988.729820 2.04081 -0.340019 0.408693 -0.10347 -0.339966 -0.18296 0.916648
4988.766683 2.0487 -0.347976 0.420194 -0.101824 -0.342096 -0.185014 0.915627
4988.803546 2.05709 -0.35695 0.431738 -0.101011 -0.343212 -0.186142 0.91507
4988.840410 2.06686 -0.366622 0.443598 -0.101413 -0.343704 -0.187816 0.914499
4988.877273 2.07515 -0.37733 0.454665 -0.1033 -0.342799 -0.188865 0.914411
4988.914137 2.08389 -0.388155 0.464558 -0.105968 -0.341958 -0.191715 0.913828
4988.951000 2.09337 -0.400801 0.475017 -0.107245 -0.34126 -0.195358 0.913168
4988.987864 2.10143 -0.413514 0.48426 -0.104046 -0.339466 -0.198339 0.913564
4989.024727 2.10918 -0.424909 0.49237 -0.0987927 -0.337672 -0.200249 0.914395
4989.061590 2.11538 -0.437682 0.499975 -0.0952635 -0.336051 -0.200218 0.915373
4989.098454 2.12224 -0.448638 0.508225 -0.0936835 -0.336254 -0.199089 0.915707
4989.135317 2.1296 -0.460373 0.517938 -0.093307 -0.33941 -0.199714 0.914445
4989.172181 2.13488 -0.471338 0.52767 -0.092261 -0.344716 -0.200833 0.912319
4989.209044 2.13888 -0.481932 0.537182 -0.0905036 -0.351515 -0.202911 0.909436
4989.245908 2.14318 -0.494545 0.54827 -0.0893461 -0.360234 -0.205619 0.905522
4989.282771 2.14752 -0.503746 0.558674 -0.0864134 -0.369088 -0.207303 0.901849
4989.319634 2.1505 -0.515682 0.569801 -0.0835071 -0.377863 -0.209015 0.898086
4989.356498 2.15327 -0.526222 0.579832 -0.0820597 -0.385828 -0.210305 0.894525
4989.393361 2.15687 -0.535849 0.590182 -0.0819378 -0.393234 -0.211949 0.890916
4989.430225 2.15941 -0.544712 0.599804 -0.0798633 -0.399958 -0.215463 0.88726
4989.467088 2.16193 -0.554719 0.609498 -0.0783131 -0.405891 -0.220021 0.883578
4989.503952 2.16485 -0.563407 0.617695 -0.0777072 -0.409176 -0.223853 0.881151
4989.540815 2.16536 -0.57358 0.623954 -0.0768279 -0.409723 -0.226177 0.88038
4989.577678 2.16579 -0.58239 0.62967 -0.0744972 -0.409338 -0.227615 0.880388
4989.614542 2.16602 -0.588609 0.632974 -0.0729092 -0.407764 -0.226879 0.881442
4989.651405 2.16674 -0.595353 0.637942 -0.0720052 -0.406461 -0.223905 0.882877
4989.688268 2.16695 -0.601067 0.641595 -0.0712849 -0.40424 -0.218607 0.885279
4989.725132 2.16454 -0.605387 0.643283 -0.0705323 -0.401481 -0.212396 0.888103
4989.761995 2.16302 -0.606446 0.643744 -0.069348 -0.399461 -0.206635 0.890463
4989.798859 2.16077 -0.60689 0.644397 -0.0675867 -0.398162 -0.201554 0.892343
4989.835722 2.15769 -0.607929 0.644136 -0.0663082 -0.397913 -0.197713 0.893408
4989.872586 2.15456 -0.606627 0.643005 -0.065947 -0.398191 -0.193272 0.894282
4989.909449 2.1501 -0.604244 0.640008 -0.0657189 -0.398458 -0.188577 0.895182
4989.946312 2.14527 -0.601227 0.635954 -0.0655379 -0.399299 -0.184088 0.895755
4989.983176 2.13962 -0.597172 0.629994 -0.0652075 -0.399434 -0.179603 0.896629
4990.020039 2.13393 -0.591991 0.6226 -0.0632938 -0.399003 -0.174786 0.897909
4990.056903 2.12691 -0.586281 0.613717 -0.060813 -0.397111 -0.16891 0.900041
4990.093766 2.11982 -0.58023 0.60353 -0.0574526 -0.394498 -0.164473 0.90223
4990.130630 2.1126 -0.572739 0.592908 -0.0533539 -0.391817 -0.160944 0.904284
4990.167493 2.10409 -0.564745 0.579862 -0.0509957 -0.387466 -0.156995 0.906985
4990.204356 2.09487 -0.555833 0.567572 -0.0493876 -0.381938 -0.151277 0.910384
4990.241219 2.086 -0.546007 0.554921 -0.0487909 -0.376127 -0.147157 0.913506
4990.278083 2.07554 -0.536092 0.541992 -0.0493398 -0.369686 -0.14463 0.916504
4990.314947 2.06493 -0.526575 0.529872 -0.0503604 -0.362947 -0.144168 0.919211
4990.351810 2.05236 -0.517343 0.518612 -0.0515494 -0.355626 -0.144632 0.92193
4990.388674 2.04094 -0.506967 0.507538 -0.0532307 -0.348241 -0.14636 0.924377
4990.425537 2.02762 -0.496738 0.498611 -0.0527053 -0.340761 -0.14645 0.927177
4990.462400 2.01423 -0.487686 0.490173 -0.051876 -0.33392 -0.14537 0.929878
4990.499264 1.99922 -0.478106 0.482721 -0.0498761 -0.328861 -0.143664 0.932053
4990.536127 1.98302 -0.471335 0.477484 -0.0495881 -0.325177 -0.140529 0.933838
4990.572990 1.96768 -0.463753 0.472613 -0.0510464 -0.323242 -0.138183 0.93478
4990.609854 1.95001 -0.457151 0.468838 -0.0528344 -0.32249 -0.136552 0.93518
4990.646717 1.9326 -0.451363 0.466248 -0.052793 -0.322957 -0.136272 0.935062
4990.683581 1.91299 -0.446592 0.465316 -0.0505303 -0.323809 -0.136116 0.934915
4990.720444 1.89346 -0.441826 0.46424 -0.0491937 -0.323564 -0.134682 0.935279
4990.757308 1.87265 -0.437014 0.463867 -0.0485178 -0.322579 -0.132676 0.935941
4990.794171 1.85255 -0.432189 0.463891 -0.0481519 -0.321471 -0.13047 0.936651
4990.831034 1.83122 -0.428606 0.464419 -0.0461681 -0.320229 -0.129139 0.937361
4990.867898 1.80973 -0.425797 0.465961 -0.0420002 -0.319289 -0.128267 0.937997
4990.904761 1.78669 -0.423958 0.466236 -0.040969 -0.317338 -0.126769 0.938908
4990.941625 1.76424 -0.42366 0.465683 -0.0463979 -0.313807 -0.12382 0.940234
4990.978488 1.74164 -0.423609 0.464659 -0.0515355 -0.30993 -0.120386 0.941698
4991.015352 1.71882 -0.426028 0.464535 -0.0511369 -0.308784 -0.119521 0.942206
4991.052215 1.69443 -0.428907 0.464328 -0.048856 -0.308913 -0.11863 0.942397
4991.089078 1.67343 -0.430767 0.462924 -0.0508205 -0.308932 -0.11649 0.942554
4991.125941 1.65201 -0.431774 0.461206 -0.0548263 -0.308232 -0.11341 0.942934
4991.162805 1.63113 -0.433147 0.459254 -0.0573343 -0.308819 -0.113563 0.942575
4991.199669 1.61047 -0.433639 0.458255 -0.0575678 -0.30951 -0.114706 0.942195
4991.236532 1.58894 -0.432983 0.456425 -0.058593 -0.308352 -0.115148 0.942458
4991.273395 1.56863 -0.43214 0.454965 -0.0600278 -0.306084 -0.11667 0.94292
4991.310259 1.54858 -0.431789 0.454262 -0.0605904 -0.302852 -0.119736 0.943543
4991.347122 1.5264 -0.431203 0.45322 -0.0613267 -0.297859 -0.12256 0.944721
4991.383985 1.50517 -0.431094 0.452649 -0.0614192 -0.292122 -0.124724 0.946222
4991.420849 1.48299 -0.431532 0.452781 -0.0604035 -0.286881 -0.126212 0.947693
4991.457712 1.46049 -0.432041 0.451556 -0.0605797 -0.28254 -0.12809 0.948733
4991.494576 1.43862 -0.431431 0.450025 -0.062107 -0.278291 -0.127097 0.950023
4991.531439 1.41688 -0.431138 0.447965 -0.0615576 -0.274826 -0.125215 0.951316
4991.568303 1.3947 -0.431183 0.445811 -0.0576755 -0.272915 -0.124208 0.952241
4991.605166 1.37363 -0.430393 0.443564 -0.0561787 -0.271645 -0.122371 0.952931
4991.642030 1.35366 -0.429603 0.440139 -0.0598008 -0.267956 -0.11742 0.954378
4991.678893 1.33256 -0.428861 0.436934 -0.0622711 -0.261821 -0.111272 0.956656
4991.715756 1.31309 -0.427661 0.434598 -0.0629532 -0.255499 -0.107626 0.958736
4991.752620 1.29315 -0.425653 0.432646 -0.0629526 -0.248831 -0.105572 0.960716
4991.789483 1.274 -0.423424 0.43089 -0.0645667 -0.242802 -0.104451 0.962273
4991.826347 1.25412 -0.420048 0.43001 -0.066439 -0.236989 -0.102544 0.963798
4991.863210 1.23474 -0.416722 0.430271 -0.0678006 -0.231777 -0.100703 0.965164
4991.900073 1.2145 -0.413585 0.431487 -0.0683306 -0.227718 -0.0992428 0.966243
4991.936937 1.19397 -0.410412 0.433343 -0.0697215 -0.223322 -0.0966248 0.967435
4991.973800 1.1729 -0.408087 0.435911 -0.0710855 -0.219393 -0.0945353 0.96844
4992.010663 1.15158 -0.406308 0.440349 -0.0696533 -0.217007 -0.0939853 0.969135
4992.047527 1.12956 -0.404562 0.445311 -0.0683333 -0.215199 -0.0934146 0.969687
4992.084390 1.10733 -0.40309 0.450493 -0.0686713 -0.213903 -0.0929372 0.969996
4992.121254 1.08458 -0.401451 0.456775 -0.0687276 -0.212511 -0.0916739 0.970418
4992.158117 1.06206 -0.399878 0.463283 -0.0683818 -0.211842 -0.0913905 0.970616
4992.194981 1.03891 -0.39861 0.470113 -0.068032 -0.212582 -0.0917421 0.970445
4992.231844 1.01676 -0.398188 0.477027 -0.0676294 -0.214691 -0.0913982 0.970041
4992.268707 0.994301 -0.3982 0.484165 -0.065829 -0.217632 -0.0902142 0.969621
4992.305571 0.972201 -0.398776 0.490657 -0.0622436 -0.220865 -0.0888427 0.969253
4992.342434 0.948522 -0.400688 0.496578 -0.0610835 -0.223455 -0.0869079 0.968908
4992.379298 0.92617 -0.404395 0.500835 -0.0649504 -0.225226 -0.0837152 0.968528
4992.416161 0.902813 -0.409753 0.505171 -0.0662559 -0.225549 -0.0806209 0.968627
4992.453025 0.879437 -0.415681 0.510335 -0.0620583 -0.226095 -0.0805192 0.968786
4992.489888 0.856322 -0.421664 0.514755 -0.0592916 -0.226237 -0.0824952 0.96876
4992.526751 0.833992 -0.426531 0.518153 -0.061512 -0.223605 -0.0826058 0.969223
4992.563615 0.811123 -0.430438 0.520863 -0.0651204 -0.218919 -0.0829553 0.970027
4992.600478 0.788638 -0.433415 0.524009 -0.066094 -0.214857 -0.0853211 0.970664
4992.637342 0.766068 -0.435536 0.526969 -0.0658512 -0.211478 -0.0878721 0.971195
4992.674205 0.743843 -0.43598 0.52969 -0.0658015 -0.209154 -0.0892076 0.97158
4992.711068 0.722279 -0.435735 0.531324 -0.0671124 -0.207107 -0.0894196 0.971909
4992.747932 0.700326 -0.433928 0.533117 -0.0683872 -0.205729 -0.0881858 0.972225
4992.784795 0.679167 -0.430442 0.534175 -0.0690936 -0.205755 -0.0873765 0.972243
4992.821659 0.657975 -0.426544 0.534936 -0.0709624 -0.206022 -0.0855428 0.972215
4992.858522 0.637341 -0.421608 0.534657 -0.0739098 -0.206083 -0.0831905 0.972186
4992.895385 0.616684 -0.41483 0.53364 -0.0763345 -0.205221 -0.0796068 0.972481
4992.932249 0.596159 -0.409333 0.530978 -0.079076 -0.203251 -0.0754622 0.973006
4992.969112 0.576366 -0.402075 0.527149 -0.0793705 -0.200574 -0.0702764 0.973926
4993.005976 0.556769 -0.395777 0.521233 -0.0788934 -0.196338 -0.0650579 0.97519
4993.042839 0.537191 -0.39039 0.51417 -0.0764328 -0.191448 -0.0607539 0.976634
4993.079703 0.51721 -0.386058 0.506255 -0.073674 -0.186098 -0.0567345 0.978121
4993.116566 0.498109 -0.382975 0.497241 -0.0726071 -0.180083 -0.0519756 0.97959
4993.153429 0.479034 -0.378249 0.488228 -0.0717081 -0.172238 -0.0448583 0.981417
4993.190293 0.459899 -0.373336 0.479366 -0.0698111 -0.164985 -0.0394479 0.983031
4993.227156 0.440822 -0.368371 0.471573 -0.0676985 -0.159328 -0.0373923 0.984192
4993.264020 0.421797 -0.362975 0.465016 -0.0678641 -0.154082 -0.0358926 0.985071
4993.300883 0.402768 -0.357748 0.458948 -0.0698589 -0.149637 -0.0360618 0.985611
4993.337746 0.384165 -0.352865 0.454847 -0.0704595 -0.146348 -0.0371703 0.98602
4993.374610 0.365752 -0.347871 0.452257 -0.0693552 -0.143812 -0.0374017 0.986463
4993.411473 0.347097 -0.341893 0.449896 -0.0682837 -0.141867 -0.0363214 0.98686
4993.448337 0.32817 -0.33461 0.44885 -0.0664438 -0.140153 -0.032759 0.987355
4993.485200 0.309375 -0.327089 0.448423 -0.0655123 -0.139031 -0.0278385 0.987726
4993.522064 0.290218 -0.319449 0.449078 -0.0657708 -0.138091 -0.0222396 0.987983
4993.558927 0.271089 -0.313661 0.451065 -0.0656316 -0.136861 -0.0172959 0.988262
4993.595790 0.252905 -0.310118 0.453497 -0.0646631 -0.13637 -0.0150104 0.988431
4993.632654 0.234709 -0.307799 0.456259 -0.0615778 -0.13549 -0.0126734 0.988782
4993.669517 0.216689 -0.30657 0.458547 -0.0559655 -0.134637 -0.0107958 0.989254
4993.706381 0.198607 -0.30663 0.46007 -0.0528147 -0.134331 -0.00910067 0.989486
4993.743244 0.181343 -0.307258 0.459513 -0.055394 -0.132376 -0.00512678 0.989637
4993.780107 0.163046 -0.308362 0.458443 -0.0569665 -0.127993 0.000450924 0.990138
4993.816971 0.14643 -0.309817 0.457321 -0.0550578 -0.125188 0.00308868 0.990599
4993.853834 0.129985 -0.31043 0.454424 -0.0545234 -0.123495 0.00480888 0.990835
4993.890698 0.11379 -0.309433 0.45004 -0.0563548 -0.120987 0.00876924 0.991014
4993.927561 0.0985304 -0.306962 0.444836 -0.0569541 -0.118762 0.0122214 0.991213
4993.964424 0.0831366 -0.302816 0.438845 -0.0560656 -0.116377 0.0149426 0.991509
4994.001288 0.0674709 -0.297303 0.432081 -0.0560698 -0.112255 0.0192343 0.99191
4994.038151 0.0512112 -0.2896 0.424283 -0.0560606 -0.106679 0.0236133 0.992431
4994.075015 0.0349259 -0.28007 0.415902 -0.0554987 -0.100832 0.026763 0.992994
4994.111878 0.0180673 -0.269813 0.407152 -0.0548747 -0.0940821 0.0300135 0.993598
4994.148742 0.000595402 -0.258678 0.397572 -0.0549331 -0.0858538 0.0335473 0.994226
4994.185605 -0.0175895 -0.247092 0.387551 -0.0557132 -0.0774436 0.0373935 0.994736
4994.222468 -0.0355642 -0.235335 0.377077 -0.0565391 -0.0698599 0.0417794 0.995077
4994.259332 -0.0537415 -0.223161 0.365712 -0.0565157 -0.0629903 0.0473962 0.995285
4994.296195 -0.0726049 -0.210848 0.353497 -0.0561845 -0.057449 0.0539776 0.995304
4994.333059 -0.0905992 -0.198823 0.340085 -0.0566741 -0.0528725 0.0622747 0.995045
4994.369922 -0.107643 -0.186959 0.3259 -0.0586124 -0.0481526 0.0726588 0.994468
4994.406785 -0.12521 -0.175809 0.310571 -0.061582 -0.0426999 0.0823664 0.993781
4994.443649 -0.140482 -0.16477 0.295709 -0.0631004 -0.0361528 0.0911412 0.993179
4994.480512 -0.155074 -0.153741 0.280211 -0.0640641 -0.0285148 0.0987066 0.992643
4994.517376 -0.169734 -0.141967 0.264133 -0.0648423 -0.0197664 0.105877 0.992066
4994.554239 -0.1825 -0.130089 0.248054 -0.0645447 -0.00969608 0.112901 0.99146
4994.591102 -0.194304 -0.119056 0.232442 -0.0622301 -0.000963154 0.116406 0.99125
4994.627966 -0.204958 -0.108288 0.216013 -0.0594954 0.00630601 0.117948 0.991216
4994.664829 -0.215656 -0.0983032 0.199254 -0.0559988 0.0127346 0.118917 0.991242
4994.701693 -0.223791 -0.0893501 0.181696 -0.051637 0.0168954 0.119105 0.991394
4994.738556 -0.2318 -0.0805838 0.16471 -0.045081 0.0197349 0.117848 0.991811
4994.775420 -0.240027 -0.0721441 0.14679 -0.0388382 0.0211696 0.114978 0.992383
4994.812283 -0.247072 -0.0649094 0.129861 -0.0337402 0.021774 0.11232 0.99286
4994.849146 -0.253575 -0.0547206 0.112348 -0.0285258 0.0224981 0.110925 0.993164
4994.886010 -0.259643 -0.044333 0.0962756 -0.023851 0.0238594 0.111026 0.993245
4994.922873 -0.267108 -0.0307627 0.0801466 -0.0189912 0.0253958 0.111688 0.993237
4994.959737 -0.273134 -0.0171194 0.0653598 -0.015906 0.0266405 0.11302 0.993108
4994.996600 -0.280338 -0.00237099 0.0514097 -0.0150392 0.0274277 0.114235 0.992961
4995.033463 -0.28739 0.0120063 0.0376926 -0.0164939 0.0270501 0.115078 0.992851
4995.070327 -0.29299 0.0250683 0.0250201 -0.019988 0.0261505 0.115562 0.992755
4995.107190 -0.297851 0.0350777 0.0127385 -0.025444 0.0260999 0.117023 0.99246
4995.144054 -0.302737 0.0433214 3.87151e-06 -0.029975 0.0279252 0.118346 0.992127
4995.180917 -0.308021 0.0512149 -0.0118272 -0.0307114 0.0329171 0.120243 0.991723
4995.217781 -0.311986 0.0580804 -0.0240419 -0.029732 0.0401341 0.123509 0.991086
4995.254644 -0.317633 0.0659533 -0.0362712 -0.0276231 0.0494263 0.128832 0.990049
4995.291507 -0.322529 0.0727459 -0.0475897 -0.0261721 0.0583148 0.134159 0.988896
4995.328371 -0.328448 0.0795997 -0.0592247 -0.0257512 0.0659329 0.139173 0.987735
4995.365234 -0.333723 0.085622 -0.0690313 -0.0247845 0.0731613 0.14336 0.986651
4995.402098 -0.340298 0.0907931 -0.0785818 -0.0237038 0.0808731 0.148733 0.98528
4995.438961 -0.349528 0.0977938 -0.0885962 -0.0221189 0.0895931 0.155194 0.983564
4995.475824 -0.358711 0.10492 -0.0976585 -0.0192551 0.0986052 0.16247 0.981585
4995.512688 -0.369258 0.11308 -0.107449 -0.0161025 0.107718 0.170178 0.979376
4995.549551 -0.382455 0.121624 -0.116755 -0.01265 0.117165 0.179391 0.976694
4995.586415 -0.398018 0.130784 -0.125708 -0.00859033 0.12558 0.188875 0.973901
4995.623278 -0.414422 0.137874 -0.133857 -0.00451386 0.132279 0.19885 0.971051
4995.660141 -0.433518 0.145572 -0.141904 -0.000375165 0.137648 0.209191 0.968138
4995.697005 -0.453862 0.152981 -0.148938 0.00306822 0.141751 0.22005 0.96513
4995.733868 -0.476597 0.15725 -0.155458 0.00524463 0.144568 0.228383 0.962764
4995.770732 -0.496596 0.160034 -0.16151 0.00845493 0.144409 0.230367 0.962292
4995.807595 -0.517198 0.16075 -0.167468 0.0102959 0.143665 0.228963 0.96272
4995.844459 -0.538276 0.160922 -0.172026 0.0110991 0.143172 0.226917 0.963269
4995.881322 -0.556899 0.158989 -0.176514 0.0115755 0.143428 0.224134 0.963877
4995.918185 -0.574294 0.155998 -0.178611 0.0139371 0.146307 0.222222 0.963855
4995.955049 -0.591295 0.151151 -0.179815 0.0157264 0.151386 0.220576 0.963422
4995.991912 -0.608764 0.145817 -0.179409 0.0163232 0.158668 0.219883 0.962398
4996.028775 -0.625613 0.140499 -0.177412 0.0161848 0.167717 0.220873 0.960637
4996.065639 -0.641143 0.136798 -0.17296 0.0173064 0.176744 0.219493 0.959315
4996.102503 -0.656499 0.132709 -0.167613 0.0179423 0.185039 0.216798 0.958351
4996.139366 -0.6712 0.13036 -0.159857 0.019151 0.192209 0.214111 0.95752
4996.176229 -0.686292 0.128002 -0.151302 0.0196596 0.198209 0.214072 0.956295
4996.213093 -0.700739 0.126333 -0.141156 0.0208327 0.202903 0.216027 0.954845
4996.249956 -0.716136 0.122716 -0.130512 0.0225375 0.207422 0.219808 0.95297
4996.286819 -0.730172 0.121298 -0.119128 0.0267534 0.2107 0.224045 0.951154
4996.323683 -0.744405 0.117956 -0.108161 0.0304204 0.212565 0.228485 0.949571
4996.360546 -0.757691 0.113879 -0.0994589 0.0300443 0.21319 0.235663 0.947687
4996.397410 -0.772073 0.106951 -0.0917465 0.0275727 0.214113 0.243185 0.945651
4996.434273 -0.7854 0.101136 -0.0832101 0.0296606 0.216529 0.245969 0.944317
4996.471137 -0.795728 0.0938632 -0.0747339 0.0333419 0.219801 0.245735 0.943499
4996.508000 -0.806347 0.085102 -0.0672492 0.0326733 0.223694 0.247462 0.942155
4996.544863 -0.816023 0.0790645 -0.0591213 0.0288716 0.227401 0.250852 0.940494
4996.581727 -0.825965 0.0715509 -0.0500143 0.0225552 0.231098 0.253165 0.939144
4996.618590 -0.835134 0.0646506 -0.0409067 0.0158018 0.233967 0.2545 0.938211
4996.655454 -0.844386 0.0572108 -0.0313291 0.00983125 0.237328 0.256994 0.936767
4996.692317 -0.854584 0.0518297 -0.0200632 0.00690519 0.241009 0.261111 0.934713
4996.729181 -0.864517 0.0470227 -0.00896479 0.00518583 0.243915 0.268034 0.932007
4996.766044 -0.875021 0.0417276 0.00250462 0.00416893 0.245957 0.275836 0.929194
4996.802907 -0.885597 0.0367137 0.0137504 0.00336307 0.246896 0.282186 0.927039
4996.839771 -0.897002 0.0313985 0.0260289 0.00360259 0.248401 0.288627 0.92465
4996.876634 -0.909774 0.025662 0.0380287 0.00324543 0.250748 0.293542 0.922468
4996.913497 -0.923867 0.0178961 0.0501692 0.00181359 0.254561 0.296592 0.92045
4996.950361 -0.939697 0.0103831 0.0626287 0.00109914 0.260365 0.299713 0.917813
4996.987225 -0.956407 0.0029276 0.0747504 0.00214952 0.267584 0.303814 0.91438
4997.024088 -0.973398 -0.00408584 0.0863554 0.00508541 0.275026 0.308639 0.910536
4997.060951 -0.992459 -0.0121088 0.0986937 0.00768622 0.281608 0.315524 0.906136
4997.097815 -1.01153 -0.0208414 0.109947 0.00743753 0.285503 0.322989 0.902281
4997.134678 -1.02962 -0.0319578 0.1204 0.00653481 0.28726 0.329111 0.899514
4997.171541 -1.04578 -0.0427806 0.132442 0.00924084 0.289069 0.331985 0.897853
4997.208405 -1.062 -0.0538981 0.144183 0.0108199 0.290185 0.335066 0.89633
4997.245268 -1.07784 -0.0659717 0.15535 0.00945089 0.291034 0.336994 0.895346
4997.282132 -1.09181 -0.0795896 0.167428 0.00940066 0.293535 0.337877 0.894197
4997.318995 -1.1041 -0.0919284 0.180081 0.0124465 0.298271 0.339259 0.892067
4997.355859 -1.11546 -0.104784 0.193448 0.0152139 0.304297 0.341425 0.889157
4997.392722 -1.12551 -0.117018 0.207309 0.0167314 0.310438 0.343806 0.886084
4997.429585 -1.13546 -0.128838 0.222514 0.0170174 0.316417 0.345722 0.883214
4997.466449 -1.14361 -0.140209 0.239429 0.0168669 0.322331 0.346883 0.880619
4997.503312 -1.15154 -0.150481 0.257236 0.0161981 0.327738 0.348715 0.877909
4997.540176 -1.15915 -0.159293 0.276576 0.0158576 0.332572 0.35125 0.875081
4997.577039 -1.16611 -0.168898 0.297707 0.0159108 0.336956 0.354936 0.87191
4997.613903 -1.16996 -0.177978 0.318147 0.0163416 0.339363 0.359053 0.86928
4997.650766 -1.17605 -0.187411 0.340645 0.0178696 0.341343 0.365274 0.865876
4997.687629 -1.1798 -0.196152 0.36136 0.0204779 0.341427 0.372434 0.862729
4997.724493 -1.18398 -0.204841 0.383247 0.023575 0.340724 0.379841 0.859693
4997.761356 -1.18929 -0.217861 0.405249 0.0213028 0.339202 0.389056 0.856227
4997.798219 -1.19172 -0.231203 0.422762 0.0150505 0.337138 0.396998 0.853525
4997.835083 -1.19462 -0.244867 0.441554 0.0131187 0.339899 0.401672 0.850268
4997.871947 -1.19667 -0.257135 0.4597 0.0167639 0.346196 0.405096 0.846029
4997.908810 -1.19944 -0.270031 0.475998 0.0163521 0.352012 0.412255 0.840158
4997.945673 -1.20409 -0.285814 0.492174 0.0107313 0.356328 0.420503 0.834322
4997.982537 -1.20673 -0.299891 0.507487 0.00750812 0.360457 0.42277 0.831433
4998.019400 -1.20996 -0.314812 0.523593 0.00628446 0.365692 0.423285 0.82889
4998.056263 -1.21398 -0.328789 0.538293 0.0049908 0.370686 0.425405 0.825589
4998.093127 -1.21867 -0.341859 0.553055 0.00386269 0.375398 0.428381 0.821919
4998.129990 -1.22534 -0.354768 0.568977 0.00360457 0.380327 0.430346 0.818621
4998.166854 -1.23221 -0.367159 0.585414 0.00457349 0.385479 0.43258 0.815021
4998.203717 -1.24042 -0.37864 0.601446 0.00564527 0.390704 0.434845 0.811313
4998.240581 -1.24903 -0.39072 0.619106 0.00781795 0.39684 0.437212 0.807033
4998.277444 -1.25852 -0.402803 0.637236 0.0100542 0.402518 0.439927 0.802709
4998.314307 -1.2697 -0.414625 0.655036 0.0112155 0.407013 0.443861 0.798249
4998.351171 -1.28205 -0.427364 0.674558 0.0130264 0.41212 0.448878 0.792777
4998.388034 -1.29514 -0.438266 0.693514 0.0156045 0.417402 0.452832 0.787703
4998.424898 -1.30858 -0.451202 0.712165 0.0148807 0.421127 0.459934 0.781595
4998.461761 -1.32153 -0.466672 0.729249 0.011967 0.424473 0.468981 0.774426
4998.498625 -1.33318 -0.479514 0.746439 0.0145278 0.430302 0.474157 0.767988
4998.535488 -1.34366 -0.494059 0.762425 0.0153166 0.435904 0.475657 0.763874
4998.572351 -1.35179 -0.50929 0.776426 0.012529 0.439817 0.477242 0.760687
4998.609215 -1.35876 -0.525342 0.79032 0.00980019 0.444425 0.479174 0.756824
4998.646078 -1.36451 -0.540477 0.805576 0.00979549 0.451164 0.481514 0.751332
4998.682941 -1.36932 -0.554385 0.820689 0.0103176 0.458405 0.483842 0.745423
4998.719805 -1.37163 -0.569484 0.835869 0.00883614 0.465689 0.484699 0.740353
4998.756668 -1.37324 -0.583163 0.852385 0.00754126 0.473253 0.485098 0.735292
4998.793532 -1.37344 -0.596723 0.869048 0.00589716 0.48066 0.485629 0.730134
4998.830395 -1.37328 -0.608199 0.887012 0.00610223 0.488075 0.486371 0.724699
4998.867259 -1.37231 -0.620252 0.906426 0.00682579 0.494729 0.48762 0.719321
4998.904122 -1.36991 -0.630759 0.925446 0.00876595 0.499872 0.48917 0.714678
4998.940985 -1.36672 -0.641362 0.945506 0.011823 0.503369 0.492562 0.709833
4998.977849 -1.36273 -0.651802 0.964846 0.0163842 0.505192 0.498404 0.704348
4999.014712 -1.35744 -0.661659 0.984344 0.0231667 0.506381 0.503153 0.699914
4999.051576 -1.35181 -0.672481 1.00254 0.0281222 0.505538 0.509151 0.695993
4999.088439 -1.34606 -0.68452 1.01969 0.0290773 0.503157 0.517844 0.691249
4999.125303 -1.33991 -0.696647 1.03561 0.0302076 0.502746 0.524772 0.686256
4999.162166 -1.33321 -0.708783 1.05092 0.0320281 0.505618 0.528915 0.680862
4999.199029 -1.32663 -0.723098 1.06683 0.0310412 0.509623 0.534718 0.673348
4999.235893 -1.32085 -0.738526 1.08138 0.0256951 0.513411 0.540212 0.666273
4999.272756 -1.31447 -0.753835 1.09482 0.0192689 0.519103 0.540439 0.661881
4999.309620 -1.30863 -0.768306 1.10815 0.0149286 0.526562 0.539088 0.657186
4999.346483 -1.30362 -0.782682 1.12218 0.0124048 0.533931 0.539723 0.650741
4999.383346 -1.29912 -0.797008 1.13645 0.0110253 0.539438 0.541414 0.644792
4999.420210 -1.29456 -0.810705 1.15122 0.0107159 0.543792 0.541791 0.64081
4999.457073 -1.29135 -0.823525 1.16692 0.0123436 0.547147 0.542733 0.637117
4999.493937 -1.2885 -0.836434 1.18329 0.0163516 0.550047 0.544269 0.633207
4999.530800 -1.28622 -0.847828 1.1993 0.0219748 0.553096 0.545372 0.629421
4999.567663 -1.28469 -0.860563 1.21648 0.0273378 0.555975 0.547547 0.624769
4999.604527 -1.28397 -0.872481 1.23321 0.0319694 0.55896 0.550173 0.619558
4999.641390 -1.28384 -0.886523 1.25153 0.0347279 0.56325 0.552435 0.613481
4999.678254 -1.28428 -0.899737 1.26954 0.0375086 0.568987 0.555609 0.6051
4999.715117 -1.28556 -0.912774 1.28824 0.0392317 0.575325 0.561723 0.593236
4999.751981 -1.28711 -0.926561 1.30613 0.0379312 0.579935 0.571111 0.579714
4999.788844 -1.28679 -0.943063 1.3235 0.0339307 0.585692 0.57783 0.567385
4999.825707 -1.28493 -0.956883 1.33891 0.0319376 0.594102 0.579895 0.556548
4999.862571 -1.28399 -0.970104 1.35454 0.0287592 0.601305 0.58258 0.546083
4999.899434 -1.28218 -0.983465 1.36952 0.0243739 0.606243 0.587102 0.535898
4999.936298 -1.27923 -0.995392 1.38374 0.0202378 0.610429 0.591586 0.526301
4999.973161 -1.27541 -1.00498 1.39704 0.0184895 0.614589 0.595149 0.517432
5000.010024 -1.27028 -1.01508 1.41076 0.0170673 0.618242 0.598972 0.508644
5000.046888 -1.26423 -1.02358 1.42303 0.0166827 0.620923 0.602896 0.500692
5000.083751 -1.25737 -1.03127 1.43574 0.0175234 0.623675 0.606724 0.492553
5000.120615 -1.24954 -1.03853 1.4489 0.020009 0.626435 0.610951 0.48365
5000.157478 -1.24073 -1.04561 1.46189 0.0222616 0.629664 0.613471 0.47611
5000.194341 -1.23111 -1.05101 1.47331 0.0244816 0.633062 0.614145 0.470594
5000.231205 -1.21973 -1.05849 1.48513 0.0256702 0.636219 0.615777 0.464096
5000.268068 -1.20854 -1.06491 1.49761 0.0287087 0.640227 0.617681 0.455802
5000.304932 -1.19649 -1.07244 1.51022 0.0322018 0.644552 0.619715 0.44662
5000.341795 -1.18421 -1.07975 1.52218 0.0356753 0.648497 0.621418 0.438199
5000.378659 -1.17171 -1.08736 1.53326 0.0387515 0.651178 0.623632 0.430753
5000.415522 -1.15898 -1.0964 1.54436 0.042272 0.652555 0.627651 0.422421
5000.452385 -1.146 -1.10542 1.55375 0.0448393 0.654398 0.63026 0.415362
5000.489249 -1.13291 -1.11492 1.56298 0.0471929 0.656679 0.631522 0.409544
5000.526112 -1.11951 -1.12573 1.5716 0.0467271 0.657408 0.634174 0.404295
5000.562976 -1.10639 -1.13631 1.57874 0.0440718 0.657796 0.636098 0.400926
5000.599839 -1.09272 -1.14805 1.58588 0.04059 0.659514 0.636017 0.398593
5000.636702 -1.08008 -1.15889 1.59238 0.0395872 0.662398 0.634936 0.395624
5000.673566 -1.06798 -1.17024 1.5991 0.0405039 0.665192 0.634567 0.391413
5000.710429 -1.05609 -1.18233 1.60747 0.0421063 0.668592 0.632871 0.388184
5000.747293 -1.04513 -1.19383 1.61555 0.0436255 0.671716 0.62993 0.387405
5000.784156 -1.03434 -1.20588 1.62364 0.045545 0.674245 0.627083 0.387409
5000.821019 -1.02484 -1.21817 1.63462 0.0483735 0.677691 0.62329 0.387175
5000.857883 -1.01285 -1.23246 1.64613 0.0504976 0.681966 0.619492 0.38549
5000.894746 -1.00293 -1.24446 1.65682 0.0522606 0.686305 0.615366 0.384161
5000.931610 -0.993102 -1.25823 1.66922 0.053642 0.690297 0.61336 0.380002
5000.968473 -0.982784 -1.27284 1.68333 0.0543428 0.694836 0.611998 0.373775
5001.005337 -0.972186 -1.28778 1.69839 0.0550406 0.699981 0.610857 0.365855
5001.042200 -0.960496 -1.3053 1.71767 0.0554933 0.704828 0.611649 0.354998
5001.079063 -0.949533 -1.32191 1.73668 0.0561991 0.70886 0.613979 0.34262
5001.115927 -0.940614 -1.33725 1.75401 0.0565624 0.71109 0.618129 0.330256
5001.152790 -0.930976 -1.353 1.77074 0.0559292 0.712617 0.622419 0.318817
5001.189654 -0.921656 -1.36694 1.78755 0.0561267 0.715578 0.624051 0.308802
5001.226517 -0.910953 -1.38071 1.80395 0.0561762 0.717686 0.626279 0.299243
5001.263380 -0.901254 -1.39328 1.81941 0.0554585 0.718445 0.628879 0.292015
5001.300244 -0.890114 -1.40476 1.83314 0.0541797 0.718981 0.630784 0.286781
5001.337107 -0.87787 -1.41482 1.84622 0.0539078 0.719576 0.63259 0.281309
5001.373971 -0.866013 -1.42368 1.85694 0.0550373 0.719234 0.635902 0.274413
5001.410834 -0.851514 -1.4324 1.87034 0.0559582 0.719853 0.638398 0.266699
5001.447697 -0.837269 -1.43974 1.88166 0.0563283 0.721242 0.639618 0.259859
5001.484561 -0.822072 -1.44677 1.89189 0.0555401 0.723256 0.639976 0.253469
5001.521424 -0.806849 -1.45253 1.90136 0.0554217 0.726041 0.639405 0.246889
5001.558288 -0.789989 -1.45801 1.91049 0.0557544 0.72874 0.638888 0.240108
5001.595151 -0.772374 -1.46275 1.91981 0.0567647 0.730721 0.638905 0.23372
5001.632015 -0.754576 -1.46687 1.92892 0.0579247 0.732279 0.638909 0.228492
5001.668878 -0.73616 -1.47009 1.93647 0.0601721 0.733198 0.639145 0.224262
5001.705741 -0.716218 -1.47461 1.94421 0.0631952 0.734034 0.639411 0.219898
5001.742605 -0.695669 -1.47845 1.95157 0.0674519 0.735633 0.638773 0.215088
5001.779468 -0.674785 -1.48398 1.95944 0.0706686 0.736181 0.639433 0.210164
5001.816332 -0.653983 -1.4904 1.96544 0.0731847 0.735921 0.640996 0.2054
5001.853195 -0.632969 -1.49693 1.97034 0.0749838 0.737116 0.640681 0.201409
5001.890058 -0.613044 -1.5036 1.97336 0.0756338 0.738491 0.640344 0.197154
5001.926922 -0.593691 -1.51166 1.97645 0.0740086 0.73784 0.64237 0.193586
5001.963785 -0.571895 -1.51965 1.97866 0.0691799 0.737881 0.643368 0.191897
5002.000649 -0.551757 -1.52779 1.97887 0.0620678 0.740023 0.641589 0.192036
5002.037512 -0.530577 -1.53535 1.97958 0.0564272 0.742866 0.639413 0.190043
5002.074375 -0.510058 -1.54353 1.98141 0.0521742 0.745054 0.638375 0.186145
5002.111239 -0.487677 -1.55058 1.98499 0.0497387 0.747592 0.636713 0.182289
5002.148102 -0.468417 -1.55698 1.98818 0.0485588 0.749486 0.63518 0.180162
5002.184966 -0.447802 -1.563 1.99332 0.0484363 0.750875 0.633874 0.179009
5002.221829 -0.425882 -1.56818 1.99741 0.0494716 0.751765 0.632758 0.178941
5002.258693 -0.402593 -1.57285 2.00149 0.0503341 0.752653 0.631518 0.179343
5002.295556 -0.380899 -1.57746 2.00683 0.0511213 0.75292 0.631395 0.178433
5002.332419 -0.357113 -1.58211 2.01443 0.0520303 0.753056 0.631896 0.175806
5002.369283 -0.334782 -1.58659 2.02202 0.0517096 0.754025 0.631657 0.172574
5002.406146 -0.308575 -1.59202 2.02895 0.0497461 0.755297 0.631043 0.169811
5002.443010 -0.283416 -1.59752 2.0365 0.0476318 0.756117 0.631279 0.165847
5002.479873 -0.257284 -1.6033 2.046 0.0462504 0.755843 0.63286 0.161398
5002.516736 -0.233156 -1.60903 2.05439 0.0458706 0.753889 0.636284 0.157132
5002.553600 -0.208917 -1.61475 2.06146 0.0467403 0.752064 0.639457 0.152679
5002.590463 -0.186312 -1.61902 2.0669 0.0473001 0.751952 0.640089 0.150388
5002.627327 -0.158356 -1.6241 2.07228 0.047099 0.750775 0.6417 0.149463
5002.664190 -0.134454 -1.62834 2.07537 0.0470222 0.748147 0.644914 0.148835
5002.701053 -0.1073 -1.63202 2.07922 0.0456982 0.746529 0.646917 0.148677
5002.737917 -0.0804651 -1.63507 2.08243 0.0441231 0.745943 0.647815 0.14818
5002.774780 -0.0549197 -1.6376 2.0855 0.0420844 0.745792 0.648458 0.146715
5002.811644 -0.0318591 -1.63969 2.0882 0.0397377 0.746334 0.648368 0.145004
5002.848507 -0.00599569 -1.6412 2.08981 0.03689 0.747327 0.647748 0.143402
5002.885371 0.0211462 -1.64241 2.09204 0.0341433 0.748706 0.646643 0.141868
5002.922234 0.0461085 -1.64241 2.0941 0.0316575 0.750741 0.644717 0.140449
5002.959097 0.0725545 -1.64108 2.09462 0.0296995 0.753124 0.64223 0.139505
5002.995961 0.100549 -1.63892 2.09585 0.0293776 0.754291 0.641044 0.138728
5003.032824 0.132548 -1.63635 2.09733 0.0300715 0.753882 0.641747 0.137547
5003.069688 0.157865 -1.63206 2.09796 0.031523 0.753117 0.642673 0.137087
5003.106551 0.184383 -1.62733 2.09862 0.0341351 0.752543 0.643329 0.136535
5003.143414 0.214439 -1.62297 2.10066 0.0374556 0.751169 0.645123 0.13475
5003.180278 0.242254 -1.61944 2.10209 0.0399744 0.74726 0.649986 0.132375
5003.217141 0.269634 -1.61937 2.10032 0.0408949 0.741043 0.657646 0.129173
5003.254005 0.294816 -1.6175 2.09763 0.0394989 0.740427 0.65843 0.12914
5003.290868 0.319547 -1.61668 2.09403 0.0378594 0.742599 0.655869 0.130191
5003.327732 0.345012 -1.61894 2.09076 0.0374624 0.741313 0.657775 0.127995
5003.364595 0.370443 -1.62213 2.08745 0.0368019 0.739823 0.659788 0.126438
5003.401458 0.399 -1.62593 2.08423 0.0344776 0.742134 0.657037 0.127874
5003.438322 0.422075 -1.62933 2.08077 0.0342959 0.74534 0.653171 0.129073
5003.475185 0.448527 -1.63391 2.07863 0.0353764 0.748073 0.650032 0.128817
5003.512048 0.473057 -1.63846 2.07649 0.0366212 0.750725 0.646953 0.128542
5003.548912 0.497612 -1.64264 2.07607 0.0376457 0.753275 0.644125 0.127526
5003.585775 0.524553 -1.64679 2.07701 0.0378873 0.755734 0.641685 0.125187
5003.622639 0.551023 -1.6491 2.07931 0.0375141 0.758925 0.638529 0.122094
5003.659502 0.573886 -1.65139 2.08136 0.0363771 0.760633 0.637343 0.117933
5003.696366 0.599716 -1.65388 2.0869 0.0352494 0.760606 0.63851 0.111987
5003.733229 0.623976 -1.65575 2.09288 0.0342273 0.760903 0.639206 0.106164
5003.770092 0.647643 -1.65804 2.09894 0.0341955 0.761978 0.638788 0.100846
5003.806956 0.673081 -1.66032 2.10704 0.0364041 0.761769 0.639954 0.094028
5003.843819 0.696276 -1.66457 2.11495 0.0407329 0.757826 0.64547 0.0860717
5003.880683 0.719706 -1.66898 2.12052 0.0451653 0.754939 0.649439 0.079094
5003.917546 0.741983 -1.67255 2.12428 0.0488742 0.754662 0.650131 0.0736634
5003.954410 0.764162 -1.67636 2.1292 0.0510682 0.753632 0.651822 0.0675173
5003.991273 0.78593 -1.68081 2.13272 0.0508238 0.751299 0.655039 0.062381
5004.028136 0.807063 -1.68461 2.13564 0.0476154 0.75027 0.656899 0.0575517
5004.065000 0.826614 -1.68705 2.13822 0.0440221 0.750812 0.657101 0.0506085
5004.101863 0.845031 -1.68915 2.13982 0.0409789 0.751033 0.657717 0.0409741
5004.138727 0.865151 -1.69022 2.14162 0.0371845 0.750952 0.658599 0.0305836
5004.175590 0.884192 -1.68989 2.1426 0.0329386 0.751125 0.658984 0.0215808
5004.212454 0.903386 -1.68793 2.14256 0.0285807 0.751655 0.658794 0.0137403
5004.249317 0.921753 -1.68475 2.14187 0.0259147 0.752193 0.6584 0.00657621
5004.286180 0.941456 -1.68059 2.1414 -0.0248518 -0.752044 -0.658644 0.000736311
5004.323044 0.960695 -1.67529 2.14133 -0.0254877 -0.752047 -0.658578 0.00717987
5004.359907 0.979931 -1.66908 2.13926 -0.0272251 -0.752429 -0.65799 0.012618
5004.396770 1.00003 -1.66227 2.13792 -0.0304928 -0.752756 -0.65736 0.0175172
5004.433634 1.01987 -1.65492 2.13602 -0.0353229 -0.752868 -0.656853 0.0220319
5004.470497 1.0385 -1.64723 2.13502 -0.0410025 -0.753007 -0.656185 0.0268558
5004.507361 1.05888 -1.63964 2.13321 -0.0463867 -0.751723 -0.65706 0.0321368
5004.544224 1.07846 -1.63369 2.13092 -0.051635 -0.746459 -0.662299 0.0386341
5004.581088 1.0976 -1.62988 2.12531 -0.0545797 -0.739416 -0.66944 0.0461991
5004.617951 1.11601 -1.62496 2.12025 -0.053752 -0.739449 -0.669095 0.0513578
5004.654814 1.13442 -1.62034 2.11375 -0.0524729 -0.742398 -0.665458 0.0570806
5004.691678 1.15286 -1.61876 2.10665 -0.0534813 -0.74056 -0.666634 0.065651
5004.728541 1.17055 -1.6178 2.09944 -0.0544544 -0.738074 -0.668617 0.0723302
5004.765405 1.18623 -1.61619 2.09162 -0.0527767 -0.739153 -0.667369 0.0740644
5004.802268 1.20197 -1.615 2.08263 -0.0513082 -0.740964 -0.665351 0.0751506
5004.839132 1.2184 -1.61413 2.07484 -0.0513693 -0.741752 -0.664063 0.0786509
5004.875995 1.23448 -1.61338 2.06814 -0.05264 -0.74252 -0.662462 0.0838855
5004.912858 1.25057 -1.61219 2.06275 -0.0536746 -0.744 -0.659893 0.0901333
5004.949722 1.26733 -1.61051 2.05836 -0.0540464 -0.745455 -0.657078 0.0981015
5004.986585 1.28307 -1.60873 2.05497 -0.0543802 -0.746259 -0.654668 0.107474
5005.023449 1.29979 -1.60648 2.05217 -0.0540838 -0.746583 -0.652512 0.117971
5005.060312 1.31747 -1.60398 2.04882 -0.0529948 -0.746219 -0.650942 0.128929
5005.097176 1.33663 -1.60149 2.04601 -0.0519834 -0.7458 -0.649158 0.140262
5005.134039 1.35646 -1.5986 2.0443 -0.0508837 -0.745744 -0.646796 0.151436
5005.170902 1.37706 -1.59624 2.04207 -0.0515471 -0.744734 -0.644919 0.163686
5005.207766 1.39873 -1.59368 2.04123 -0.0531976 -0.743955 -0.642283 0.176558
5005.244629 1.42047 -1.59139 2.03979 -0.0557437 -0.741667 -0.641266 0.188682
5005.281492 1.44268 -1.59033 2.0379 -0.0597547 -0.736183 -0.643571 0.200701
5005.318356 1.46407 -1.59005 2.0358 -0.0633 -0.731021 -0.645378 0.212341
5005.355219 1.48516 -1.5883 2.03257 -0.0645029 -0.730183 -0.642726 0.222654
5005.392083 1.50457 -1.58675 2.02983 -0.0656457 -0.729685 -0.639969 0.231713
5005.428946 1.52297 -1.58567 2.02612 -0.0668579 -0.727088 -0.640095 0.239063
5005.465810 1.54033 -1.5838 2.02116 -0.0684472 -0.723652 -0.641226 0.245911
5005.502673 1.55747 -1.58027 2.01584 -0.0687483 -0.721092 -0.641597 0.252296
5005.539536 1.57363 -1.57611 2.01017 -0.0699406 -0.718224 -0.641528 0.260201
5005.576400 1.58919 -1.57082 2.00598 -0.0702362 -0.715107 -0.641545 0.268531
5005.613263 1.60573 -1.56412 2.00064 -0.0690472 -0.711573 -0.641762 0.277556
5005.650127 1.62069 -1.55696 1.99481 -0.0662773 -0.707896 -0.642333 0.286179
5005.686990 1.63559 -1.54857 1.98744 -0.0623022 -0.704541 -0.642287 0.29531
5005.723854 1.65074 -1.53903 1.9803 -0.0575888 -0.702377 -0.640968 0.304155
5005.760717 1.6644 -1.52871 1.97208 -0.0547473 -0.70069 -0.639027 0.312539
5005.797580 1.67874 -1.51713 1.96435 -0.0532973 -0.699635 -0.636424 0.320368
5005.834444 1.69192 -1.50511 1.95548 -0.0538681 -0.698932 -0.634026 0.3265
5005.871307 1.70551 -1.49256 1.94642 -0.0566716 -0.698424 -0.631764 0.331461
5005.908171 1.71981 -1.47948 1.93681 -0.0606816 -0.698554 -0.629122 0.335477
5005.945034 1.73277 -1.46687 1.92594 -0.0662194 -0.699077 -0.626035 0.339096
5005.981898 1.74642 -1.45437 1.91524 -0.0744111 -0.697809 -0.623694 0.344283
5006.018761 1.75964 -1.44415 1.90215 -0.0844335 -0.693453 -0.62402 0.350133
5006.055624 1.77045 -1.43468 1.88855 -0.0902582 -0.691176 -0.623162 0.35468
5006.092488 1.77924 -1.42537 1.87641 -0.0908107 -0.692308 -0.620052 0.35777
5006.129351 1.79234 -1.41662 1.86083 -0.0923214 -0.68835 -0.62024 0.364627
5006.166214 1.80272 -1.4098 1.84769 -0.0931145 -0.682866 -0.622362 0.371065
5006.203078 1.81306 -1.40241 1.83464 -0.0902815 -0.679979 -0.622373 0.377001
5006.239941 1.82299 -1.39573 1.82048 -0.0868146 -0.676748 -0.622077 0.384053
5006.276805 1.83396 -1.38898 1.80734 -0.084318 -0.672754 -0.621151 0.39302
5006.313668 1.84376 -1.38283 1.79637 -0.0807053 -0.67057 -0.61905 0.400748
5006.350532 1.85659 -1.37386 1.78031 -0.0774324 -0.667983 -0.615804 0.410596
5006.387395 1.86988 -1.36487 1.7664 -0.0739813 -0.666221 -0.61259 0.41882
5006.424258 1.88325 -1.35468 1.75161 -0.0707174 -0.665051 -0.60875 0.426765
5006.461122 1.89707 -1.34423 1.73874 -0.0687443 -0.664175 -0.604785 0.434029
5006.497985 1.91359 -1.33175 1.72308 -0.0686296 -0.661749 -0.601699 0.44197
5006.534849 1.92955 -1.31939 1.70874 -0.0689155 -0.6601 -0.598609 0.448537
5006.571712 1.94675 -1.30688 1.6938 -0.0687794 -0.659394 -0.595238 0.45405
5006.608576 1.9636 -1.29439 1.67944 -0.0708553 -0.658265 -0.591583 0.460105
5006.645439 1.98185 -1.28282 1.66458 -0.0756799 -0.654265 -0.590162 0.466818
5006.682302 1.9991 -1.27178 1.649 -0.0811772 -0.650092 -0.588488 0.473786
5006.719166 2.01395 -1.26146 1.63373 -0.0832519 -0.648612 -0.584865 0.4799
5006.756029 2.02877 -1.25099 1.61857 -0.0846397 -0.646503 -0.581991 0.485959
5006.792893 2.04282 -1.24086 1.60275 -0.0864505 -0.642454 -0.58163 0.491412
5006.829756 2.05426 -1.23212 1.58768 -0.0866787 -0.638259 -0.582043 0.496325
5006.866619 2.0657 -1.22166 1.57198 -0.0849768 -0.634271 -0.58156 0.502262
5006.903483 2.07502 -1.21136 1.55755 -0.0833193 -0.630239 -0.580198 0.509143
5006.940346 2.08455 -1.20002 1.54328 -0.0816733 -0.625674 -0.578746 0.516638
5006.977210 2.09254 -1.1871 1.52851 -0.0799739 -0.621447 -0.577058 0.523843
5007.014073 2.09953 -1.17307 1.51426 -0.0772621 -0.618351 -0.574985 0.530155
5007.050936 2.10586 -1.15711 1.49975 -0.0750475 -0.615454 -0.572372 0.536632
5007.087800 2.11072 -1.14101 1.48494 -0.0741762 -0.612741 -0.569361 0.543024
5007.124663 2.11434 -1.12321 1.47042 -0.0737161 -0.610804 -0.565413 0.549356
5007.161527 2.11709 -1.10601 1.45463 -0.0740985 -0.609091 -0.5622 0.554481
5007.198390 2.11905 -1.08803 1.43912 -0.0752732 -0.608147 -0.55769 0.559886
5007.235254 2.12165 -1.07012 1.42277 -0.0778572 -0.607434 -0.552213 0.565706
5007.272117 2.12405 -1.05235 1.40596 -0.0812283 -0.607021 -0.545197 0.57244
5007.308980 2.12608 -1.03521 1.38949 -0.0839166 -0.607017 -0.538103 0.578734
5007.345844 2.1276 -1.0185 1.3726 -0.0887782 -0.604765 -0.5329 0.585145
5007.382707 2.12934 -1.00444 1.35504 -0.0963378 -0.598577 -0.531082 0.591926
5007.419571 2.12971 -0.988994 1.33726 -0.0992608 -0.594309 -0.528088 0.598387
5007.456434 2.12864 -0.974733 1.32048 -0.0981791 -0.591219 -0.526154 0.60331
5007.493297 2.12826 -0.962268 1.30305 -0.101686 -0.58338 -0.527293 0.609336
5007.530161 2.12722 -0.951392 1.28494 -0.106741 -0.573156 -0.529833 0.615935
5007.567024 2.12604 -0.939172 1.26797 -0.105037 -0.567282 -0.529961 0.621529
5007.603888 2.12467 -0.928286 1.25049 -0.103025 -0.562222 -0.528762 0.627457
5007.640751 2.12543 -0.917395 1.23324 -0.102568 -0.556225 -0.526436 0.634791
5007.677614 2.12598 -0.906045 1.21593 -0.100001 -0.552073 -0.523203 0.641462
5007.714478 2.12825 -0.89333 1.19861 -0.0957681 -0.549147 -0.519213 0.64783
5007.751341 2.13122 -0.880192 1.18111 -0.0912683 -0.546413 -0.515436 0.65378
5007.788205 2.13454 -0.8664 1.16432 -0.0870272 -0.544734 -0.511373 0.65893
5007.825068 2.13808 -0.851176 1.14605 -0.0831322 -0.543416 -0.507436 0.663549
5007.861932 2.14171 -0.835225 1.1273 -0.0807637 -0.542341 -0.503016 0.66807
5007.898795 2.14564 -0.818762 1.10839 -0.0803365 -0.54137 -0.498784 0.67207
5007.935658 2.14914 -0.802549 1.08836 -0.0818571 -0.54027 -0.49493 0.675612
5007.972522 2.15291 -0.786309 1.06802 -0.0837693 -0.539487 -0.489704 0.679799
5008.009385 2.15642 -0.769198 1.04768 -0.0860885 -0.538233 -0.484864 0.68396
5008.046249 2.16052 -0.754692 1.02643 -0.0930173 -0.533676 -0.482321 0.688407
5008.083112 2.16361 -0.740326 1.00511 -0.0974276 -0.529363 -0.479442 0.693122
5008.119975 2.16581 -0.726476 0.985446 -0.0962489 -0.527276 -0.47573 0.697422
5008.156839 2.168 -0.713903 0.965579 -0.0963672 -0.522892 -0.472938 0.702586
5008.193702 2.16988 -0.701816 0.946021 -0.0973322 -0.517409 -0.471344 0.707565
5008.230566 2.17084 -0.690504 0.927665 -0.0974684 -0.512387 -0.469849 0.71218
5008.267429 2.16951 -0.678897 0.909135 -0.0960124 -0.50807 -0.468034 0.716652
5008.304292 2.16716 -0.667646 0.891936 -0.0933126 -0.504569 -0.465683 0.721001
5008.341156 2.16324 -0.655751 0.874287 -0.0904686 -0.500191 -0.463025 0.726108
5008.378019 2.15818 -0.644204 0.857489 -0.0888568 -0.494852 -0.45985 0.731959
5008.414883 2.15228 -0.631102 0.840741 -0.0866303 -0.489536 -0.456502 0.737872
5008.451746 2.1444 -0.617531 0.825301 -0.0825111 -0.485612 -0.453163 0.742977
5008.488610 2.13637 -0.604008 0.811139 -0.0790602 -0.481819 -0.449933 0.74777
5008.525473 2.12732 -0.589264 0.797215 -0.0769198 -0.47793 -0.445771 0.752964
5008.562336 2.11678 -0.574571 0.783756 -0.0756602 -0.47467 -0.441286 0.75778
5008.599200 2.10575 -0.559735 0.769756 -0.0760639 -0.471972 -0.436417 0.762231
5008.636063 2.09468 -0.545525 0.756947 -0.0763442 -0.471363 -0.430062 0.766183
5008.672927 2.08339 -0.531549 0.744318 -0.0769003 -0.471994 -0.421889 0.770271
5008.709790 2.07156 -0.519604 0.730887 -0.0823786 -0.470854 -0.413788 0.774784
5008.746653 2.06241 -0.51085 0.717452 -0.0938455 -0.46681 -0.407605 0.779192
5008.783517 2.05143 -0.502719 0.704176 -0.100174 -0.463788 -0.400608 0.783823
5008.820380 2.03922 -0.495613 0.690623 -0.0982599 -0.462659 -0.395748 0.787195
5008.857244 2.02846 -0.489367 0.675725 -0.0987312 -0.457504 -0.391737 0.792139
5008.894107 2.01848 -0.484959 0.661281 -0.0993743 -0.449607 -0.388207 0.798294
5008.930970 2.0082 -0.481494 0.647745 -0.0949014 -0.443571 -0.386544 0.803008
5008.967834 1.99679 -0.478324 0.63343 -0.0907035 -0.436679 -0.383728 0.808602
5009.004697 1.98713 -0.475776 0.619396 -0.0884324 -0.4287 -0.381279 0.814262
5009.041561 1.97804 -0.472459 0.60618 -0.084971 -0.421581 -0.378164 0.819781
5009.078424 1.96863 -0.468229 0.593346 -0.0799664 -0.415423 -0.37455 0.825071
5009.115288 1.96209 -0.462955 0.580481 -0.0775837 -0.409105 -0.37094 0.830071
5009.152151 1.9569 -0.45641 0.568742 -0.0765331 -0.402583 -0.365102 0.835925
5009.189014 1.95297 -0.449098 0.55697 -0.0754775 -0.396736 -0.358202 0.841781
5009.225878 1.94963 -0.440645 0.544732 -0.0745784 -0.391096 -0.350589 0.847684
5009.262741 1.94825 -0.430969 0.531714 -0.0747205 -0.385677 -0.343031 0.853229
5009.299605 1.94785 -0.422332 0.518513 -0.0742257 -0.380854 -0.335586 0.858384
5009.336468 1.94734 -0.41228 0.504652 -0.070748 -0.375734 -0.326547 0.864399
5009.373331 1.94885 -0.402934 0.4894 -0.0696902 -0.369091 -0.317728 0.870611
5009.410195 1.9506 -0.393846 0.472336 -0.0732239 -0.35918 -0.306787 0.878356
5009.447058 1.95291 -0.386092 0.455534 -0.0750077 -0.349333 -0.295145 0.886132
5009.483922 1.95521 -0.378743 0.43861 -0.0732489 -0.341364 -0.284644 0.892795
5009.520785 1.95822 -0.372144 0.42207 -0.0718521 -0.33429 -0.275497 0.898437
5009.557648 1.9617 -0.365212 0.405589 -0.0699668 -0.328072 -0.268051 0.903118
5009.594512 1.9639 -0.358501 0.389826 -0.0671344 -0.32211 -0.260955 0.907546
5009.631375 1.96662 -0.352396 0.375007 -0.0648316 -0.315552 -0.254419 0.911863
5009.668239 1.96714 -0.346243 0.360312 -0.0613717 -0.307916 -0.247632 0.91657
5009.705102 1.96776 -0.34072 0.347529 -0.0558631 -0.300237 -0.241768 0.921024
5009.741966 1.96611 -0.335316 0.335229 -0.0498394 -0.292145 -0.235603 0.925559
5009.778829 1.96423 -0.331728 0.324302 -0.0437952 -0.28489 -0.231054 0.929265
5009.815692 1.9603 -0.327487 0.31421 -0.0377954 -0.277956 -0.226223 0.93281
5009.852556 1.95385 -0.323174 0.305033 -0.0323741 -0.271547 -0.221072 0.936131
5009.889419 1.9476 -0.319556 0.297567 -0.0279811 -0.266151 -0.216508 0.938885
5009.926283 1.93889 -0.31514 0.290732 -0.0238616 -0.261012 -0.212247 0.941411
5009.963146 1.92909 -0.30975 0.285192 -0.0197187 -0.256678 -0.207376 0.943781
5010.000010 1.919 -0.30493 0.281037 -0.0169775 -0.253412 -0.202342 0.945807
5010.036873 1.90823 -0.29872 0.277536 -0.0145185 -0.251186 -0.197187 0.947529
5010.073736 1.89623 -0.292599 0.274711 -0.0137491 -0.248981 -0.191095 0.94937
5010.110600 1.88596 -0.286579 0.273987 -0.0134049 -0.247303 -0.183645 0.951281
5010.147463 1.87264 -0.27988 0.272056 -0.0151615 -0.24395 -0.176265 0.953514
5010.184326 1.85826 -0.273901 0.270392 -0.0200887 -0.239637 -0.169729 0.9557
5010.221190 1.84477 -0.267568 0.268555 -0.0274526 -0.233951 -0.163917 0.957938
5010.258053 1.83028 -0.26299 0.266534 -0.0323678 -0.227703 -0.159416 0.960047
5010.294917 1.81464 -0.261134 0.26711 -0.0309698 -0.221646 -0.155507 0.962149
5010.331780 1.79837 -0.258396 0.265812 -0.0302629 -0.214772 -0.15231 0.96424
5010.368644 1.78533 -0.254292 0.262688 -0.0362315 -0.206581 -0.148724 0.966381
5010.405507 1.76911 -0.251832 0.259557 -0.0409154 -0.198539 -0.145807 0.968323
5010.442370 1.75367 -0.250492 0.258034 -0.0407348 -0.193522 -0.14617 0.969291
5010.479234 1.73844 -0.248618 0.255172 -0.0424562 -0.189335 -0.147526 0.969838
5010.516097 1.7222 -0.246667 0.251338 -0.0463962 -0.184717 -0.148772 0.970358
5010.552961 1.70568 -0.244097 0.248561 -0.047441 -0.180946 -0.150148 0.970806
5010.589824 1.68887 -0.240877 0.24522 -0.047663 -0.176584 -0.1511 0.97145
5010.626688 1.67093 -0.237524 0.242211 -0.0484468 -0.170891 -0.151077 0.972433
5010.663551 1.65335 -0.231234 0.237986 -0.0487338 -0.164037 -0.151313 0.973561
5010.700414 1.6352 -0.225034 0.233837 -0.0495585 -0.156195 -0.151235 0.974821
5010.737278 1.61766 -0.21986 0.230488 -0.0487261 -0.148832 -0.151861 0.975916
5010.774141 1.59756 -0.2137 0.226359 -0.0468636 -0.142125 -0.151166 0.977115
5010.811005 1.57878 -0.207948 0.221983 -0.044136 -0.137601 -0.148666 0.978272
5010.847868 1.55784 -0.203483 0.219295 -0.0422191 -0.13452 -0.14309 0.979616
5010.884732 1.53933 -0.198669 0.2137 -0.0459554 -0.133925 -0.136975 0.980403
5010.921595 1.52043 -0.194472 0.209235 -0.0505349 -0.135483 -0.12915 0.981025
5010.958458 1.50051 -0.190634 0.204922 -0.0521235 -0.140267 -0.123097 0.981048
5010.995321 1.48141 -0.187529 0.201058 -0.0535412 -0.146286 -0.117192 0.980816
5011.032185 1.46394 -0.184144 0.197135 -0.05599 -0.151241 -0.111555 0.980585
5011.069048 1.44561 -0.180641 0.193723 -0.0580212 -0.1542 -0.106308 0.980589
5011.105912 1.4275 -0.177372 0.190929 -0.0591192 -0.154976 -0.102416 0.980815
5011.142775 1.40979 -0.175099 0.189563 -0.0594541 -0.153701 -0.100348 0.981209
5011.179639 1.39175 -0.172953 0.18863 -0.0591519 -0.149942 -0.0990114 0.981944
5011.216502 1.37109 -0.169401 0.188117 -0.0574356 -0.143422 -0.0978868 0.983133
5011.253365 1.3518 -0.168066 0.189027 -0.0550924 -0.13629 -0.0962311 0.984444
5011.290229 1.33212 -0.167656 0.19137 -0.0516009 -0.128991 -0.0938743 0.985843
5011.327092 1.31013 -0.167072 0.193535 -0.0482466 -0.122034 -0.0912295 0.987146
5011.363956 1.2907 -0.1669 0.196669 -0.0454988 -0.116714 -0.0885169 0.988166
5011.400819 1.26727 -0.165928 0.200553 -0.0418343 -0.112394 -0.0849289 0.989143
5011.437683 1.24513 -0.165536 0.203934 -0.0389528 -0.110666 -0.082243 0.989683
5011.474546 1.2235 -0.165686 0.208291 -0.035459 -0.110859 -0.0788627 0.990067
5011.511409 1.20096 -0.16647 0.212466 -0.0318461 -0.112689 -0.0746018 0.990314
5011.548273 1.17766 -0.167628 0.214674 -0.0316648 -0.115361 -0.068807 0.990432
5011.585136 1.15492 -0.170971 0.216492 -0.0341549 -0.117212 -0.0609627 0.990645
5011.622000 1.1327 -0.176253 0.218738 -0.0325035 -0.11877 -0.0560405 0.990806
5011.658863 1.11099 -0.181534 0.221354 -0.0272143 -0.119023 -0.0542247 0.991036
5011.695727 1.08889 -0.187197 0.222479 -0.0262221 -0.116702 -0.0529 0.99141
5011.732590 1.06757 -0.191682 0.2221 -0.0291568 -0.111648 -0.0514476 0.991987
5011.769454 1.04447 -0.196375 0.222712 -0.0288851 -0.105987 -0.0530515 0.992531
5011.806317 1.02224 -0.200716 0.222902 -0.0273049 -0.100428 -0.0568872 0.992941
5011.843180 0.998815 -0.20387 0.222865 -0.0263065 -0.0942939 -0.0599426 0.99339
5011.880043 0.975436 -0.205883 0.22246 -0.0245775 -0.088503 -0.0625042 0.993809
5011.916907 0.951198 -0.206529 0.222551 -0.02227 -0.0840204 -0.0651128 0.994085
5011.953770 0.926763 -0.205324 0.221525 -0.0216486 -0.0804624 -0.066152 0.994324
5011.990634 0.901696 -0.203594 0.221465 -0.0217224 -0.0785345 -0.0669201 0.994426
5012.027497 0.875837 -0.200335 0.220017 -0.022883 -0.0784007 -0.068394 0.99431
5012.064361 0.848851 -0.196246 0.218446 -0.0247931 -0.0791535 -0.0691715 0.994151
5012.101224 0.822997 -0.192286 0.216106 -0.0258559 -0.0811111 -0.0712449 0.993819
5012.138087 0.796363 -0.187489 0.213025 -0.0264645 -0.0830832 -0.0718427 0.993597
5012.174951 0.768724 -0.18134 0.208095 -0.0272597 -0.0840855 -0.0699188 0.993629
5012.211814 0.74259 -0.175126 0.202576 -0.026025 -0.0850105 -0.0673961 0.993757
5012.248678 0.716983 -0.169102 0.196982 -0.0228352 -0.0846138 -0.0642251 0.99408
5012.285541 0.692216 -0.162792 0.191091 -0.0208677 -0.0832018 -0.0614627 0.994417
5012.322405 0.667629 -0.155732 0.183472 -0.0238346 -0.0798132 -0.0578239 0.994846
5012.359268 0.642817 -0.148921 0.176158 -0.02801 -0.0747237 -0.0531308 0.995394
5012.396131 0.620647 -0.144715 0.170998 -0.0299993 -0.070969 -0.0523433 0.995652
5012.432995 0.599532 -0.140135 0.165739 -0.0321556 -0.067911 -0.0544668 0.995684
5012.469858 0.578281 -0.136134 0.161342 -0.0361691 -0.0645931 -0.0547893 0.99575
5012.506722 0.558273 -0.132613 0.157509 -0.0390297 -0.0614854 -0.0537412 0.995896
5012.543585 0.538039 -0.129266 0.155752 -0.0386249 -0.0590309 -0.0533508 0.996081
5012.580449 0.520099 -0.126141 0.154264 -0.0389789 -0.0574004 -0.0528786 0.996188
5012.617312 0.501571 -0.122498 0.15348 -0.0412957 -0.0549797 -0.0506993 0.996344
5012.654175 0.482733 -0.119112 0.153376 -0.0437867 -0.053021 -0.0493625 0.996411
5012.691039 0.465502 -0.116384 0.155167 -0.0439527 -0.0533243 -0.0507454 0.996318
5012.727902 0.448911 -0.113145 0.15707 -0.0440567 -0.0544675 -0.0528027 0.996145
5012.764765 0.43324 -0.109856 0.15935 -0.0443728 -0.0560771 -0.0540737 0.995973
5012.801629 0.418548 -0.106487 0.162105 -0.0426832 -0.0582724 -0.0546787 0.995888
5012.838492 0.405102 -0.103298 0.164381 -0.040562 -0.0614452 -0.0545271 0.995794
5012.875356 0.391411 -0.100294 0.165872 -0.0385182 -0.0641584 -0.0524761 0.995814
5012.912219 0.379384 -0.098427 0.167683 -0.0347207 -0.0688137 -0.0501377 0.995764
5012.949083 0.369526 -0.0980098 0.169407 -0.0326402 -0.0778035 -0.0514561 0.995105
5012.985946 0.359785 -0.0981222 0.167456 -0.0365751 -0.0861083 -0.0525037 0.994229
5013.022809 0.350149 -0.0992007 0.166713 -0.0407851 -0.0917812 -0.0493538 0.993719
5013.059673 0.341704 -0.0991984 0.162889 -0.0438314 -0.0952506 -0.0466494 0.993393
5013.096536 0.333188 -0.0987731 0.157884 -0.0456967 -0.0961782 -0.0434602 0.993364
