2989.023949 0 0 0 0 0 0 1
2989.060813 0.00537807 0.000823846 -0.00222096 0.00374885 -0.00204502 0.00394476 0.999983
2989.097676 0.00570986 0.00354612 -0.00470369 0.00771238 -0.00436921 0.0102195 0.999908
2989.134539 0.00814104 0.00553357 -0.00707012 0.00751052 -0.00860557 0.0150988 0.999821
2989.171402 0.00803252 0.00762185 -0.0102765 0.00441738 -0.0121009 0.0203277 0.99971
2989.208266 0.00848114 0.00949687 -0.0129194 0.00318056 -0.0151889 0.0252091 0.999562
2989.245129 0.00859652 0.0110045 -0.0157692 0.00448122 -0.0176406 0.0286884 0.999423
2989.281993 0.00707575 0.0130634 -0.0193985 0.00594666 -0.0174779 0.0323768 0.999305
2989.318856 0.00428737 0.0149157 -0.0237769 0.00558449 -0.0156816 0.0364971 0.999195
2989.355719 0.000361221 0.017132 -0.0279481 0.00596482 -0.0129999 0.0405254 0.999076
2989.392583 -0.00409723 0.0185077 -0.0320944 0.0066513 -0.00949369 0.0441688 0.998957
2989.429446 -0.0111801 0.0207275 -0.0360867 0.00712981 -0.00477275 0.0467827 0.998868
2989.466309 -0.0178859 0.0237806 -0.0402334 0.00709747 -0.000105999 0.0485773 0.998794
2989.503173 -0.0276024 0.027272 -0.0440302 0.00744003 0.00470879 0.0481552 0.998801
2989.540036 -0.036577 0.0298375 -0.0475537 0.00665123 0.00864484 0.0479729 0.998789
2989.576899 -0.0454496 0.0345647 -0.0509401 0.00543331 0.0133518 0.0515179 0.998568
2989.613763 -0.0571935 0.038659 -0.0550189 0.00330937 0.0180987 0.0571862 0.998194
2989.650626 -0.0674915 0.042187 -0.0584436 0.00327218 0.021004 0.0609672 0.997913
2989.687489 -0.0782462 0.0454825 -0.0615945 0.00514714 0.0240259 0.06272 0.997729
2989.724353 -0.0882123 0.0485409 -0.0653675 0.0054219 0.0284814 0.0653812 0.997439
2989.761216 -0.098797 0.0518163 -0.0683706 0.00472693 0.0345028 0.0696485 0.996964
2989.798079 -0.106863 0.0543262 -0.0713441 0.00295013 0.0390948 0.0729527 0.996565
2989.834943 -0.117146 0.0562556 -0.0735966 0.000551656 0.0434373 0.0763988 0.996131
2989.871806 -0.124331 0.0571539 -0.0750901 -0.00094676 0.0463223 0.0787442 0.995818
2989.908669 -0.13154 0.0571748 -0.0756515 -0.00113338 0.0497585 0.0810362 0.995468
2989.945533 -0.138498 0.0583091 -0.0764651 -0.00161808 0.0540361 0.0832156 0.995064
2989.982396 -0.146306 0.0576732 -0.07664 -0.00284476 0.0583627 0.0854841 0.994625
2990.019259 -0.154587 0.0573099 -0.0761048 -0.00287497 0.0623556 0.086695 0.994277
2990.056123 -0.160809 0.0569693 -0.0751589 -0.00276411 0.0652051 0.0868386 0.994082
2990.092986 -0.166837 0.0553129 -0.0734715 -0.00360699 0.0677198 0.0877825 0.993829
2990.129850 -0.174723 0.0536224 -0.0709628 -0.00471193 0.0705481 0.0895744 0.993467
2990.166713 -0.180774 0.0513787 -0.0679688 -0.00510611 0.0719351 0.0906645 0.993267
2990.203576 -0.189936 0.0502665 -0.0638371 -0.00481324 0.0737474 0.0916938 0.993041
2990.240439 -0.196827 0.0481568 -0.0598313 -0.00573299 0.0746513 0.0930463 0.992843
2990.277303 -0.203412 0.0470914 -0.0552567 -0.00687667 0.0756256 0.094428 0.992631
2990.314166 -0.213998 0.0450027 -0.0495911 -0.00783826 0.0775171 0.0959206 0.992335
2990.351030 -0.221725 0.0426215 -0.0438305 -0.00878699 0.0787314 0.0965006 0.992175
2990.387893 -0.23095 0.040849 -0.0380502 -0.0104677 0.0811353 0.0981863 0.9918
2990.424756 -0.240471 0.0381104 -0.0316743 -0.0118625 0.084123 0.100133 0.99134
2990.461620 -0.251084 0.0362204 -0.0254889 -0.0127872 0.0879115 0.101864 0.990824
2990.498483 -0.261773 0.0319419 -0.0191087 -0.0125424 0.0909146 0.10344 0.990393
2990.535346 -0.272858 0.0286686 -0.0121886 -0.01041 0.0927237 0.104264 0.990163
2990.572210 -0.284554 0.0240579 -0.00593498 -0.0113269 0.0935451 0.106102 0.98988
2990.609073 -0.296005 0.0198337 -0.000390105 -0.0146697 0.0942019 0.108614 0.989502
2990.645936 -0.307464 0.0160553 0.00523773 -0.0164781 0.0948126 0.111339 0.989112
2990.682800 -0.316443 0.0124732 0.0108522 -0.0152149 0.0951021 0.112404 0.988984
2990.719663 -0.327266 0.00801982 0.0158798 -0.014958 0.0970949 0.113265 0.988696
2990.756526 -0.336526 0.00507236 0.0195098 -0.017225 0.10007 0.114168 0.988259
2990.793390 -0.347934 0.00278049 0.0229418 -0.0197827 0.104741 0.115976 0.987516
2990.830253 -0.357313 -0.00054352 0.0259038 -0.0221974 0.107837 0.116571 0.987061
2990.867116 -0.36688 -0.00387302 0.0288859 -0.0222332 0.1098 0.115304 0.986993
2990.903980 -0.377679 -0.00777289 0.0319208 -0.0224152 0.111891 0.114059 0.986899
2990.940843 -0.387727 -0.0105862 0.0339314 -0.0240439 0.113696 0.113976 0.986663
2990.977706 -0.397731 -0.0119022 0.0354958 -0.0236799 0.115184 0.114304 0.986462
2991.014570 -0.408517 -0.0129694 0.0367818 -0.0220466 0.116057 0.113721 0.986465
2991.051433 -0.421038 -0.0134774 0.0374468 -0.0217248 0.117174 0.113865 0.986323
2991.088296 -0.432888 -0.0126317 0.0366684 -0.0218094 0.118033 0.113764 0.98623
2991.125160 -0.444358 -0.0114429 0.0355698 -0.0207205 0.11876 0.113857 0.986156
2991.162023 -0.45636 -0.0102991 0.0328638 -0.0211415 0.120986 0.11469 0.98578
2991.198886 -0.470367 -0.00852141 0.029857 -0.0215 0.124907 0.11762 0.984937
2991.235750 -0.482125 -0.00549458 0.0261138 -0.0193317 0.12849 0.119616 0.984281
2991.272613 -0.495799 -0.00223122 0.0217131 -0.0176804 0.132055 0.121493 0.98361
2991.309477 -0.510339 0.00158008 0.0166264 -0.016925 0.135835 0.123494 0.982859
2991.346340 -0.524739 0.00536124 0.0110111 -0.015711 0.139222 0.12651 0.982021
2991.383203 -0.539452 0.00945616 0.00493814 -0.0134062 0.142536 0.130391 0.981072
2991.420066 -0.555716 0.0142749 -0.000852458 -0.00972481 0.14588 0.13413 0.980119
2991.456930 -0.570772 0.0196589 -0.00775144 -0.00801695 0.148561 0.137605 0.97925
2991.493793 -0.586895 0.0239138 -0.0153005 -0.0082383 0.151565 0.141948 0.978167
2991.530657 -0.601718 0.0288524 -0.0230048 -0.00713995 0.154645 0.145456 0.977178
2991.567520 -0.616853 0.034614 -0.0319638 -0.00624564 0.158344 0.14978 0.975938
2991.604383 -0.631144 0.0404801 -0.0416609 -0.0049797 0.161412 0.152928 0.974954
2991.641247 -0.647523 0.0459002 -0.0515417 -0.00443056 0.164607 0.156101 0.973919
2991.678110 -0.661206 0.0508811 -0.0619302 -0.00346477 0.167167 0.159168 0.972989
2991.714973 -0.676319 0.0574524 -0.0731128 -0.00205795 0.170701 0.162226 0.971874
2991.751837 -0.691414 0.0633118 -0.0839387 -0.000770546 0.174367 0.165084 0.970743
2991.788700 -0.705292 0.0674541 -0.095149 8.87233e-05 0.17745 0.165978 0.970032
2991.825563 -0.719388 0.0734866 -0.106056 0.00219027 0.181338 0.167027 0.96913
2991.862426 -0.730146 0.0780512 -0.117669 0.00476232 0.184287 0.167225 0.96853
2991.899290 -0.74329 0.0810575 -0.12702 0.00641768 0.187733 0.167596 0.967795
2991.936153 -0.754092 0.085124 -0.137723 0.00576722 0.190098 0.168224 0.967228
2991.973017 -0.765965 0.0900771 -0.146545 0.00780646 0.192884 0.169152 0.9665
2992.009880 -0.77614 0.0947362 -0.154048 0.0121793 0.194715 0.169043 0.966107
2992.046743 -0.78463 0.0998742 -0.161185 0.0162187 0.19564 0.169159 0.96584
2992.083607 -0.793808 0.102753 -0.167683 0.0178678 0.196464 0.170008 0.965495
2992.120470 -0.801493 0.105863 -0.173202 0.0190109 0.197247 0.171166 0.965108
2992.157333 -0.81015 0.109511 -0.177897 0.0198178 0.198083 0.172831 0.964624
2992.194197 -0.818435 0.112551 -0.181452 0.0216595 0.198607 0.174163 0.964237
2992.231060 -0.825067 0.11706 -0.185191 0.0253272 0.198076 0.174155 0.964259
2992.267923 -0.832027 0.11945 -0.188924 0.027743 0.197298 0.174872 0.964222
2992.304787 -0.840131 0.122236 -0.192071 0.0315087 0.195913 0.175513 0.964272
2992.341650 -0.847416 0.125597 -0.194014 0.038221 0.19362 0.174891 0.964605
2992.378514 -0.854708 0.127565 -0.197074 0.0431973 0.190888 0.174382 0.965032
2992.415377 -0.863885 0.130236 -0.198582 0.0475236 0.18902 0.174115 0.965244
2992.452240 -0.873091 0.132427 -0.200096 0.0501523 0.188561 0.173849 0.965249
2992.489103 -0.883831 0.135216 -0.201361 0.0498115 0.18994 0.175016 0.964786
2992.525967 -0.893189 0.138917 -0.203227 0.0485632 0.192013 0.176934 0.964089
2992.562830 -0.903414 0.140169 -0.203974 0.0490217 0.194299 0.177129 0.963571
2992.599694 -0.914724 0.141625 -0.204732 0.0508824 0.197778 0.177343 0.962728
2992.636557 -0.924294 0.144018 -0.206076 0.052977 0.20132 0.179525 0.961475
2992.673420 -0.934475 0.146131 -0.207985 0.0544609 0.203588 0.181152 0.960609
2992.710283 -0.945801 0.147946 -0.21076 0.0541992 0.204318 0.181817 0.960343
2992.747147 -0.954701 0.150104 -0.21421 0.0550152 0.203751 0.180711 0.960626
2992.784010 -0.967356 0.151937 -0.216778 0.0573646 0.204123 0.179113 0.960709
2992.820874 -0.977957 0.152461 -0.220751 0.0587774 0.205661 0.178226 0.96046
2992.857737 -0.986164 0.155204 -0.227362 0.0597473 0.20806 0.178797 0.959778
2992.894600 -0.995017 0.156545 -0.232562 0.0618078 0.212175 0.180288 0.958466
2992.931463 -1.00566 0.160624 -0.238308 0.0638355 0.215908 0.182654 0.957051
2992.968327 -1.01617 0.160928 -0.243455 0.0636877 0.219183 0.185387 0.95579
2993.005190 -1.02619 0.164246 -0.249528 0.0645907 0.221545 0.18852 0.954571
2993.042054 -1.038 0.167435 -0.253391 0.0659826 0.223777 0.192848 0.95309
2993.078917 -1.04908 0.16842 -0.257527 0.0657848 0.224017 0.196632 0.952273
2993.115780 -1.06373 0.171008 -0.259803 0.0658207 0.224062 0.198679 0.951835
2993.152644 -1.07862 0.17419 -0.263742 0.065745 0.223688 0.200574 0.951531
2993.189507 -1.09259 0.177157 -0.266906 0.0649437 0.225935 0.202526 0.950641
2993.226370 -1.10843 0.179447 -0.27012 0.0636058 0.230704 0.204998 0.949055
2993.263234 -1.12597 0.185694 -0.273288 0.0627418 0.236677 0.206765 0.947257
2993.300097 -1.14423 0.189552 -0.275978 0.0608516 0.242802 0.209181 0.945298
2993.336960 -1.16157 0.193271 -0.278355 0.0597228 0.248748 0.213917 0.94276
2993.373824 -1.17878 0.198018 -0.281662 0.0594744 0.253253 0.218407 0.940545
2993.410687 -1.19841 0.199455 -0.281919 0.0597781 0.256235 0.221897 0.938899
2993.447551 -1.21528 0.204262 -0.285065 0.0595796 0.25652 0.22342 0.938473
2993.484414 -1.23066 0.205811 -0.288853 0.0576071 0.257173 0.227152 0.937521
2993.521277 -1.24653 0.20754 -0.292407 0.0561612 0.259092 0.231485 0.936019
2993.558140 -1.26274 0.208665 -0.293497 0.0572346 0.262231 0.237088 0.933675
2993.595004 -1.27618 0.211915 -0.296957 0.0583432 0.263352 0.241201 0.932236
2993.631867 -1.28913 0.215123 -0.300659 0.0588546 0.263032 0.243917 0.931587
2993.668730 -1.30061 0.217468 -0.303549 0.0600667 0.262429 0.24609 0.931108
2993.705594 -1.31137 0.21512 -0.307717 0.0607758 0.261922 0.250526 0.930021
2993.742457 -1.32464 0.214686 -0.307633 0.0644091 0.26169 0.255188 0.928574
2993.779320 -1.33401 0.211728 -0.310827 0.0680482 0.258746 0.256436 0.928795
2993.816184 -1.34474 0.211327 -0.311965 0.0720138 0.256241 0.255775 0.929373
2993.853047 -1.35339 0.207819 -0.313279 0.0750522 0.255196 0.254559 0.929753
2993.889911 -1.36252 0.202262 -0.313513 0.0782096 0.256048 0.254209 0.929355
2993.926774 -1.373 0.200255 -0.311338 0.0822002 0.259134 0.25349 0.928351
2993.963637 -1.3831 0.194671 -0.309635 0.0837048 0.262369 0.251629 0.927814
2994.000501 -1.3917 0.188101 -0.307429 0.0842737 0.26581 0.249534 0.927349
2994.037364 -1.40367 0.183452 -0.302034 0.0846088 0.27142 0.248989 0.925839
2994.074227 -1.4121 0.179373 -0.299069 0.0842847 0.275971 0.247874 0.924821
2994.111090 -1.41714 0.170233 -0.295178 0.0829593 0.280454 0.247112 0.923796
2994.147954 -1.42793 0.167859 -0.288531 0.0827899 0.285071 0.246553 0.922547
2994.184817 -1.43677 0.16221 -0.281745 0.0805299 0.289119 0.245655 0.921726
2994.221681 -1.4466 0.158365 -0.274938 0.0779409 0.292404 0.246361 0.920723
2994.258544 -1.45663 0.152612 -0.266932 0.0753382 0.295495 0.246336 0.919959
2994.295408 -1.46376 0.146042 -0.258937 0.0739227 0.29791 0.245476 0.919525
2994.332271 -1.4703 0.140504 -0.251678 0.0723376 0.299283 0.244194 0.919547
2994.369134 -1.47773 0.132981 -0.243799 0.0696467 0.300184 0.243765 0.919575
2994.405997 -1.4856 0.126331 -0.235316 0.0668129 0.300114 0.242901 0.920036
2994.442861 -1.49191 0.117071 -0.228145 0.0631162 0.298968 0.242492 0.920778
2994.479724 -1.49742 0.112065 -0.221066 0.0614763 0.2973 0.241051 0.921807
2994.516587 -1.50292 0.104294 -0.214438 0.0605509 0.295909 0.238557 0.922964
2994.553451 -1.51149 0.0951733 -0.205256 0.0593562 0.295213 0.237356 0.923574
2994.590314 -1.51758 0.0863593 -0.198916 0.0573531 0.29403 0.236359 0.924333
2994.627177 -1.52439 0.0823533 -0.190699 0.0587095 0.294531 0.235364 0.924342
2994.664041 -1.53265 0.0746976 -0.18169 0.0587899 0.29637 0.235779 0.923643
2994.700904 -1.53763 0.0648709 -0.17572 0.0566253 0.297329 0.236065 0.923397
2994.737767 -1.54365 0.0589915 -0.168301 0.0565369 0.299294 0.23654 0.922646
2994.774631 -1.55122 0.0507684 -0.159369 0.056383 0.302908 0.237576 0.921209
2994.811494 -1.55863 0.0431811 -0.151032 0.0558201 0.306899 0.239798 0.919344
2994.848357 -1.56546 0.0380341 -0.143175 0.0557938 0.311028 0.241093 0.917618
2994.885221 -1.57308 0.0316622 -0.134418 0.0560301 0.315276 0.241925 0.915933
2994.922084 -1.58397 0.0268536 -0.123276 0.056497 0.320005 0.243798 0.913765
2994.958947 -1.59133 0.0188751 -0.115911 0.0554718 0.323333 0.246246 0.911999
2994.995811 -1.60139 0.0121085 -0.105283 0.0553279 0.32735 0.250145 0.90951
2995.032674 -1.612 0.00590351 -0.0955862 0.0535882 0.330186 0.252052 0.908061
2995.069538 -1.6222 -0.00183216 -0.0869781 0.0513066 0.332757 0.25261 0.907099
2995.106401 -1.6308 -0.01356 -0.0786101 0.0479112 0.337084 0.254293 0.905215
2995.143264 -1.64156 -0.0187974 -0.0698751 0.0458136 0.342931 0.255103 0.902896
2995.180127 -1.6493 -0.0275853 -0.0631179 0.0443462 0.349198 0.25477 0.900659
2995.216991 -1.658 -0.0332943 -0.0552628 0.0445699 0.356437 0.254493 0.897886
2995.253854 -1.66745 -0.0410786 -0.0473617 0.0434664 0.363472 0.255682 0.894777
2995.290718 -1.67396 -0.0468018 -0.0418612 0.0424346 0.367282 0.256839 0.892937
2995.327581 -1.6811 -0.0531129 -0.0345539 0.0427399 0.369837 0.258875 0.891278
2995.364444 -1.68752 -0.0603235 -0.0272281 0.0435391 0.370213 0.260931 0.890484
2995.401308 -1.6935 -0.065206 -0.0202798 0.0452603 0.369154 0.262293 0.890437
2995.438171 -1.69627 -0.0688527 -0.0149981 0.0460551 0.368118 0.263217 0.890553
2995.475034 -1.70241 -0.0749601 -0.00737801 0.0453921 0.367962 0.264498 0.890272
2995.511898 -1.70719 -0.0809112 0.000811696 0.0445077 0.368869 0.266826 0.889246
2995.548761 -1.70713 -0.0856367 0.00527763 0.0434791 0.369132 0.267518 0.88898
2995.585624 -1.71146 -0.0916909 0.013044 0.0422736 0.371039 0.268031 0.888089
2995.622488 -1.71208 -0.0958036 0.0195614 0.042347 0.372646 0.267186 0.887668
2995.659351 -1.7129 -0.104053 0.0250705 0.04088 0.374638 0.267089 0.886927
2995.696214 -1.71295 -0.109128 0.029599 0.0398918 0.376737 0.267144 0.886066
2995.733078 -1.71386 -0.114574 0.0363044 0.0402405 0.380404 0.265995 0.884828
2995.769941 -1.71388 -0.119341 0.0423533 0.0413668 0.383871 0.264722 0.883659
2995.806804 -1.71228 -0.123203 0.0471107 0.0416505 0.386737 0.264439 0.88248
2995.843668 -1.71093 -0.128186 0.051597 0.0414969 0.3888 0.265156 0.881365
2995.880531 -1.71224 -0.133601 0.0589512 0.041842 0.390821 0.265317 0.880406
2995.917394 -1.71167 -0.137427 0.0661482 0.042136 0.39274 0.265653 0.879436
2995.954258 -1.70944 -0.142329 0.0719363 0.0422933 0.39408 0.267093 0.878392
2995.991121 -1.70676 -0.146746 0.0781062 0.04265 0.39534 0.267917 0.877558
2996.027984 -1.70503 -0.1511 0.0844853 0.0437458 0.396789 0.268939 0.876537
2996.064848 -1.70244 -0.156434 0.0918731 0.0452123 0.397935 0.270487 0.875466
2996.101711 -1.70217 -0.162739 0.0996688 0.0449004 0.399485 0.273067 0.873974
2996.138575 -1.69797 -0.165904 0.103675 0.0446605 0.399547 0.273921 0.873691
2996.175438 -1.69694 -0.170501 0.111105 0.0446222 0.401536 0.275078 0.872416
2996.212301 -1.69401 -0.177727 0.116531 0.0427866 0.404336 0.27606 0.870904
2996.249165 -1.68989 -0.18184 0.120858 0.0425611 0.407969 0.276414 0.869106
2996.286028 -1.68796 -0.187708 0.126385 0.0417448 0.413286 0.276003 0.866761
2996.322891 -1.68538 -0.191822 0.130937 0.0412726 0.418482 0.2768 0.864032
2996.359755 -1.683 -0.198792 0.13534 0.0408422 0.422855 0.27788 0.861573
2996.396618 -1.6796 -0.202744 0.140156 0.0432119 0.426029 0.277774 0.859927
2996.433481 -1.67797 -0.207142 0.146086 0.0459443 0.427954 0.276952 0.859094
2996.470345 -1.67453 -0.212261 0.148932 0.0467892 0.428098 0.277342 0.85885
2996.507208 -1.67236 -0.217029 0.153212 0.0474698 0.427704 0.277995 0.858798
2996.544071 -1.67095 -0.22025 0.158058 0.0491013 0.427565 0.278485 0.858617
2996.580935 -1.66834 -0.225176 0.162002 0.0506232 0.427539 0.278909 0.858404
2996.617798 -1.66743 -0.230296 0.166415 0.0514737 0.427144 0.279036 0.858509
2996.654661 -1.66447 -0.237224 0.169641 0.0509084 0.425588 0.278184 0.859591
2996.691525 -1.6657 -0.240945 0.175753 0.0515015 0.425533 0.277896 0.859676
2996.728388 -1.66383 -0.244298 0.178971 0.0520433 0.425537 0.279584 0.859094
2996.765251 -1.66373 -0.249799 0.183475 0.051178 0.426258 0.280737 0.858412
2996.802114 -1.6636 -0.252321 0.187274 0.0510057 0.426984 0.281199 0.857911
2996.838978 -1.66447 -0.257241 0.191789 0.0506522 0.428396 0.281847 0.857014
2996.875841 -1.666 -0.259999 0.1962 0.0504336 0.430117 0.283645 0.855571
2996.912705 -1.6673 -0.266276 0.199717 0.0491827 0.431425 0.284497 0.854702
2996.949568 -1.67107 -0.270847 0.205414 0.050388 0.433761 0.285156 0.853228
2996.986432 -1.67219 -0.274936 0.207446 0.0517041 0.435169 0.286364 0.852027
2997.023295 -1.67731 -0.279921 0.212976 0.0534122 0.437354 0.287579 0.850392
2997.060158 -1.68096 -0.285014 0.216376 0.0551158 0.438322 0.287491 0.849815
2997.097021 -1.6886 -0.291304 0.222117 0.0572435 0.440808 0.287183 0.848491
2997.133885 -1.69613 -0.297587 0.228122 0.0593669 0.444487 0.287969 0.846157
2997.170748 -1.70342 -0.303861 0.23358 0.0619066 0.448816 0.288389 0.843542
2997.207612 -1.71114 -0.308661 0.238431 0.0644698 0.453385 0.289983 0.840354
2997.244475 -1.71971 -0.315225 0.244191 0.0652059 0.458521 0.292626 0.836586
2997.281338 -1.72726 -0.320997 0.250224 0.0657504 0.462891 0.295293 0.833193
2997.318202 -1.73449 -0.325853 0.256098 0.0654269 0.466073 0.298111 0.830437
2997.355065 -1.74367 -0.332923 0.264734 0.0641495 0.468672 0.302555 0.827461
2997.391928 -1.75285 -0.33992 0.273181 0.0627745 0.469879 0.30644 0.82545
2997.428791 -1.76179 -0.346481 0.281777 0.063281 0.471527 0.309496 0.823329
2997.465655 -1.76845 -0.348596 0.287645 0.0668644 0.472493 0.311327 0.8218
2997.502518 -1.7761 -0.354945 0.295476 0.0696096 0.474151 0.313042 0.819964
2997.539381 -1.7829 -0.36011 0.300408 0.0712665 0.473921 0.313996 0.819589
2997.576245 -1.79165 -0.369339 0.309985 0.0725363 0.474945 0.31532 0.818376
2997.613108 -1.79709 -0.374443 0.315488 0.0744951 0.474208 0.315255 0.818652
2997.649971 -1.80413 -0.383385 0.32544 0.0749052 0.473855 0.315535 0.818711
2997.686835 -1.80943 -0.387841 0.332244 0.0756403 0.472433 0.314576 0.819834
2997.723698 -1.81461 -0.394973 0.341182 0.0747682 0.471617 0.314215 0.820522
2997.760562 -1.81865 -0.402514 0.348651 0.0726686 0.470686 0.315193 0.82087
2997.797425 -1.8216 -0.410411 0.356972 0.0724558 0.47019 0.316384 0.820715
2997.834288 -1.82349 -0.416081 0.363265 0.0739693 0.46971 0.315281 0.821279
2997.871151 -1.82706 -0.422259 0.374108 0.0759257 0.47107 0.314669 0.820556
2997.908015 -1.82791 -0.426795 0.380052 0.0762417 0.471379 0.313917 0.820637
2997.944878 -1.82895 -0.434698 0.387819 0.0749784 0.472277 0.314723 0.819928
2997.981742 -1.8305 -0.440727 0.397219 0.0746628 0.473354 0.31505 0.81921
2998.018605 -1.82955 -0.443805 0.403999 0.074833 0.473802 0.315657 0.818702
2998.055468 -1.82821 -0.449064 0.412053 0.0742473 0.474151 0.317246 0.817939
2998.092332 -1.82771 -0.452622 0.421338 0.0719777 0.474149 0.317996 0.817851
2998.129195 -1.82628 -0.458256 0.430926 0.069015 0.4747 0.319784 0.817089
2998.166058 -1.82475 -0.462329 0.440452 0.0668049 0.475553 0.321678 0.816033
2998.202922 -1.82238 -0.466015 0.44955 0.0646507 0.476437 0.323757 0.814868
2998.239785 -1.82118 -0.47182 0.460694 0.0626734 0.478413 0.323859 0.813823
2998.276648 -1.81799 -0.475135 0.468651 0.062226 0.480179 0.323837 0.812826
2998.313512 -1.81539 -0.480583 0.478111 0.0611838 0.482971 0.325558 0.81056
2998.350375 -1.81391 -0.48638 0.487996 0.0595069 0.485214 0.328061 0.808333
2998.387238 -1.8109 -0.492219 0.497512 0.0581841 0.487492 0.330097 0.806227
2998.424102 -1.80786 -0.499414 0.506691 0.0562504 0.489423 0.332421 0.804237
2998.460965 -1.8065 -0.505597 0.517337 0.054328 0.491113 0.335953 0.801868
2998.497828 -1.80273 -0.512201 0.525383 0.0522926 0.492109 0.339226 0.800012
2998.534692 -1.79842 -0.516457 0.532188 0.0508504 0.492231 0.340857 0.799336
2998.571555 -1.79632 -0.524921 0.543281 0.0498526 0.493313 0.344416 0.797205
2998.608418 -1.79282 -0.53163 0.551697 0.049901 0.493886 0.347374 0.795561
2998.645282 -1.78906 -0.537314 0.560105 0.0514815 0.493739 0.348214 0.795185
2998.682145 -1.78578 -0.543686 0.568364 0.0517434 0.492525 0.350117 0.795085
2998.719008 -1.78385 -0.552253 0.576452 0.0495353 0.490666 0.353749 0.794767
2998.755872 -1.78143 -0.558353 0.583563 0.0482562 0.489051 0.355556 0.795035
2998.792735 -1.77962 -0.564808 0.591485 0.0484197 0.48972 0.354627 0.795028
2998.829599 -1.77679 -0.572174 0.598095 0.0480043 0.491347 0.354438 0.794133
2998.866462 -1.77566 -0.579707 0.605401 0.0463497 0.49411 0.356188 0.791731
2998.903325 -1.77457 -0.586475 0.612965 0.0444204 0.497437 0.357208 0.789294
2998.940189 -1.77321 -0.593313 0.619814 0.0422528 0.500924 0.357968 0.78686
2998.977052 -1.77365 -0.600003 0.628403 0.0393759 0.504629 0.359304 0.784028
2999.013915 -1.77366 -0.606739 0.636691 0.0368249 0.507963 0.359547 0.781884
2999.050779 -1.77382 -0.617049 0.646932 0.0342218 0.511383 0.359673 0.779712
2999.087642 -1.77556 -0.625065 0.656686 0.0322642 0.514975 0.3601 0.777231
2999.124505 -1.77694 -0.632446 0.66704 0.0329366 0.519513 0.3609 0.773804
2999.161369 -1.77926 -0.642711 0.677861 0.0330242 0.523716 0.361561 0.770652
2999.198232 -1.78273 -0.64927 0.68854 0.0346999 0.527777 0.362428 0.767394
2999.235095 -1.78698 -0.658838 0.700352 0.0365417 0.532363 0.364187 0.763297
2999.271959 -1.79194 -0.666433 0.71168 0.0383886 0.536669 0.366622 0.759013
2999.308822 -1.79723 -0.675691 0.723486 0.0392229 0.541022 0.36881 0.754808
2999.345685 -1.80118 -0.684721 0.73484 0.0403574 0.54479 0.37235 0.750287
2999.382549 -1.80647 -0.69421 0.745959 0.0380058 0.547219 0.377685 0.745963
2999.419412 -1.81154 -0.705032 0.7571 0.0338527 0.549356 0.384041 0.741333
2999.456275 -1.81609 -0.713406 0.766598 0.0334762 0.551679 0.388306 0.737393
2999.493139 -1.82032 -0.722443 0.778537 0.0348558 0.554923 0.390758 0.73359
2999.530002 -1.82569 -0.732561 0.790644 0.0363057 0.557847 0.393467 0.729844
2999.566865 -1.83046 -0.739627 0.799744 0.0381429 0.559963 0.395925 0.726794
2999.603729 -1.83568 -0.747388 0.810583 0.0409669 0.562303 0.396979 0.724255
2999.640592 -1.83969 -0.75866 0.821317 0.0422985 0.563971 0.397799 0.722429
2999.677456 -1.84367 -0.766892 0.830641 0.0434837 0.565496 0.397921 0.721098
2999.714319 -1.84515 -0.777802 0.838145 0.0435126 0.566234 0.398662 0.720107
2999.751182 -1.84797 -0.78606 0.846318 0.0435442 0.567415 0.397821 0.719641
2999.788045 -1.84839 -0.797384 0.854955 0.0435785 0.569528 0.398556 0.717559
2999.824909 -1.85015 -0.804114 0.862856 0.0432224 0.572266 0.397204 0.716151
2999.861772 -1.84922 -0.811635 0.868168 0.0426966 0.575068 0.397115 0.713984
2999.898636 -1.8486 -0.82095 0.876683 0.0414756 0.57929 0.397123 0.710631
2999.935499 -1.84773 -0.82582 0.882447 0.0405715 0.583192 0.396527 0.707819
2999.972362 -1.84575 -0.8323 0.890425 0.0397617 0.587424 0.395748 0.704795
3000.009226 -1.84187 -0.840861 0.900334 0.0388923 0.591431 0.396195 0.701232
3000.046089 -1.83846 -0.843929 0.907167 0.0380662 0.593905 0.396151 0.699209
3000.082952 -1.83332 -0.849712 0.91689 0.0364048 0.596486 0.397581 0.696282
3000.119816 -1.82848 -0.8522 0.926728 0.0352727 0.598435 0.398471 0.694156
3000.156679 -1.82305 -0.855899 0.93727 0.0333845 0.599387 0.401096 0.691912
3000.193542 -1.81595 -0.858641 0.945643 0.0305239 0.599232 0.405036 0.689881
3000.230406 -1.8092 -0.862013 0.955662 0.0287354 0.599522 0.408855 0.687448
3000.267269 -1.80133 -0.866027 0.965141 0.0290417 0.600389 0.412279 0.684628
3000.304132 -1.79489 -0.869452 0.975881 0.0309885 0.60144 0.415169 0.681868
3000.340996 -1.78715 -0.873344 0.983677 0.0332176 0.601866 0.418737 0.679201
3000.377859 -1.78109 -0.878277 0.99403 0.0356362 0.602228 0.422762 0.676258
3000.414722 -1.77359 -0.884695 1.00121 0.036024 0.600604 0.429307 0.673552
3000.451586 -1.76787 -0.888977 1.00808 0.0367443 0.599168 0.435219 0.670993
3000.488449 -1.76125 -0.894785 1.01482 0.0379981 0.59945 0.438629 0.668447
3000.525312 -1.75542 -0.897771 1.02006 0.0411312 0.60071 0.440305 0.666023
3000.562175 -1.74821 -0.90497 1.02671 0.0433281 0.602759 0.442131 0.662816
3000.599039 -1.74136 -0.911127 1.0329 0.0453551 0.604675 0.444353 0.65944
3000.635902 -1.73565 -0.916806 1.03846 0.0461338 0.605903 0.445982 0.657156
3000.672766 -1.72905 -0.923562 1.04322 0.0455494 0.606497 0.447839 0.655383
3000.709629 -1.72283 -0.92981 1.04816 0.0446298 0.607502 0.448508 0.654057
3000.746493 -1.71604 -0.936849 1.0536 0.0420139 0.609031 0.449195 0.652335
3000.783356 -1.70949 -0.941656 1.05563 0.039135 0.609972 0.449628 0.651335
3000.820219 -1.70203 -0.950364 1.06345 0.0362052 0.612788 0.450109 0.648523
3000.857082 -1.69604 -0.956247 1.06984 0.0333827 0.615341 0.449662 0.646564
3000.893946 -1.68921 -0.962101 1.07498 0.0305417 0.617962 0.449605 0.644241
3000.930809 -1.68245 -0.967593 1.08055 0.0281516 0.620547 0.449462 0.64196
3000.967672 -1.67573 -0.974113 1.08788 0.0255499 0.623176 0.448637 0.640097
3001.004536 -1.66791 -0.982873 1.09762 0.0229657 0.6261 0.448303 0.63757
3001.041399 -1.66168 -0.98768 1.10423 0.0219935 0.629025 0.447512 0.635277
3001.078263 -1.65418 -0.994613 1.11093 0.0210285 0.63204 0.448148 0.631859
3001.115126 -1.64747 -1.00156 1.11931 0.0203557 0.635397 0.447784 0.628766
3001.151989 -1.64132 -1.00723 1.12875 0.0202567 0.639203 0.446129 0.626081
3001.188853 -1.63432 -1.01303 1.13555 0.0196776 0.641892 0.447827 0.622124
3001.225716 -1.62864 -1.01826 1.14329 0.0191549 0.6449 0.449569 0.617758
3001.262579 -1.61958 -1.02622 1.15393 0.0206725 0.650184 0.450766 0.611263
3001.299443 -1.61117 -1.03302 1.16476 0.0215702 0.654681 0.452609 0.605039
3001.336306 -1.60511 -1.03812 1.17217 0.0195052 0.655483 0.458004 0.600161
3001.373169 -1.59633 -1.04415 1.18074 0.0166635 0.656111 0.464182 0.59479
3001.410032 -1.59079 -1.04674 1.18691 0.0135432 0.656083 0.468324 0.591645
3001.446896 -1.58263 -1.05194 1.19622 0.0109012 0.657863 0.473338 0.585704
3001.483759 -1.57507 -1.05772 1.20553 0.00769692 0.660137 0.477494 0.579792
3001.520623 -1.56986 -1.06065 1.21241 0.0057965 0.662491 0.479763 0.575239
3001.557486 -1.56255 -1.06717 1.22324 0.00414763 0.66639 0.482498 0.568421
3001.594349 -1.55692 -1.07143 1.23031 0.00283196 0.668909 0.484404 0.563831
3001.631213 -1.55033 -1.07617 1.23539 0.00234348 0.670364 0.486085 0.56065
3001.668076 -1.5449 -1.07981 1.24014 0.00222031 0.670446 0.488306 0.558619
3001.704939 -1.53803 -1.0844 1.24397 0.0027967 0.67016 0.489591 0.557833
3001.741803 -1.52977 -1.08888 1.24987 0.00487103 0.671279 0.489908 0.556193
3001.778666 -1.52349 -1.0916 1.25286 0.00580711 0.671743 0.49132 0.554376
3001.815529 -1.51671 -1.09369 1.2556 0.00588391 0.672933 0.494121 0.550428
3001.852393 -1.51003 -1.09497 1.25943 0.00641245 0.675343 0.496113 0.545657
3001.889256 -1.5021 -1.0957 1.2617 0.00656793 0.677178 0.498584 0.541111
3001.926120 -1.49437 -1.09569 1.26424 0.00651775 0.678276 0.501697 0.536842
3001.962983 -1.48494 -1.09538 1.26545 0.00674711 0.678404 0.505288 0.533298
3001.999846 -1.47593 -1.09357 1.26731 0.0070791 0.678653 0.508381 0.530028
3002.036709 -1.46554 -1.09165 1.26938 0.00645823 0.678786 0.511536 0.52682
3002.073573 -1.45474 -1.08966 1.27058 0.00402083 0.678785 0.514348 0.5241
3002.110436 -1.44457 -1.08487 1.27033 0.0020835 0.679317 0.515495 0.522292
3002.147300 -1.43032 -1.08319 1.2727 0.000611313 0.681373 0.517747 0.517367
3002.184163 -1.41828 -1.07857 1.27138 -0.000809498 0.682234 0.519834 0.514129
3002.221026 -1.40564 -1.07347 1.26973 -0.00157733 0.68325 0.522241 0.510325
3002.257889 -1.39198 -1.06857 1.26843 -0.00168658 0.684792 0.524487 0.505935
3002.294753 -1.37835 -1.06263 1.26534 -0.00160838 0.685839 0.525532 0.503427
3002.331616 -1.36322 -1.05691 1.26218 -0.000896742 0.686747 0.526626 0.501042
3002.368480 -1.34852 -1.05096 1.25809 0.000246873 0.687134 0.528692 0.498328
3002.405343 -1.33258 -1.04474 1.25328 0.0016009 0.687284 0.530762 0.495914
3002.442206 -1.31734 -1.03784 1.24814 0.00246312 0.686121 0.532817 0.495316
3002.479069 -1.30206 -1.03046 1.24267 0.00204037 0.683891 0.535792 0.495192
3002.515933 -1.28593 -1.0222 1.23562 0.00207226 0.681484 0.538394 0.495689
3002.552796 -1.26944 -1.01431 1.22953 0.00111887 0.67877 0.540654 0.496955
3002.589660 -1.25353 -1.00583 1.2242 0.000420003 0.676082 0.543657 0.497344
3002.626523 -1.23729 -0.99673 1.21975 2.2497e-05 0.674285 0.54615 0.497051
3002.663386 -1.22077 -0.988002 1.21613 -0.000819417 0.672157 0.549405 0.496345
3002.700250 -1.20502 -0.978318 1.21224 -0.0019674 0.66997 0.552178 0.496222
3002.737113 -1.18979 -0.969155 1.20912 -0.00385722 0.667613 0.554728 0.496543
3002.773976 -1.17332 -0.96118 1.20737 -0.00576525 0.66525 0.557401 0.496702
3002.810840 -1.1592 -0.951959 1.20484 -0.00753288 0.662451 0.558795 0.498849
3002.847703 -1.14584 -0.944262 1.20374 -0.00980592 0.658971 0.561509 0.500368
3002.884566 -1.13322 -0.935859 1.20093 -0.0118044 0.655321 0.563772 0.502569
3002.921430 -1.12149 -0.92843 1.19932 -0.012571 0.652715 0.565466 0.504038
3002.958293 -1.10927 -0.923005 1.1986 -0.0129204 0.650946 0.567029 0.50456
3002.995157 -1.0993 -0.916851 1.197 -0.0138112 0.649188 0.567626 0.506128
3003.032020 -1.08844 -0.91333 1.19707 -0.0134319 0.648445 0.569136 0.505393
3003.068883 -1.07842 -0.909661 1.19735 -0.0116396 0.649011 0.568564 0.505355
3003.105746 -1.06788 -0.906816 1.19721 -0.00994311 0.648858 0.568399 0.505774
3003.142610 -1.05854 -0.90431 1.1972 -0.008493 0.648675 0.568218 0.506239
3003.179473 -1.04778 -0.902617 1.19748 -0.00556383 0.649466 0.568824 0.504581
3003.216336 -1.03912 -0.900198 1.1971 -0.0038905 0.649361 0.569309 0.504184
3003.253200 -1.02997 -0.898701 1.19828 -0.002514 0.649878 0.569646 0.503146
3003.290063 -1.02108 -0.896418 1.19875 -0.000360584 0.650829 0.569071 0.502574
3003.326926 -1.01268 -0.893858 1.19915 0.00123643 0.651481 0.568813 0.502018
3003.363790 -1.00277 -0.892707 1.20085 0.0019456 0.651619 0.569756 0.500766
3003.400653 -0.99281 -0.891254 1.20281 0.0032629 0.6519 0.570383 0.499679
3003.437517 -0.982096 -0.889941 1.2058 0.0047598 0.651925 0.570941 0.498996
3003.474380 -0.971782 -0.888545 1.20865 0.00481576 0.650064 0.573172 0.498866
3003.511243 -0.960779 -0.887818 1.21292 0.00455621 0.648184 0.575723 0.498376
3003.548106 -0.949795 -0.88697 1.21737 0.00499078 0.646493 0.578801 0.497001
3003.584970 -0.938951 -0.886677 1.22307 0.00515033 0.644412 0.582634 0.495221
3003.621833 -0.927786 -0.887141 1.2306 0.00594722 0.643182 0.586125 0.492686
3003.658697 -0.917985 -0.886872 1.23781 0.00737214 0.642373 0.588709 0.490637
3003.695560 -0.907905 -0.887655 1.24571 0.00768445 0.641127 0.59262 0.487544
3003.732423 -0.899518 -0.887857 1.2532 0.00791497 0.640662 0.596205 0.483766
3003.769287 -0.89172 -0.889419 1.26142 0.00739484 0.641201 0.600118 0.47819
3003.806150 -0.884446 -0.892154 1.2704 0.00713382 0.643866 0.602855 0.471117
3003.843013 -0.87797 -0.895768 1.27902 0.00576722 0.647405 0.60438 0.464283
3003.879877 -0.872595 -0.90026 1.28746 0.00226554 0.650333 0.606801 0.457005
3003.916740 -0.868124 -0.905849 1.29676 -0.00273344 0.653633 0.609502 0.448625
3003.953603 -0.86467 -0.911862 1.30596 -0.00880694 0.656612 0.612449 0.440101
3003.990467 -0.862833 -0.918284 1.31481 -0.0146203 0.659242 0.614856 0.432595
3004.027330 -0.860081 -0.926369 1.32534 -0.0184244 0.663772 0.615619 0.424359
3004.064193 -0.858563 -0.934957 1.33625 -0.0205663 0.668152 0.615496 0.41751
3004.101057 -0.857083 -0.943975 1.34658 -0.0219402 0.671472 0.615687 0.411794
3004.137920 -0.856289 -0.95276 1.3567 -0.0223296 0.674321 0.615254 0.407744
3004.174783 -0.854455 -0.962505 1.36817 -0.0222014 0.676913 0.615784 0.402623
3004.211647 -0.852476 -0.971333 1.37834 -0.0220004 0.678011 0.616827 0.399177
3004.248510 -0.850112 -0.97987 1.38858 -0.021527 0.678686 0.618584 0.395317
3004.285373 -0.848067 -0.987943 1.39855 -0.021711 0.678456 0.620582 0.392561
3004.322237 -0.84683 -0.995528 1.4079 -0.0223979 0.677976 0.622509 0.390294
3004.359100 -0.845595 -1.00257 1.4167 -0.0229266 0.677927 0.624229 0.387592
3004.395963 -0.844138 -1.01031 1.42593 -0.0235726 0.678115 0.625552 0.385083
3004.432827 -0.841917 -1.01797 1.43457 -0.023507 0.678945 0.625803 0.383211
3004.469690 -0.839854 -1.0254 1.44242 -0.0238929 0.679335 0.625839 0.382436
3004.506553 -0.836351 -1.03347 1.4505 -0.0247836 0.679634 0.625952 0.381664
3004.543417 -0.832184 -1.042 1.45899 -0.0266827 0.679751 0.625726 0.381698
3004.580280 -0.828323 -1.05047 1.467 -0.0289673 0.679271 0.626401 0.381279
3004.617144 -0.82433 -1.05937 1.47589 -0.0306089 0.680102 0.625659 0.380887
3004.654007 -0.819573 -1.06841 1.48535 -0.0313405 0.682952 0.623107 0.379911
3004.690870 -0.815842 -1.07802 1.49463 -0.0325827 0.684895 0.621792 0.37846
3004.727733 -0.811414 -1.08805 1.50432 -0.0345369 0.686886 0.620477 0.376832
3004.764597 -0.806342 -1.09859 1.51486 -0.0365321 0.689879 0.617669 0.375789
3004.801460 -0.801428 -1.10918 1.52445 -0.0373594 0.693011 0.615092 0.374168
3004.838324 -0.795861 -1.12018 1.53446 -0.0365402 0.695987 0.614546 0.369594
3004.875187 -0.790944 -1.13162 1.54441 -0.0351254 0.697332 0.614939 0.366531
3004.912050 -0.78715 -1.14223 1.55364 -0.0321783 0.699309 0.613044 0.366209
3004.948914 -0.783234 -1.15285 1.56241 -0.0292725 0.70139 0.610312 0.367035
3004.985777 -0.777544 -1.16419 1.57186 -0.0276901 0.702382 0.610343 0.365204
3005.022640 -0.773786 -1.17501 1.58021 -0.0278064 0.701776 0.610898 0.365432
3005.059504 -0.769989 -1.18556 1.58787 -0.0297516 0.701908 0.609787 0.366878
3005.096367 -0.767201 -1.19637 1.59557 -0.0326213 0.703083 0.607054 0.368911
3005.133230 -0.764806 -1.20743 1.60263 -0.0355701 0.704885 0.605538 0.367689
3005.170094 -0.766539 -1.21756 1.60835 -0.0381119 0.706361 0.604552 0.366223
3005.206957 -0.762615 -1.22958 1.61682 -0.0391615 0.709624 0.603625 0.361301
3005.243820 -0.763054 -1.23999 1.62288 -0.0391916 0.711358 0.601745 0.361022
3005.280684 -0.760695 -1.25106 1.62876 -0.0392475 0.711334 0.601682 0.361168
3005.317547 -0.760804 -1.26196 1.63591 -0.038556 0.710434 0.601931 0.362596
3005.354410 -0.760529 -1.27306 1.64426 -0.0349595 0.711509 0.601262 0.361963
3005.391274 -0.760292 -1.28409 1.65349 -0.0298387 0.714269 0.598711 0.361213
3005.428137 -0.761983 -1.2958 1.66121 -0.0271212 0.715021 0.597782 0.361478
3005.465000 -0.763887 -1.30871 1.6711 -0.0265767 0.715285 0.597791 0.360979
3005.501864 -0.76665 -1.32181 1.68074 -0.0262096 0.717461 0.596906 0.358143
3005.538727 -0.767634 -1.33561 1.69173 -0.025293 0.722561 0.594642 0.351664
3005.575590 -0.7726 -1.34961 1.70305 -0.0255684 0.728048 0.592009 0.344699
3005.612454 -0.7775 -1.36437 1.71482 -0.0268425 0.733 0.590782 0.336107
3005.649317 -0.781957 -1.37943 1.72756 -0.0284447 0.73867 0.588364 0.327697
3005.686181 -0.788684 -1.39426 1.7392 -0.0297009 0.743851 0.586815 0.318516
3005.723044 -0.793473 -1.41046 1.75276 -0.0307379 0.748501 0.586772 0.307409
3005.759907 -0.797046 -1.42638 1.76534 -0.0309334 0.752898 0.585482 0.298995
3005.796770 -0.801894 -1.44268 1.77766 -0.0316356 0.755929 0.584493 0.293151
3005.833634 -0.80688 -1.45958 1.79175 -0.0328937 0.757682 0.584686 0.288061
3005.870497 -0.811094 -1.47568 1.80509 -0.0333009 0.759962 0.584534 0.282257
3005.907361 -0.818181 -1.49101 1.81746 -0.0331727 0.762236 0.584246 0.27668
3005.944224 -0.82242 -1.50609 1.82959 -0.033467 0.764188 0.584314 0.27106
3005.981087 -0.82493 -1.52116 1.8424 -0.0347225 0.765795 0.58394 0.267145
3006.017951 -0.832209 -1.53413 1.85358 -0.0353477 0.766802 0.583712 0.264662
3006.054814 -0.836618 -1.54662 1.86528 -0.03473 0.769209 0.582802 0.259716
3006.091677 -0.835938 -1.56009 1.87626 -0.0349652 0.771694 0.582207 0.253574
3006.128541 -0.843634 -1.57003 1.88512 -0.0354473 0.773012 0.581434 0.251258
3006.165404 -0.844381 -1.58161 1.89397 -0.0365085 0.774713 0.581143 0.246495
3006.202267 -0.846516 -1.59122 1.90222 -0.0369692 0.777136 0.579502 0.242632
3006.239130 -0.848213 -1.59972 1.90918 -0.0373319 0.778816 0.579237 0.237775
3006.275994 -0.849688 -1.60799 1.91605 -0.0389557 0.779648 0.57974 0.233524
3006.312857 -0.85055 -1.61431 1.92219 -0.0403501 0.780785 0.579349 0.230435
3006.349721 -0.849882 -1.62007 1.9269 -0.0410792 0.782117 0.579121 0.226329
3006.386584 -0.846922 -1.62504 1.93513 -0.0409555 0.784158 0.578506 0.220795
3006.423447 -0.843099 -1.62992 1.94125 -0.0409574 0.785417 0.578756 0.215602
3006.460311 -0.842251 -1.633 1.94551 -0.0392834 0.786767 0.578063 0.212834
3006.497174 -0.836152 -1.63651 1.95205 -0.0375051 0.788864 0.576769 0.208865
3006.534037 -0.828668 -1.63977 1.95836 -0.0346071 0.790621 0.576229 0.20416
3006.570901 -0.822512 -1.64181 1.96348 -0.0311151 0.792466 0.574565 0.202246
3006.607764 -0.810346 -1.64587 1.97045 -0.0276221 0.794283 0.573534 0.198522
3006.644627 -0.805675 -1.64796 1.976 -0.0235266 0.795572 0.572098 0.198028
3006.681491 -0.793302 -1.65185 1.98157 -0.0197048 0.797429 0.571076 0.193882
3006.718354 -0.781888 -1.65613 1.98786 -0.0159357 0.798853 0.570903 0.188811
3006.755218 -0.774187 -1.66102 1.99308 -0.0140609 0.798413 0.572634 0.185552
3006.792081 -0.764521 -1.66643 1.9966 -0.0130991 0.799102 0.572676 0.182501
3006.828944 -0.75091 -1.67176 2.00013 -0.0123671 0.801616 0.570329 0.178836
3006.865808 -0.74102 -1.67673 2.00295 -0.011924 0.804105 0.567558 0.176494
3006.902671 -0.731784 -1.68231 2.00711 -0.0110987 0.806209 0.565524 0.173455
3006.939534 -0.719772 -1.68757 2.00909 -0.00916595 0.808473 0.563577 0.169321
3006.976397 -0.713076 -1.69297 2.01218 -0.00637255 0.810801 0.56129 0.165876
3007.013261 -0.70283 -1.6996 2.01298 -0.00382761 0.812371 0.560576 0.160602
3007.050124 -0.694262 -1.70613 2.01321 -0.00150442 0.813849 0.559433 0.157108
3007.086987 -0.685433 -1.71233 2.01543 0.000564999 0.815662 0.557821 0.153399
3007.123851 -0.679044 -1.719 2.01816 0.00262267 0.816846 0.557269 0.149021
3007.160714 -0.671553 -1.72578 2.01859 0.0044584 0.81755 0.557351 0.144749
3007.197577 -0.663044 -1.73119 2.02413 0.00598795 0.819478 0.555768 0.13979
3007.234441 -0.655259 -1.73794 2.02765 0.00663871 0.820542 0.555213 0.135667
3007.271304 -0.645753 -1.74461 2.03337 0.00713283 0.821764 0.554347 0.131729
3007.308168 -0.6345 -1.75078 2.03812 0.00704844 0.822663 0.554045 0.127315
3007.345031 -0.622511 -1.75743 2.04598 0.00629688 0.823311 0.554138 0.122681
3007.381894 -0.614298 -1.76403 2.05416 0.00509609 0.824032 0.553911 0.11886
3007.418757 -0.60453 -1.77027 2.06209 0.00192632 0.824853 0.553637 0.114452
3007.455621 -0.590861 -1.77781 2.07023 -0.00105161 0.825237 0.554579 0.106889
3007.492484 -0.574956 -1.78641 2.08 -0.00360974 0.825647 0.555613 0.0979195
3007.529348 -0.561004 -1.7937 2.09251 -0.00425796 0.82723 0.554533 0.0903694
3007.566211 -0.547478 -1.80177 2.10209 -0.00398564 0.827212 0.555626 0.0835736
3007.603075 -0.53418 -1.81172 2.11279 -0.0039946 0.825082 0.559596 0.0779509
3007.639938 -0.522051 -1.82012 2.12318 -0.0030734 0.824243 0.561438 0.0734891
3007.676801 -0.506884 -1.8287 2.1351 -0.00166096 0.82408 0.5624 0.0677946
3007.713664 -0.493677 -1.83892 2.14542 -0.000209347 0.822735 0.564878 0.0634043
3007.750528 -0.482315 -1.84806 2.15417 0.00213385 0.821764 0.566634 0.0602156
3007.787391 -0.471276 -1.85618 2.16481 0.00435413 0.822099 0.566351 0.0581342
3007.824254 -0.458388 -1.86524 2.1757 0.0072004 0.822696 0.565708 0.05562
3007.861118 -0.444934 -1.87407 2.18307 0.0099931 0.823081 0.565248 0.0541513
3007.897981 -0.433946 -1.88282 2.18813 0.0112389 0.822655 0.565791 0.0547034
3007.934844 -0.423501 -1.89108 2.19596 0.0131623 0.821953 0.566704 0.0553695
3007.971708 -0.413031 -1.89842 2.20249 0.0137812 0.821806 0.566743 0.0569796
3008.008571 -0.396148 -1.90409 2.20826 0.0153952 0.822698 0.565507 0.0559688
3008.045434 -0.382882 -1.91023 2.21055 0.0157901 0.82284 0.565117 0.0576826
3008.082298 -0.373432 -1.91456 2.21494 0.0153026 0.822621 0.565127 0.0607606
3008.119161 -0.364511 -1.91759 2.2194 0.0139822 0.821854 0.566076 0.062599
3008.156024 -0.352653 -1.92129 2.22428 0.0117269 0.820932 0.567442 0.0627874
3008.192888 -0.338086 -1.92394 2.22646 0.00771991 0.820355 0.568436 0.0619602
3008.229751 -0.327504 -1.92497 2.23006 0.00450035 0.820406 0.568472 0.0612579
3008.266614 -0.317416 -1.92527 2.2331 0.00100835 0.820032 0.569222 0.0594353
3008.303478 -0.304313 -1.9253 2.23574 -0.00220275 0.819576 0.570146 0.0567836
3008.340341 -0.292135 -1.92465 2.23498 -0.00504286 0.81886 0.571332 0.0549824
3008.377205 -0.280088 -1.92273 2.23729 -0.00745151 0.818336 0.572239 0.0530422
3008.414068 -0.267986 -1.9204 2.24036 -0.00796517 0.817686 0.573461 0.0496845
3008.450931 -0.256127 -1.91698 2.24248 -0.00814069 0.817287 0.574317 0.0462083
3008.487794 -0.240625 -1.91367 2.24249 -0.00682365 0.817392 0.57456 0.0412832
3008.524658 -0.230706 -1.91 2.24384 -0.00469596 0.817477 0.574658 0.0384334
3008.561521 -0.218013 -1.90573 2.24538 -0.00216119 0.816939 0.575637 0.0353202
3008.598385 -0.203376 -1.90222 2.24592 0.00104309 0.815224 0.578337 0.0305738
3008.635248 -0.190977 -1.90047 2.24573 0.00451941 0.811845 0.583255 0.0264621
3008.672111 -0.177291 -1.89855 2.24532 0.00754426 0.809251 0.586951 0.0233277
3008.708975 -0.167131 -1.89665 2.24339 0.00909873 0.807934 0.58875 0.0230872
3008.745838 -0.155793 -1.89385 2.24245 0.00949886 0.807132 0.589878 0.0221787
3008.782701 -0.143947 -1.89278 2.24235 0.00897647 0.806191 0.591223 0.0207458
3008.819565 -0.133442 -1.89298 2.23895 0.00706282 0.805207 0.592626 0.0196725
3008.856428 -0.122342 -1.89268 2.23628 0.00496233 0.805429 0.592423 0.0171512
3008.893291 -0.110238 -1.89178 2.23468 0.00190626 0.805908 0.591884 0.0134827
3008.930155 -0.101188 -1.89258 2.23185 -0.00248229 0.805118 0.592991 0.0118786
3008.967018 -0.0894361 -1.8929 2.23025 -0.00710893 0.804677 0.59359 0.00972204
3009.003881 -0.0792364 -1.89244 2.22873 -0.0103245 0.804279 0.594123 0.00683155
3009.040745 -0.0685224 -1.89203 2.2249 -0.0130918 0.803397 0.59528 0.00477904
3009.077608 -0.0575669 -1.89113 2.22286 -0.015783 0.803145 0.595564 0.00351269
3009.114471 -0.0457257 -1.89015 2.21978 -0.0171477 0.802644 0.596209 0.00164325
3009.151335 -0.0331502 -1.88832 2.21807 0.0184391 -0.802236 -0.596722 6.2184e-05
3009.188198 -0.024768 -1.88635 2.21697 0.0193019 -0.801769 -0.597321 0.00116427
3009.225061 -0.0135851 -1.88482 2.21436 0.0205933 -0.800689 -0.598716 0.00340934
3009.261925 0.00162011 -1.88235 2.2118 0.022387 -0.799562 -0.600111 0.00812851
3009.298788 0.00996092 -1.87995 2.21142 0.0235514 -0.799036 -0.600695 0.012377
3009.335651 0.0228718 -1.87692 2.21075 0.0249288 -0.798476 -0.6012 0.0193129
3009.372515 0.0364828 -1.87336 2.21077 0.0254546 -0.798014 -0.601512 0.0266342
3009.409378 0.0493188 -1.87069 2.20982 0.0261942 -0.796866 -0.602718 0.0323904
3009.446242 0.0606421 -1.8678 2.21048 0.0263509 -0.795178 -0.604596 0.0382087
3009.483105 0.0778456 -1.86389 2.21328 0.0255509 -0.794195 -0.605318 0.0468154
3009.519968 0.0905321 -1.861 2.21216 0.0238993 -0.793227 -0.606075 0.0537895
3009.556832 0.104445 -1.85797 2.21223 0.021579 -0.79332 -0.605479 0.0597669
3009.593695 0.119552 -1.85474 2.21308 0.0206541 -0.792443 -0.606133 0.0648825
3009.630558 0.131055 -1.8536 2.21321 0.0200775 -0.790671 -0.608103 0.0681759
3009.667422 0.146067 -1.84934 2.21452 0.0197058 -0.790555 -0.607732 0.0727789
3009.704285 0.159656 -1.84801 2.21545 0.0180097 -0.789876 -0.607964 0.0784288
3009.741148 0.174285 -1.84572 2.21533 0.0147804 -0.789192 -0.607952 0.0857409
3009.778012 0.186444 -1.84256 2.2181 0.0110265 -0.791023 -0.604771 0.0917184
3009.814875 0.196419 -1.83873 2.21951 0.00719119 -0.794308 -0.599824 0.0960917
3009.851738 0.204713 -1.83658 2.21882 0.00310957 -0.795263 -0.597961 0.0999458
3009.888602 0.21521 -1.83447 2.22044 -0.00072829 -0.793875 -0.599212 0.103476
3009.925465 0.224733 -1.83086 2.21936 -0.00329365 -0.793007 -0.599895 0.10609
3009.962328 0.232519 -1.82731 2.21749 -0.00661604 -0.793054 -0.599156 0.109696
3009.999192 0.240702 -1.82306 2.2164 -0.0100712 -0.79403 -0.597276 0.11259
3010.036055 0.248647 -1.81735 2.2136 -0.0126005 -0.795754 -0.594923 0.112623
3010.072918 0.256287 -1.81172 2.21133 -0.0153104 -0.796268 -0.594379 0.111514
3010.109781 0.263285 -1.8062 2.21083 -0.0170295 -0.795362 -0.595619 0.111118
3010.146645 0.268393 -1.8008 2.20931 -0.0189864 -0.793864 -0.597117 0.113448
3010.183508 0.274732 -1.79343 2.20771 -0.019363 -0.793443 -0.596871 0.117554
3010.220372 0.282331 -1.78649 2.20522 -0.0186604 -0.79345 -0.596141 0.121266
3010.257235 0.288124 -1.77851 2.20241 -0.0181274 -0.79392 -0.59502 0.12375
3010.294099 0.293196 -1.77197 2.19855 -0.0176332 -0.792851 -0.596103 0.125448
3010.330962 0.298258 -1.76424 2.19491 -0.0172126 -0.79107 -0.597905 0.128145
3010.367825 0.302044 -1.757 2.19074 -0.0168686 -0.789214 -0.599602 0.13166
3010.404688 0.305303 -1.74879 2.18588 -0.0166466 -0.788341 -0.599848 0.135736
3010.441552 0.310602 -1.7396 2.18135 -0.0155826 -0.788608 -0.598703 0.139316
3010.478415 0.312839 -1.73045 2.17592 -0.0140872 -0.788724 -0.597884 0.142305
3010.515279 0.317463 -1.72167 2.17032 -0.0133344 -0.787287 -0.598334 0.148313
3010.552142 0.320891 -1.71274 2.16697 -0.0130457 -0.785984 -0.59826 0.155384
3010.589005 0.325957 -1.70251 2.16082 -0.0132754 -0.786012 -0.596318 0.16252
3010.625869 0.327793 -1.69331 2.15433 -0.0150922 -0.78648 -0.594486 0.16676
3010.662732 0.329701 -1.68448 2.1467 -0.0181716 -0.786862 -0.593412 0.168463
3010.699595 0.333979 -1.67553 2.1404 -0.0214054 -0.786332 -0.593286 0.170987
3010.736459 0.33532 -1.66893 2.13496 -0.025574 -0.783646 -0.595584 0.174713
3010.773322 0.337967 -1.66055 2.12811 -0.0286026 -0.781746 -0.596404 0.179882
3010.810185 0.34049 -1.65203 2.12102 -0.0296623 -0.78109 -0.596226 0.18312
3010.847048 0.342932 -1.64393 2.11334 -0.0309601 -0.779618 -0.59708 0.186368
3010.883912 0.346957 -1.6355 2.10565 -0.0326747 -0.777275 -0.598969 0.189767
3010.920775 0.348609 -1.62688 2.09726 -0.0355909 -0.775612 -0.600238 0.192027
3010.957638 0.351589 -1.61832 2.08891 -0.0384643 -0.774297 -0.601545 0.192689
3010.994502 0.353714 -1.61036 2.08153 -0.0428767 -0.772297 -0.60391 0.192383
3011.031365 0.357619 -1.60211 2.0736 -0.0475694 -0.770456 -0.605707 0.19301
3011.068229 0.357856 -1.59469 2.06495 -0.0525115 -0.769393 -0.606939 0.192099
3011.105092 0.362193 -1.58686 2.05684 -0.056686 -0.768151 -0.608291 0.191606
3011.141955 0.364665 -1.57906 2.04869 -0.0605998 -0.766409 -0.610038 0.191831
3011.178818 0.366978 -1.5723 2.04051 -0.0639696 -0.764513 -0.61145 0.193797
3011.215682 0.36891 -1.56521 2.03377 -0.0662225 -0.763498 -0.61165 0.196391
3011.252545 0.371727 -1.55795 2.02577 -0.0673734 -0.762691 -0.611358 0.200011
3011.289409 0.375705 -1.55117 2.01894 -0.0682382 -0.761902 -0.610897 0.204093
3011.326272 0.377439 -1.54482 2.01181 -0.0683699 -0.761414 -0.610793 0.206169
3011.363135 0.380755 -1.53797 2.00503 -0.0683135 -0.761366 -0.609757 0.209408
3011.399999 0.386113 -1.53105 1.99734 -0.0678822 -0.760851 -0.609322 0.21266
3011.436862 0.387871 -1.52531 1.98867 -0.0677662 -0.759892 -0.609755 0.214873
3011.473725 0.393182 -1.51775 1.98054 -0.0671979 -0.759949 -0.608493 0.218399
3011.510589 0.397322 -1.51169 1.97079 -0.065963 -0.759993 -0.607536 0.221267
3011.547452 0.401314 -1.5054 1.96304 -0.0642949 -0.760322 -0.606444 0.22361
3011.584315 0.406436 -1.49854 1.9543 -0.0624973 -0.76064 -0.605179 0.226451
3011.621179 0.41195 -1.49197 1.94423 -0.0619185 -0.759313 -0.605286 0.230735
3011.658042 0.417278 -1.48514 1.93705 -0.0622426 -0.757911 -0.605544 0.23455
3011.694905 0.422466 -1.4776 1.92766 -0.0627855 -0.756295 -0.606211 0.237875
3011.731769 0.426993 -1.47045 1.91896 -0.0640353 -0.753697 -0.608374 0.240251
3011.768632 0.431101 -1.46318 1.90971 -0.0646503 -0.751487 -0.610214 0.242337
3011.805495 0.434775 -1.45567 1.9015 -0.0631613 -0.751299 -0.609744 0.244484
3011.842359 0.438619 -1.44845 1.89384 -0.0603487 -0.751521 -0.608488 0.247621
3011.879222 0.440947 -1.4415 1.88562 -0.0563886 -0.750483 -0.608543 0.251536
3011.916085 0.44155 -1.43601 1.8772 -0.0510332 -0.74754 -0.611383 0.254539
3011.952949 0.441454 -1.42967 1.86931 -0.0452879 -0.744504 -0.613607 0.259132
3011.989812 0.441275 -1.42292 1.8615 -0.0402834 -0.742196 -0.614389 0.264667
3012.026675 0.437252 -1.41646 1.85433 -0.0369267 -0.740803 -0.614838 0.267994
3012.063539 0.435219 -1.40819 1.84764 -0.0352054 -0.740358 -0.6145 0.270222
3012.100402 0.431643 -1.40055 1.83874 -0.0352202 -0.739716 -0.61577 0.269087
3012.137266 0.427284 -1.39184 1.83048 -0.0369224 -0.73921 -0.617204 0.266954
3012.174129 0.422612 -1.38245 1.82204 -0.0393102 -0.738832 -0.618657 0.264283
3012.210992 0.417867 -1.37284 1.81199 -0.042225 -0.738309 -0.619861 0.262468
3012.247856 0.411515 -1.36293 1.80342 -0.0442515 -0.738299 -0.621078 0.259266
3012.284719 0.403733 -1.35268 1.79434 -0.0457547 -0.737959 -0.622387 0.256821
3012.321582 0.395771 -1.34189 1.78397 -0.0461006 -0.73729 -0.623985 0.254797
3012.358446 0.386982 -1.33146 1.77425 -0.0459245 -0.735902 -0.626454 0.252771
3012.395309 0.377731 -1.31985 1.76364 -0.0453367 -0.734765 -0.628311 0.251573
3012.432172 0.367345 -1.30874 1.75368 -0.043555 -0.73505 -0.629173 0.248889
3012.469036 0.356351 -1.29791 1.74341 -0.0414318 -0.735549 -0.630126 0.245342
3012.505899 0.346294 -1.28699 1.73201 -0.0406405 -0.734046 -0.632432 0.244038
3012.542762 0.33463 -1.2768 1.72194 -0.0395954 -0.733343 -0.634858 0.239991
3012.579626 0.323209 -1.26639 1.70994 -0.0376077 -0.733694 -0.636215 0.235604
3012.616489 0.312658 -1.25555 1.69735 -0.0362819 -0.732862 -0.638032 0.233479
3012.653352 0.301592 -1.24516 1.68542 -0.0358506 -0.731249 -0.640643 0.231445
3012.690216 0.291022 -1.23463 1.67491 -0.0350706 -0.730567 -0.642917 0.227376
3012.727079 0.281891 -1.22382 1.66256 -0.0348664 -0.728798 -0.645991 0.224352
3012.763942 0.273085 -1.21304 1.65153 -0.0344736 -0.72795 -0.648705 0.219276
3012.800806 0.266041 -1.20211 1.64136 -0.0340978 -0.726556 -0.651835 0.214627
3012.837669 0.260233 -1.19141 1.63304 -0.0339546 -0.724129 -0.656028 0.210027
3012.874532 0.25575 -1.17989 1.6224 -0.0331617 -0.721748 -0.659308 0.208069
3012.911396 0.252538 -1.1685 1.61417 -0.0313207 -0.720298 -0.6621 0.204482
3012.948259 0.250821 -1.15712 1.60552 -0.029901 -0.716993 -0.666425 0.202249
3012.985123 0.250441 -1.14569 1.59691 -0.028145 -0.714022 -0.670503 0.199517
3013.021986 0.251063 -1.13471 1.5889 -0.0260338 -0.711992 -0.673791 0.195949
3013.058849 0.252321 -1.12458 1.58131 -0.0238069 -0.710369 -0.676563 0.192539
3013.095712 0.254727 -1.11487 1.57322 -0.0213608 -0.70902 -0.679064 0.188961
3013.132576 0.259281 -1.10571 1.56567 -0.0191914 -0.707601 -0.681043 0.187385
3013.169439 0.263314 -1.09713 1.55798 -0.0172884 -0.707269 -0.682232 0.184474
3013.206303 0.268576 -1.089 1.55025 -0.0150466 -0.707564 -0.682874 0.181136
3013.243166 0.274355 -1.0813 1.54255 -0.0127345 -0.707985 -0.683158 0.178579
3013.280029 0.280859 -1.07408 1.53532 -0.0104087 -0.707997 -0.683267 0.178263
3013.316893 0.2873 -1.06798 1.52939 -0.00838272 -0.706551 -0.684137 0.180757
3013.353756 0.295579 -1.06118 1.52184 -0.00616275 -0.705332 -0.684668 0.18357
3013.390619 0.303237 -1.05583 1.51679 -0.0040532 -0.704831 -0.684333 0.186778
3013.427483 0.312063 -1.05142 1.51277 -0.00176958 -0.703468 -0.684455 0.191444
3013.464346 0.321484 -1.04738 1.50853 0.00135854 -0.701947 -0.684665 0.196219
3013.501209 0.331558 -1.04438 1.50519 0.00354563 -0.700177 -0.684728 0.202203
3013.538073 0.342832 -1.04254 1.50314 0.00491891 -0.699044 -0.684421 0.207077
3013.574936 0.354371 -1.04141 1.5012 0.00504444 -0.698997 -0.683146 0.211401
3013.611799 0.367967 -1.04046 1.4991 0.0040913 -0.699517 -0.681707 0.214326
3013.648663 0.381359 -1.04045 1.49783 0.00199268 -0.699291 -0.681208 0.216668
3013.685526 0.395726 -1.04072 1.49614 -0.000460525 -0.698666 -0.681034 0.219221
3013.722389 0.409123 -1.04169 1.49559 -0.00313976 -0.698963 -0.679588 0.222713
3013.759253 0.422488 -1.04341 1.49551 -0.00527762 -0.699269 -0.678226 0.225841
3013.796116 0.437475 -1.04546 1.49524 -0.00667393 -0.698511 -0.677845 0.229267
3013.832979 0.452432 -1.04812 1.49538 -0.00638658 -0.698532 -0.676514 0.233114
3013.869843 0.467979 -1.05155 1.49562 -0.00535905 -0.697887 -0.675148 0.238955
3013.906706 0.483818 -1.05536 1.49547 -0.00448569 -0.696785 -0.673882 0.24567
3013.943569 0.500788 -1.05911 1.49711 -0.00364575 -0.696497 -0.671026 0.254171
3013.980433 0.516586 -1.06306 1.49803 -0.00340014 -0.696069 -0.668662 0.261472
3014.017296 0.53125 -1.0671 1.49963 -0.00361349 -0.696358 -0.666188 0.266957
3014.054159 0.546676 -1.07087 1.5011 -0.00474333 -0.696023 -0.664293 0.272477
3014.091023 0.560102 -1.07481 1.50309 -0.00651473 -0.695745 -0.663078 0.276087
3014.127886 0.572185 -1.07868 1.50493 -0.00775101 -0.696067 -0.661705 0.278527
3014.164749 0.584034 -1.08225 1.50635 -0.00780814 -0.695853 -0.661117 0.280448
3014.201613 0.594315 -1.08674 1.50767 -0.00695862 -0.694601 -0.661709 0.282173
3014.238476 0.605356 -1.09026 1.50962 -0.00454785 -0.694049 -0.660379 0.286662
3014.275339 0.615994 -1.09385 1.50992 -0.00166262 -0.692599 -0.659555 0.292046
3014.312203 0.625253 -1.09771 1.5115 0.00109614 -0.690653 -0.659675 0.296356
3014.349066 0.636086 -1.09973 1.51166 0.00325456 -0.68907 -0.658295 0.303019
3014.385930 0.645328 -1.10142 1.512 0.00524247 -0.688634 -0.657034 0.306696
3014.422793 0.654108 -1.10313 1.51252 0.00645035 -0.687843 -0.656937 0.30865
3014.459656 0.664213 -1.10367 1.51113 0.00803746 -0.686299 -0.656809 0.312301
3014.496520 0.67357 -1.10441 1.51135 0.0103386 -0.686812 -0.65486 0.315185
3014.533383 0.682439 -1.10445 1.50984 0.0134748 -0.6883 -0.651112 0.319555
3014.570246 0.692526 -1.10447 1.50828 0.0159627 -0.688011 -0.648215 0.325888
3014.607110 0.702594 -1.10476 1.50708 0.0183915 -0.686365 -0.646998 0.331602
3014.643973 0.712003 -1.10491 1.5045 0.0212662 -0.684728 -0.645967 0.336782
3014.680836 0.722686 -1.10449 1.50282 0.0241465 -0.684353 -0.643367 0.342282
3014.717700 0.733192 -1.10461 1.50092 0.0268369 -0.685323 -0.640255 0.345956
3014.754563 0.744598 -1.10499 1.49844 0.0286233 -0.686039 -0.637029 0.350321
3014.791426 0.756444 -1.10667 1.49652 0.0295027 -0.686238 -0.634166 0.355022
3014.828290 0.769027 -1.10998 1.49351 0.0298979 -0.684888 -0.632875 0.359866
3014.865153 0.781528 -1.1141 1.49012 0.0320554 -0.684607 -0.631127 0.363268
3014.902016 0.793962 -1.11883 1.48635 0.0358601 -0.685876 -0.627668 0.366498
3014.938880 0.806218 -1.1236 1.48341 0.039473 -0.687331 -0.623042 0.371264
3014.975743 0.817121 -1.12856 1.47934 0.0429378 -0.688218 -0.619796 0.374655
3015.012606 0.829203 -1.13284 1.47479 0.0460302 -0.688458 -0.618017 0.376778
3015.049470 0.839774 -1.1371 1.46994 0.049431 -0.688928 -0.617395 0.376508
3015.086333 0.850056 -1.14224 1.46759 0.0529471 -0.690976 -0.615983 0.374583
3015.123196 0.85996 -1.14531 1.46356 0.0545806 -0.691902 -0.613156 0.377269
3015.160060 0.870621 -1.14794 1.46059 0.0542919 -0.691903 -0.611252 0.380385
3015.196923 0.881505 -1.15095 1.45798 0.0528793 -0.692193 -0.611172 0.380186
3015.233787 0.891579 -1.15268 1.45571 0.0505305 -0.69336 -0.610714 0.379113
3015.270650 0.90392 -1.15291 1.4529 0.0461285 -0.694126 -0.609513 0.380205
3015.307513 0.914919 -1.15378 1.45184 0.041716 -0.695896 -0.607834 0.380167
3015.344376 0.924942 -1.15649 1.45283 0.0386899 -0.698268 -0.606709 0.377928
3015.381240 0.938393 -1.15627 1.45136 0.0362926 -0.698365 -0.604988 0.380735
3015.418103 0.951298 -1.15853 1.45263 0.0352222 -0.697729 -0.604406 0.38292
3015.454967 0.964914 -1.16079 1.45283 0.0352528 -0.696037 -0.603357 0.387621
3015.491830 0.980095 -1.16288 1.4538 0.0371216 -0.694129 -0.600968 0.394518
3015.528693 0.995374 -1.16584 1.45441 0.0392009 -0.691164 -0.597882 0.404096
3015.565557 1.0105 -1.16809 1.45765 0.0421758 -0.689318 -0.59331 0.413575
3015.602420 1.02763 -1.17042 1.45976 0.0436275 -0.686045 -0.589797 0.423767
3015.639283 1.04411 -1.17368 1.46325 0.0424347 -0.682456 -0.586261 0.434455
3015.676147 1.05992 -1.17722 1.46796 0.0410498 -0.679857 -0.582089 0.444164
3015.713010 1.07704 -1.1807 1.47076 0.0389081 -0.676757 -0.57844 0.453755
3015.749873 1.09489 -1.18396 1.47449 0.0353193 -0.674489 -0.574975 0.461759
3015.786736 1.11073 -1.18837 1.47889 0.0313746 -0.674604 -0.570394 0.46752
3015.823600 1.12824 -1.19284 1.48182 0.027366 -0.674601 -0.566477 0.472512
3015.860463 1.14501 -1.19766 1.48257 0.0220685 -0.673629 -0.563833 0.477315
3015.897327 1.16021 -1.2028 1.48528 0.0184533 -0.673008 -0.561929 0.480578
3015.934190 1.17884 -1.20585 1.4862 0.0161597 -0.67157 -0.55996 0.484951
3015.971053 1.19407 -1.20926 1.48574 0.0160748 -0.671091 -0.557465 0.488477
3016.007917 1.20721 -1.21364 1.48685 0.0171281 -0.670884 -0.554681 0.491884
3016.044780 1.22097 -1.21753 1.48503 0.0178446 -0.667989 -0.554095 0.496438
3016.081643 1.23563 -1.22014 1.48251 0.0191774 -0.6652 -0.552605 0.501766
3016.118507 1.24613 -1.22298 1.4823 0.0227613 -0.664554 -0.550265 0.505033
3016.155370 1.25649 -1.22606 1.48043 0.0262706 -0.663092 -0.549484 0.507627
3016.192233 1.26846 -1.22755 1.47808 0.0280654 -0.660043 -0.548953 0.51206
3016.229097 1.27883 -1.2282 1.47554 0.0299403 -0.659032 -0.547755 0.514534
3016.265960 1.28886 -1.22769 1.47273 0.0325479 -0.659229 -0.545436 0.516583
3016.302824 1.29574 -1.22841 1.46959 0.0352528 -0.660709 -0.544237 0.515779
3016.339687 1.30428 -1.22595 1.46296 0.0370833 -0.661422 -0.54281 0.51624
3016.376550 1.31149 -1.22387 1.45879 0.0389543 -0.661448 -0.542044 0.516873
3016.413413 1.31751 -1.22189 1.45341 0.0404729 -0.661567 -0.540698 0.518012
3016.450277 1.32145 -1.21884 1.44716 0.0416971 -0.66188 -0.538349 0.519959
3016.487140 1.32968 -1.21218 1.44261 0.0428511 -0.661953 -0.535927 0.522268
3016.524003 1.33437 -1.20726 1.43367 0.0417058 -0.661595 -0.535347 0.523409
3016.560867 1.34087 -1.19957 1.42655 0.0393296 -0.661592 -0.533924 0.525047
3016.597730 1.34623 -1.19355 1.42143 0.0345618 -0.6615 -0.532382 0.527061
3016.634593 1.35147 -1.18721 1.41543 0.0306734 -0.661341 -0.531044 0.528846
3016.671457 1.35706 -1.1809 1.4095 0.0278389 -0.661883 -0.528326 0.531044
3016.708320 1.36061 -1.17725 1.40539 0.0261217 -0.662773 -0.525242 0.533076
3016.745184 1.36403 -1.17342 1.3983 0.0256235 -0.663552 -0.522545 0.534779
3016.782047 1.36882 -1.16811 1.39164 0.0245423 -0.664609 -0.519537 0.536446
3016.818910 1.37349 -1.16437 1.38225 0.0219378 -0.66415 -0.519349 0.537308
3016.855773 1.37833 -1.15996 1.3772 0.0191124 -0.664503 -0.519609 0.536728
3016.892637 1.38291 -1.15549 1.36942 0.017952 -0.664771 -0.520762 0.535317
3016.929500 1.38642 -1.15266 1.36087 0.017246 -0.664335 -0.522754 0.533939
3016.966363 1.39288 -1.14851 1.35354 0.0186439 -0.663407 -0.523153 0.534654
3017.003227 1.39761 -1.14553 1.34515 0.0215977 -0.662166 -0.521983 0.537219
3017.040090 1.40387 -1.14116 1.33577 0.0263554 -0.660427 -0.52128 0.539823
3017.076954 1.4099 -1.13832 1.32913 0.0313315 -0.658258 -0.521701 0.541796
3017.113817 1.41893 -1.13361 1.31914 0.0360473 -0.654837 -0.522209 0.545147
3017.150680 1.42639 -1.13034 1.30717 0.0402916 -0.651527 -0.52268 0.548356
3017.187544 1.43457 -1.12584 1.29947 0.0451639 -0.64926 -0.522047 0.551261
3017.224407 1.44303 -1.12244 1.28975 0.04964 -0.646591 -0.522078 0.553977
3017.261270 1.45311 -1.11675 1.27976 0.0539663 -0.644285 -0.520538 0.557696
3017.298134 1.46179 -1.11219 1.26996 0.0584668 -0.642581 -0.517945 0.561609
3017.334997 1.47357 -1.10583 1.26177 0.0617745 -0.640171 -0.515357 0.566367
3017.371860 1.48623 -1.09917 1.25302 0.0639833 -0.636813 -0.512612 0.572368
3017.408724 1.49633 -1.09471 1.24328 0.0655735 -0.634612 -0.50888 0.577935
3017.445587 1.50747 -1.0882 1.2375 0.0675644 -0.63357 -0.50441 0.582747
3017.482450 1.52024 -1.08142 1.22568 0.0670992 -0.630177 -0.502855 0.587802
3017.519314 1.53089 -1.07666 1.21837 0.0658694 -0.627658 -0.501101 0.592118
3017.556177 1.54232 -1.07206 1.21395 0.0643971 -0.625749 -0.495797 0.598729
3017.593040 1.55419 -1.06514 1.20874 0.0630532 -0.624611 -0.488793 0.605778
3017.629904 1.56519 -1.05752 1.19918 0.0621005 -0.624105 -0.484324 0.609973
3017.666767 1.57367 -1.05502 1.19489 0.0594467 -0.624156 -0.482161 0.611895
3017.703630 1.581 -1.0508 1.18719 0.0562076 -0.624151 -0.479607 0.614209
3017.740494 1.5877 -1.04558 1.17976 0.0531219 -0.62462 -0.477269 0.615827
3017.777357 1.59387 -1.04322 1.17468 0.048919 -0.625227 -0.476661 0.616029
3017.814220 1.59971 -1.03791 1.16637 0.0466591 -0.626727 -0.47694 0.614462
3017.851084 1.60249 -1.03396 1.15936 0.0462484 -0.628596 -0.476903 0.61261
3017.887947 1.60958 -1.02536 1.15182 0.0459288 -0.628976 -0.475651 0.613218
3017.924811 1.61022 -1.0248 1.14758 0.0440079 -0.6285 -0.475652 0.613846
3017.961674 1.61201 -1.01918 1.13761 0.0442245 -0.626664 -0.474868 0.61631
3017.998537 1.61513 -1.01239 1.13035 0.0452512 -0.625736 -0.473265 0.618407
3018.035400 1.61486 -1.00745 1.12207 0.0466786 -0.624919 -0.47216 0.619969
3018.072264 1.61528 -0.999609 1.11409 0.0486845 -0.624722 -0.469098 0.622334
3018.109127 1.61391 -0.993401 1.10712 0.048909 -0.624299 -0.466878 0.624407
3018.145991 1.61293 -0.987662 1.10332 0.0482799 -0.623707 -0.464631 0.62672
3018.182854 1.61125 -0.981121 1.10056 0.0469796 -0.623405 -0.463281 0.628116
3018.219717 1.60809 -0.972748 1.08662 0.0451125 -0.621098 -0.463764 0.630178
3018.256581 1.60615 -0.966386 1.08644 0.0450191 -0.621625 -0.463333 0.629982
3018.293444 1.602 -0.959027 1.07755 0.045635 -0.621367 -0.462969 0.630461
3018.330307 1.6001 -0.948884 1.06953 0.0478311 -0.621029 -0.462005 0.631338
3018.367171 1.5973 -0.941763 1.06497 0.0482294 -0.619919 -0.460875 0.63322
3018.404034 1.59251 -0.936657 1.05542 0.0447638 -0.615529 -0.461665 0.63717
3018.440897 1.58808 -0.931257 1.04518 0.0413883 -0.610239 -0.4629 0.641575
3018.477761 1.58317 -0.925725 1.03776 0.0419145 -0.60811 -0.462585 0.643786
3018.514624 1.57916 -0.918474 1.03017 0.044383 -0.607969 -0.460786 0.645042
3018.551487 1.57443 -0.913391 1.02214 0.0446263 -0.60778 -0.459827 0.645888
3018.588351 1.57085 -0.908689 1.01387 0.0434828 -0.606735 -0.459182 0.647405
3018.625214 1.56826 -0.903216 1.0098 0.0435794 -0.607227 -0.458154 0.647666
3018.662077 1.56518 -0.897906 1.00052 0.0436026 -0.606375 -0.458797 0.648007
3018.698941 1.56215 -0.893442 0.993239 0.0439012 -0.605302 -0.460231 0.647974
3018.735804 1.5586 -0.890523 0.987001 0.0446063 -0.604789 -0.460864 0.647955
3018.772667 1.55483 -0.887178 0.978198 0.0450663 -0.603493 -0.460657 0.649276
3018.809531 1.55269 -0.882011 0.97056 0.0461144 -0.601639 -0.459614 0.651659
3018.846394 1.55157 -0.878526 0.968101 0.0482141 -0.600002 -0.459071 0.653396
3018.883257 1.55016 -0.873785 0.960631 0.0503299 -0.596727 -0.460163 0.655465
3018.920121 1.54844 -0.870325 0.954249 0.0517483 -0.593312 -0.460698 0.658074
3018.956984 1.54788 -0.866489 0.950568 0.053628 -0.590779 -0.459944 0.660723
3018.993848 1.5469 -0.86271 0.94531 0.0544822 -0.587978 -0.460117 0.663028
3019.030711 1.54658 -0.859019 0.939772 0.054441 -0.585564 -0.460733 0.664738
3019.067574 1.54696 -0.853556 0.932974 0.0549619 -0.58342 -0.460135 0.66699
3019.104438 1.5477 -0.848845 0.928147 0.0550357 -0.581501 -0.458356 0.669878
3019.141301 1.54789 -0.845675 0.922828 0.0542282 -0.579884 -0.456491 0.672614
3019.178164 1.54975 -0.839173 0.915304 0.0548721 -0.578273 -0.455484 0.674628
3019.215028 1.55114 -0.833037 0.905995 0.0542931 -0.576112 -0.454341 0.67729
3019.251891 1.55373 -0.827596 0.898134 0.0533173 -0.574197 -0.452548 0.680188
3019.288754 1.55525 -0.821804 0.88798 0.0542944 -0.572854 -0.44987 0.683013
3019.325618 1.55945 -0.815078 0.880386 0.0565428 -0.571476 -0.444526 0.68747
3019.362481 1.564 -0.807238 0.872222 0.0596872 -0.569057 -0.4385 0.693058
3019.399344 1.56577 -0.801318 0.861466 0.0616563 -0.566291 -0.434283 0.697791
3019.436208 1.56913 -0.796733 0.856492 0.0606846 -0.564213 -0.430808 0.701702
3019.473071 1.57101 -0.787642 0.84249 0.0593145 -0.561076 -0.428446 0.705768
3019.509934 1.57108 -0.780578 0.83147 0.0572648 -0.559332 -0.426309 0.708611
3019.546797 1.57407 -0.77189 0.822332 0.0542285 -0.557422 -0.42528 0.710969
3019.583661 1.57598 -0.761921 0.808337 0.0519665 -0.554466 -0.426056 0.712982
3019.620524 1.57866 -0.753272 0.79974 0.0512954 -0.55282 -0.425499 0.714639
3019.657388 1.58287 -0.746382 0.794425 0.0514106 -0.551433 -0.424224 0.716459
3019.694251 1.58411 -0.738496 0.780738 0.0514118 -0.548572 -0.423049 0.719343
3019.731114 1.58658 -0.731173 0.77249 0.0524153 -0.547474 -0.420993 0.721311
3019.767978 1.58985 -0.722603 0.763901 0.0528841 -0.546146 -0.419763 0.722998
3019.804841 1.59154 -0.716443 0.756573 0.0527267 -0.545371 -0.418453 0.724353
3019.841704 1.59072 -0.71084 0.745206 0.0517526 -0.543944 -0.418067 0.725718
3019.878568 1.59359 -0.704117 0.741173 0.0519222 -0.5429 -0.417876 0.726597
3019.915431 1.59283 -0.6972 0.730464 0.0521423 -0.540035 -0.418206 0.728524
3019.952294 1.5921 -0.69356 0.724754 0.0527564 -0.537632 -0.419252 0.729655
3019.989158 1.59273 -0.687844 0.717469 0.053443 -0.533635 -0.421099 0.731473
3020.026021 1.592 -0.68213 0.711044 0.0533109 -0.528196 -0.422235 0.734769
3020.062885 1.59206 -0.677269 0.706536 0.0543885 -0.523124 -0.423266 0.737719
3020.099748 1.58982 -0.672919 0.701768 0.0563522 -0.518651 -0.423888 0.740368
3020.136611 1.58818 -0.668855 0.699397 0.0580286 -0.514924 -0.425163 0.742107
3020.173475 1.58464 -0.664001 0.694941 0.0567533 -0.509349 -0.426116 0.745499
3020.210338 1.58117 -0.65995 0.691863 0.0557836 -0.505603 -0.428099 0.746984
3020.247201 1.57846 -0.65414 0.690936 0.056332 -0.503014 -0.428674 0.74836
3020.284065 1.57347 -0.649298 0.689011 0.0569654 -0.500611 -0.426724 0.751033
3020.320928 1.56781 -0.643516 0.685367 0.0565943 -0.497943 -0.425523 0.753512
3020.357791 1.56269 -0.638123 0.682759 0.0551421 -0.496034 -0.424374 0.755524
3020.394654 1.55698 -0.632543 0.682025 0.0535952 -0.495018 -0.42254 0.757327
3020.431518 1.54883 -0.626092 0.675635 0.05092 -0.493579 -0.421307 0.759136
3020.468381 1.54194 -0.621496 0.674902 0.0476814 -0.493734 -0.418197 0.760963
3020.505244 1.53507 -0.614255 0.670488 0.0447368 -0.493461 -0.41447 0.763355
3020.542108 1.52871 -0.611009 0.672268 0.0418275 -0.494765 -0.411405 0.764332
3020.578971 1.51906 -0.605156 0.665603 0.0368125 -0.493176 -0.408641 0.767095
3020.615835 1.51281 -0.599425 0.661878 0.0311024 -0.490908 -0.40715 0.769591
3020.652698 1.50534 -0.598263 0.661781 0.0265565 -0.48997 -0.40604 0.770944
3020.689561 1.49661 -0.594032 0.656473 0.0252236 -0.488101 -0.40405 0.773217
3020.726424 1.48916 -0.590197 0.652003 0.0243278 -0.485893 -0.402693 0.775342
3020.763288 1.48173 -0.58778 0.647712 0.023691 -0.482719 -0.401518 0.777949
3020.800151 1.47495 -0.585697 0.644878 0.0258879 -0.480536 -0.399782 0.780122
3020.837015 1.46931 -0.580502 0.639817 0.0288851 -0.478073 -0.397101 0.782893
3020.873878 1.46185 -0.579956 0.635258 0.0288563 -0.475455 -0.397695 0.784187
3020.910742 1.45611 -0.576823 0.629965 0.0285203 -0.472717 -0.39881 0.785287
3020.947605 1.44944 -0.574611 0.624549 0.0291269 -0.470743 -0.400597 0.785541
3020.984468 1.44498 -0.572357 0.622119 0.0299793 -0.47018 -0.403273 0.784477
3021.021331 1.43883 -0.571131 0.616052 0.0291922 -0.468257 -0.405994 0.784253
3021.058195 1.43463 -0.566977 0.610624 0.0296903 -0.466655 -0.406996 0.784669
3021.095058 1.42986 -0.562588 0.603926 0.0311083 -0.464998 -0.407109 0.785539
3021.131921 1.42672 -0.559019 0.598967 0.0325468 -0.463533 -0.408055 0.785856
3021.168785 1.4227 -0.553907 0.590818 0.0339375 -0.460942 -0.408287 0.787199
3021.205648 1.42129 -0.552183 0.588454 0.0365507 -0.460545 -0.40854 0.787183
3021.242511 1.41727 -0.546653 0.578832 0.0373107 -0.457877 -0.406579 0.789715
3021.279375 1.41625 -0.544515 0.574396 0.0382454 -0.457029 -0.405066 0.790938
3021.316238 1.41475 -0.540807 0.568886 0.04047 -0.456733 -0.402152 0.792484
3021.353101 1.4128 -0.535392 0.559998 0.0423557 -0.456534 -0.398849 0.794168
3021.389965 1.41168 -0.529079 0.551557 0.0426916 -0.456251 -0.394928 0.796269
3021.426828 1.41251 -0.523693 0.545889 0.0433505 -0.457733 -0.390434 0.797598
3021.463691 1.41133 -0.516713 0.53589 0.043494 -0.458677 -0.385325 0.79953
3021.500555 1.41148 -0.507924 0.526632 0.0447808 -0.459809 -0.379536 0.801575
3021.537418 1.41155 -0.499908 0.51657 0.0471439 -0.460659 -0.371584 0.804672
3021.574281 1.41207 -0.487847 0.50571 0.0511589 -0.461934 -0.362806 0.807695
3021.611145 1.41341 -0.478413 0.4966 0.0513428 -0.461629 -0.357074 0.810408
3021.648008 1.41394 -0.468353 0.483985 0.0487739 -0.459487 -0.353531 0.813332
3021.684872 1.41446 -0.460242 0.474067 0.0480924 -0.459099 -0.353165 0.81375
3021.721735 1.41607 -0.449107 0.463588 0.0483836 -0.457955 -0.352968 0.814463
3021.758598 1.4174 -0.439722 0.452596 0.0479158 -0.455367 -0.3529 0.815969
3021.795462 1.41811 -0.430449 0.440059 0.0473869 -0.451108 -0.352299 0.818622
3021.832325 1.41834 -0.419728 0.425843 0.0479782 -0.445665 -0.351401 0.821947
3021.869188 1.42221 -0.412148 0.418691 0.0485204 -0.441513 -0.351313 0.824191
3021.906052 1.42404 -0.402325 0.406682 0.047407 -0.436066 -0.350849 0.827348
3021.942915 1.42498 -0.394931 0.397684 0.0468849 -0.431953 -0.349758 0.829993
3021.979778 1.42653 -0.388038 0.390722 0.0467183 -0.429513 -0.347696 0.832132
3022.016642 1.42687 -0.381552 0.382005 0.0452009 -0.426857 -0.345527 0.834483
3022.053505 1.4276 -0.374911 0.375412 0.0440853 -0.424879 -0.343904 0.83622
3022.090368 1.42748 -0.371633 0.369002 0.0419936 -0.42253 -0.343285 0.837771
3022.127232 1.42634 -0.368437 0.361917 0.0412564 -0.420554 -0.3424 0.839163
3022.164095 1.42579 -0.362565 0.355293 0.0429434 -0.419454 -0.34076 0.840295
3022.200958 1.42426 -0.359321 0.349336 0.0426458 -0.418343 -0.341071 0.840738
3022.237822 1.4228 -0.356445 0.343061 0.0421345 -0.417421 -0.342667 0.840573
3022.274685 1.4213 -0.351387 0.337109 0.0435421 -0.416657 -0.342468 0.840961
3022.311548 1.41614 -0.349134 0.329993 0.045246 -0.415202 -0.341636 0.841929
3022.348412 1.41283 -0.346205 0.324663 0.0465035 -0.413413 -0.340221 0.843313
3022.385275 1.40859 -0.343619 0.319279 0.0469527 -0.410089 -0.339735 0.845105
3022.422138 1.40301 -0.339609 0.314782 0.0487027 -0.406509 -0.338575 0.847198
3022.459002 1.3975 -0.336893 0.311387 0.0502433 -0.403205 -0.338336 0.848782
3022.495865 1.39126 -0.331784 0.307715 0.050066 -0.399265 -0.337938 0.850811
3022.532728 1.38374 -0.326588 0.303989 0.0486322 -0.395207 -0.338162 0.852697
3022.569592 1.37619 -0.322461 0.302536 0.0480811 -0.392829 -0.338165 0.853826
3022.606455 1.3678 -0.316617 0.300028 0.0473144 -0.390556 -0.33715 0.855311
3022.643318 1.35845 -0.31067 0.297036 0.0457275 -0.388353 -0.335045 0.857226
3022.680182 1.3499 -0.306931 0.295283 0.0439286 -0.387362 -0.333936 0.8582
3022.717045 1.3394 -0.299666 0.289939 0.0440671 -0.386493 -0.331774 0.859423
3022.753909 1.32931 -0.293798 0.286367 0.0447167 -0.387364 -0.328161 0.860384
3022.790772 1.31948 -0.28997 0.281036 0.0418494 -0.386923 -0.32519 0.861853
3022.827635 1.31003 -0.285343 0.275887 0.0385849 -0.386368 -0.323073 0.86305
3022.864499 1.29901 -0.281249 0.269519 0.036371 -0.384776 -0.320197 0.864927
3022.901362 1.2927 -0.278794 0.26794 0.0351839 -0.384239 -0.318293 0.865917
3022.938225 1.28315 -0.274441 0.261486 0.0340226 -0.381409 -0.316128 0.868005
3022.975089 1.27504 -0.272318 0.257249 0.0342549 -0.379178 -0.314037 0.869731
3023.011952 1.26864 -0.269369 0.254509 0.0357017 -0.377969 -0.311876 0.870975
3023.048815 1.2595 -0.267968 0.249045 0.0351862 -0.375511 -0.310623 0.872506
3023.085679 1.25187 -0.264072 0.243546 0.0350886 -0.373658 -0.310318 0.873414
3023.122542 1.24399 -0.263196 0.238275 0.0339563 -0.3725 -0.311307 0.873601
3023.159405 1.23516 -0.261755 0.232809 0.0337817 -0.371943 -0.312434 0.873443
3023.196269 1.22886 -0.258475 0.22801 0.0349335 -0.371814 -0.314087 0.872859
3023.233132 1.22144 -0.25617 0.222468 0.0342839 -0.370829 -0.314908 0.873008
3023.269995 1.21359 -0.252997 0.215842 0.0336664 -0.369031 -0.315923 0.873427
3023.306859 1.20774 -0.248529 0.210858 0.0351584 -0.368264 -0.318422 0.872785
3023.343722 1.20051 -0.245074 0.204688 0.0351478 -0.366179 -0.320635 0.872852
3023.380585 1.19441 -0.241884 0.198641 0.0344812 -0.362925 -0.322034 0.873722
3023.417448 1.18861 -0.235493 0.191948 0.0359245 -0.359622 -0.321994 0.875044
3023.454312 1.18233 -0.229154 0.185029 0.0382016 -0.355958 -0.322019 0.876435
3023.491175 1.17695 -0.224589 0.178476 0.039233 -0.352276 -0.321556 0.878046
3023.528039 1.17061 -0.218266 0.169796 0.0407215 -0.348207 -0.319397 0.880386
3023.564902 1.16533 -0.211266 0.162581 0.0428511 -0.345535 -0.31723 0.882119
3023.601766 1.15959 -0.204056 0.154095 0.0433618 -0.342577 -0.315514 0.883862
3023.638629 1.15518 -0.197017 0.145091 0.0435695 -0.339347 -0.311566 0.886494
3023.675492 1.14968 -0.188594 0.136315 0.0478196 -0.336867 -0.30429 0.889742
3023.712355 1.14601 -0.179967 0.127306 0.0524813 -0.334803 -0.296266 0.892961
3023.749219 1.14203 -0.173724 0.118754 0.0530621 -0.332254 -0.288923 0.896278
3023.786082 1.13848 -0.163784 0.108886 0.0506986 -0.328269 -0.281554 0.90022
3023.822946 1.13487 -0.15453 0.0993618 0.0469174 -0.32559 -0.276984 0.902812
3023.859809 1.13084 -0.145421 0.0903015 0.0433492 -0.323932 -0.273767 0.904567
3023.896672 1.12546 -0.134356 0.0792154 0.0398872 -0.321714 -0.270744 0.906425
3023.933536 1.1245 -0.121955 0.0703824 0.0390828 -0.320997 -0.266896 0.907855
3023.970399 1.12048 -0.114029 0.0605185 0.0384272 -0.319116 -0.262574 0.909804
3024.007262 1.11995 -0.104728 0.0513503 0.0381364 -0.31636 -0.257043 0.912355
3024.044126 1.11951 -0.0961348 0.042259 0.0404748 -0.314383 -0.253024 0.914059
3024.080989 1.11767 -0.0898548 0.0333844 0.0441673 -0.313143 -0.248959 0.915429
3024.117852 1.11782 -0.0825984 0.025179 0.0466895 -0.311867 -0.245674 0.916626
3024.154716 1.11545 -0.0769298 0.0154913 0.0473355 -0.310906 -0.244985 0.917103
3024.191579 1.11405 -0.071353 0.00961757 0.0505942 -0.312492 -0.243645 0.916747
3024.228442 1.11258 -0.0643703 0.00263506 0.0531313 -0.313416 -0.24177 0.916785
3024.265305 1.10854 -0.0583311 -0.00552744 0.0542375 -0.313862 -0.239021 0.917288
3024.302169 1.10579 -0.0519226 -0.0114695 0.05694 -0.315671 -0.23683 0.917072
3024.339032 1.10533 -0.0484469 -0.0161484 0.0580979 -0.317599 -0.235721 0.916619
3024.375896 1.10282 -0.0397341 -0.0218996 0.0607944 -0.318478 -0.232924 0.916854
3024.412759 1.09847 -0.036663 -0.0274204 0.0635015 -0.319749 -0.23051 0.916839
3024.449622 1.09834 -0.032825 -0.0295783 0.067472 -0.322445 -0.227947 0.916252
3024.486486 1.09268 -0.0269129 -0.0359543 0.0699669 -0.321781 -0.22499 0.917029
3024.523349 1.08978 -0.0232554 -0.0400676 0.0720907 -0.320174 -0.222473 0.91804
3024.560212 1.08921 -0.0199242 -0.0411799 0.0745888 -0.319607 -0.219901 0.918657
3024.597076 1.08261 -0.0164824 -0.0471241 0.0738146 -0.316302 -0.218159 0.920278
3024.633939 1.07906 -0.0103958 -0.0490909 0.0738866 -0.314985 -0.216169 0.921193
3024.670802 1.07424 -0.00753329 -0.050684 0.073847 -0.314102 -0.214211 0.921955
3024.707666 1.06826 -0.00386018 -0.0533463 0.073018 -0.31234 -0.210013 0.923584
3024.744529 1.06075 -0.000961717 -0.05741 0.0714005 -0.309774 -0.205763 0.925529
3024.781392 1.05618 0.00167942 -0.0585514 0.0711125 -0.308944 -0.201408 0.926786
3024.818256 1.0502 0.00355193 -0.0615194 0.0711426 -0.307622 -0.197154 0.928137
3024.855119 1.03974 0.00697731 -0.0661426 0.0713827 -0.304892 -0.191589 0.930182
3024.891982 1.03319 0.00824414 -0.069199 0.0711153 -0.303776 -0.184757 0.931948
3024.928846 1.02616 0.00858445 -0.0720329 0.0702144 -0.303656 -0.177877 0.933393
3024.965709 1.01901 0.0127881 -0.0764132 0.0669783 -0.30266 -0.171215 0.935199
3025.002573 1.01085 0.0148954 -0.0808268 0.0630914 -0.30028 -0.165688 0.937229
3025.039436 1.00508 0.0161717 -0.0822908 0.0630338 -0.299643 -0.161292 0.938203
3025.076299 0.997418 0.0168996 -0.0858345 0.0628456 -0.297186 -0.157451 0.939649
3025.113162 0.993017 0.0181841 -0.0882318 0.0627933 -0.294882 -0.152424 0.941206
3025.150026 0.986424 0.0193116 -0.0899149 0.0659091 -0.29373 -0.149447 0.94183
3025.186889 0.978442 0.0195528 -0.0928598 0.06827 -0.294268 -0.149075 0.941553
3025.223752 0.9699 0.0175919 -0.0957275 0.0678426 -0.295385 -0.150637 0.940985
3025.260616 0.96321 0.0166913 -0.0975114 0.0678549 -0.296647 -0.153176 0.940177
3025.297479 0.953972 0.0162317 -0.101308 0.0664062 -0.295918 -0.153249 0.940498
3025.334342 0.947032 0.0172646 -0.103788 0.0654351 -0.295781 -0.154414 0.940419
3025.371206 0.938912 0.0168858 -0.105419 0.0657665 -0.295575 -0.157206 0.939998
3025.408069 0.931943 0.0168974 -0.107173 0.0664293 -0.29433 -0.158853 0.940065
3025.444933 0.924478 0.015916 -0.10912 0.0658898 -0.290866 -0.159072 0.941144
3025.481796 0.917607 0.0140258 -0.110857 0.0647159 -0.286816 -0.158295 0.942598
3025.518659 0.910929 0.0159566 -0.112243 0.0649195 -0.282095 -0.156451 0.944315
3025.555523 0.904323 0.0137798 -0.112769 0.0647399 -0.278704 -0.156426 0.945338
3025.592386 0.896729 0.0129611 -0.113689 0.0638859 -0.275479 -0.156395 0.946346
3025.629249 0.888898 0.0105933 -0.114273 0.0610158 -0.272563 -0.15453 0.947685
3025.666113 0.879938 0.0107149 -0.114988 0.0592999 -0.270304 -0.152641 0.948746
3025.702976 0.871257 0.00985899 -0.114753 0.0576464 -0.269106 -0.151522 0.949368
3025.739839 0.864271 0.00928514 -0.114138 0.0564197 -0.267517 -0.150824 0.950002
3025.776703 0.854855 0.00955432 -0.114748 0.0554379 -0.264169 -0.148416 0.951375
3025.813566 0.845091 0.0107953 -0.116412 0.0540957 -0.259229 -0.14513 0.953316
3025.850430 0.836596 0.0107235 -0.116567 0.0541443 -0.255644 -0.142951 0.95461
3025.887293 0.825297 0.0109463 -0.118372 0.0550692 -0.251329 -0.140708 0.956035
3025.924156 0.812521 0.0112031 -0.121002 0.0542137 -0.246666 -0.138015 0.957689
3025.961019 0.799844 0.0115747 -0.122873 0.0530774 -0.242052 -0.136045 0.959211
3025.997883 0.785791 0.0127899 -0.126625 0.0508713 -0.236744 -0.135174 0.960777
3026.034746 0.772933 0.0129347 -0.129547 0.0485226 -0.232511 -0.136493 0.961745
3026.071609 0.758528 0.012343 -0.13234 0.0470962 -0.228432 -0.138113 0.962562
3026.108473 0.743619 0.0123877 -0.135584 0.0461154 -0.223366 -0.138676 0.963717
3026.145336 0.72897 0.0136799 -0.138982 0.0451048 -0.216817 -0.135919 0.965651
3026.182199 0.713574 0.0175212 -0.141999 0.0456406 -0.209324 -0.131188 0.967931
3026.219063 0.70278 0.0197022 -0.142964 0.0464278 -0.205097 -0.128104 0.96921
3026.255926 0.687935 0.022289 -0.144916 0.0456572 -0.200531 -0.125242 0.970576
3026.292790 0.674287 0.0237892 -0.145347 0.0433198 -0.196606 -0.123921 0.971655
3026.329653 0.662947 0.0236932 -0.145856 0.0390768 -0.193275 -0.123687 0.972533
3026.366516 0.649199 0.0255062 -0.145546 0.0380157 -0.1904 -0.123211 0.973202
3026.403379 0.637922 0.0262643 -0.144235 0.0394522 -0.1896 -0.123327 0.973286
3026.440243 0.626096 0.0279881 -0.14323 0.0397924 -0.188013 -0.122241 0.973717
3026.477106 0.616261 0.0298571 -0.142454 0.0388901 -0.186604 -0.119118 0.974411
3026.513970 0.605924 0.0305886 -0.140104 0.0390442 -0.186721 -0.115282 0.974844
3026.550833 0.596443 0.029988 -0.137581 0.0400138 -0.189438 -0.112798 0.974571
3026.587696 0.586576 0.0297143 -0.135333 0.039708 -0.192882 -0.11112 0.974101
3026.624560 0.574886 0.0303739 -0.133589 0.039292 -0.195693 -0.109403 0.973751
3026.661423 0.566046 0.0307474 -0.130457 0.0401553 -0.198711 -0.108282 0.97323
3026.698286 0.557744 0.0292235 -0.127049 0.0408298 -0.200333 -0.106682 0.973046
3026.735150 0.545579 0.0289353 -0.124668 0.0419251 -0.199796 -0.105597 0.973228
3026.772013 0.535246 0.0290354 -0.12186 0.0435129 -0.198019 -0.105008 0.973585
3026.808876 0.522835 0.0302099 -0.119797 0.0464135 -0.193538 -0.103495 0.974514
3026.845740 0.509262 0.0307726 -0.118944 0.0498761 -0.185511 -0.0996998 0.976298
3026.882603 0.495377 0.0325699 -0.118211 0.0537679 -0.175899 -0.0942506 0.97841
3026.919466 0.483459 0.0326536 -0.116606 0.0561423 -0.167439 -0.0897177 0.980185
3026.956330 0.469457 0.0332005 -0.116328 0.0555876 -0.15979 -0.0860832 0.981818
3026.993193 0.45774 0.0320534 -0.11566 0.0505948 -0.153986 -0.0836778 0.983223
3027.030056 0.446475 0.0304997 -0.11437 0.0479455 -0.150662 -0.08267 0.983955
3027.066920 0.435402 0.0283495 -0.111611 0.0498294 -0.148978 -0.0819734 0.984176
3027.103783 0.423145 0.0260545 -0.109283 0.0512555 -0.147959 -0.0813365 0.98431
3027.140646 0.41465 0.0249929 -0.107548 0.0481106 -0.147803 -0.0810056 0.984519
3027.177510 0.405238 0.0217889 -0.106359 0.0429889 -0.148046 -0.0821407 0.984626
3027.214373 0.394561 0.0195816 -0.105086 0.0419801 -0.149144 -0.0845799 0.984297
3027.251236 0.383843 0.0177709 -0.103098 0.0434263 -0.150334 -0.0874087 0.983806
3027.288100 0.375554 0.0151596 -0.102371 0.0418439 -0.150834 -0.0912892 0.983445
3027.324963 0.366748 0.0129102 -0.101562 0.0396429 -0.150147 -0.0945719 0.983331
3027.361826 0.35501 0.0105732 -0.100857 0.0396287 -0.147555 -0.0952994 0.983654
3027.398690 0.346902 0.00890644 -0.0998609 0.040575 -0.144436 -0.0952057 0.984087
3027.435553 0.338271 0.00939061 -0.0991688 0.0416928 -0.141116 -0.0947802 0.984563
3027.472416 0.328933 0.00897576 -0.0983464 0.0419876 -0.138689 -0.0946009 0.984913
3027.509280 0.32217 0.00691323 -0.0968377 0.0415465 -0.138181 -0.0949424 0.98497
3027.546143 0.310428 0.00833877 -0.0975233 0.0406804 -0.135593 -0.0930278 0.985548
3027.583006 0.304826 0.0082098 -0.0964333 0.0401238 -0.134117 -0.0907217 0.985988
3027.619870 0.297345 0.00929023 -0.0955904 0.0402541 -0.131278 -0.0876252 0.986645
3027.656733 0.288682 0.00944288 -0.095155 0.0392118 -0.127729 -0.0852984 0.987356
3027.693597 0.279924 0.00961313 -0.0955894 0.0370399 -0.123222 -0.0832495 0.988187
3027.730460 0.271418 0.00936418 -0.09525 0.0364922 -0.119041 -0.0813367 0.988879
3027.767323 0.261425 0.00987053 -0.0961216 0.0362666 -0.114036 -0.0787305 0.989688
3027.804187 0.249664 0.0120756 -0.0977398 0.0359075 -0.108102 -0.0755536 0.990614
3027.841050 0.239602 0.0131367 -0.0989653 0.0362514 -0.10289 -0.0725676 0.99138
3027.877913 0.227527 0.0152067 -0.101596 0.0360473 -0.0972979 -0.0700895 0.99213
3027.914777 0.216573 0.0162762 -0.103981 0.0358245 -0.0922345 -0.0675322 0.992798
3027.951640 0.204486 0.0193319 -0.106501 0.0374591 -0.0862205 -0.0636282 0.993536
3027.988503 0.191108 0.0211369 -0.110873 0.037 -0.0807249 -0.0598068 0.994252
3028.025367 0.178085 0.023846 -0.115099 0.0362453 -0.0751965 -0.0548805 0.994997
3028.062230 0.166329 0.0248908 -0.118596 0.0376746 -0.0720633 -0.0514542 0.995359
3028.099093 0.153654 0.0262565 -0.122902 0.0388547 -0.0699068 -0.0480727 0.995637
3028.135957 0.141641 0.0281473 -0.126955 0.0393943 -0.0680341 -0.044059 0.995931
3028.172820 0.130426 0.0291732 -0.129654 0.0418774 -0.0665457 -0.0389952 0.996141
3028.209683 0.1207 0.0306529 -0.132686 0.0427016 -0.0653377 -0.0340005 0.996369
3028.246547 0.109614 0.0325941 -0.135982 0.0424285 -0.0631722 -0.0287308 0.996686
3028.283410 0.0992359 0.0336654 -0.137419 0.0430402 -0.0616779 -0.0255046 0.996841
3028.320273 0.0914157 0.0348897 -0.138432 0.0409833 -0.0612163 -0.0244101 0.996984
3028.357137 0.0802262 0.0362314 -0.140545 0.0378775 -0.0587889 -0.0221671 0.997305
3028.394000 0.07026 0.0366807 -0.140982 0.0378746 -0.0565634 -0.0199821 0.99748
3028.430863 0.0636006 0.0362452 -0.14061 0.0388005 -0.0550092 -0.0183775 0.997562
3028.467727 0.0528407 0.0362391 -0.141397 0.0388924 -0.0516587 -0.017129 0.99776
3028.504590 0.0465123 0.0349561 -0.140363 0.041246 -0.0482618 -0.0157344 0.997859
3028.541454 0.0396397 0.0326858 -0.138789 0.0432955 -0.0435483 -0.0138773 0.998016
3028.578317 0.0313032 0.0327447 -0.137431 0.0427433 -0.0392443 -0.0137487 0.99822
3028.615180 0.0237409 0.0311796 -0.13486 0.0405173 -0.0357524 -0.0153061 0.998422
3028.652043 0.0154737 0.030074 -0.132009 0.0374597 -0.0324881 -0.0177639 0.998612
3028.688907 0.00889513 0.029573 -0.12758 0.0356705 -0.0302304 -0.0193137 0.99872
3028.725770 -0.00033354 0.0288024 -0.123973 0.0336292 -0.0268634 -0.0201982 0.998869
3028.762634 -0.0115858 0.0270532 -0.119928 0.032383 -0.0238579 -0.0208733 0.998973
3028.799497 -0.0178871 0.0241501 -0.115715 0.0317069 -0.0225991 -0.022326 0.998992
3028.836360 -0.0277723 0.0222906 -0.112529 0.0323967 -0.0198886 -0.022964 0.999013
3028.873224 -0.0366879 0.0202022 -0.108533 0.0355441 -0.0174781 -0.0232859 0.998944
3028.910087 -0.0458767 0.0174947 -0.105226 0.0373773 -0.0144053 -0.0241158 0.998906
3028.946950 -0.0533313 0.0153593 -0.102209 0.0398182 -0.0114934 -0.0241366 0.998849
3028.983814 -0.0623597 0.0127283 -0.0980271 0.0440695 -0.00826426 -0.0226968 0.998736
3029.020677 -0.0719159 0.0109274 -0.0947971 0.0472246 -0.00566684 -0.0218597 0.998629
3029.057540 -0.0800694 0.0094213 -0.0919088 0.0501667 -0.00380321 -0.0211397 0.99851
3029.094403 -0.0896181 0.00753166 -0.0889608 0.0534898 -0.00106797 -0.0192387 0.998383
3029.131267 -0.0977858 0.00592299 -0.0865628 0.0547525 0.00131254 -0.0173576 0.998348
3029.168130 -0.106586 0.00495298 -0.0846838 0.0540831 0.00384967 -0.0144424 0.998425
3029.204994 -0.116368 0.00289288 -0.0824968 0.0534326 0.005658 -0.0121427 0.998482
3029.241857 -0.125761 0.00067663 -0.0798602 0.0533423 0.00665136 -0.00912778 0.998512
3029.278720 -0.132447 -0.00133519 -0.0768473 0.0551832 0.00587638 -0.00652762 0.998438
3029.315584 -0.140834 -0.00353972 -0.0735327 0.0571465 0.00557137 -0.00108792 0.99835
3029.352447 -0.14843 -0.00506908 -0.0708847 0.0561035 0.00494123 0.0047051 0.998402
3029.389310 -0.155985 -0.00740861 -0.0686501 0.0529083 0.00487682 0.00907936 0.998546
3029.426174 -0.160037 -0.00970161 -0.0654305 0.0524839 0.00507072 0.0118154 0.998539
3029.463037 -0.16699 -0.0108368 -0.0632577 0.0519871 0.00874969 0.0151659 0.998494
3029.499900 -0.172827 -0.013702 -0.0613139 0.0490161 0.0137797 0.0186153 0.998529
3029.536764 -0.179284 -0.0146801 -0.0601685 0.0473624 0.0204041 0.0215892 0.998436
3029.573627 -0.18682 -0.0143752 -0.0596794 0.0460866 0.028903 0.024193 0.998226
3029.610491 -0.196421 -0.0140527 -0.0596275 0.0453571 0.0382847 0.0256245 0.997908
3029.647354 -0.204487 -0.0125887 -0.060268 0.0455674 0.0477762 0.0281757 0.99742
3029.684217 -0.211755 -0.0127195 -0.0611778 0.0447258 0.0567895 0.0308863 0.996906
3029.721081 -0.220323 -0.0128006 -0.0625171 0.0431493 0.0641168 0.0327938 0.99647
3029.757944 -0.230723 -0.0117957 -0.0639171 0.0411622 0.0696996 0.0342574 0.99613
3029.794807 -0.240195 -0.0125425 -0.0646962 0.038838 0.0729523 0.0358336 0.995935
3029.831671 -0.250832 -0.012163 -0.0655417 0.03623 0.0759414 0.0393823 0.995675
3029.868534 -0.261984 -0.00960221 -0.0666514 0.0348132 0.0773871 0.0415084 0.995528
3029.905397 -0.275078 -0.00699716 -0.0682353 0.0338105 0.0794125 0.0449103 0.995256
3029.942260 -0.290059 -0.00450167 -0.0696287 0.034131 0.0827779 0.0496906 0.994743
3029.979124 -0.302472 -0.00206955 -0.0719027 0.0344936 0.0854095 0.0539992 0.994283
3030.015987 -0.31588 -0.000179995 -0.0745788 0.0350417 0.0880168 0.0587177 0.993769
3030.052851 -0.329595 0.00145518 -0.0776174 0.0362758 0.0905381 0.0634363 0.993208
3030.089714 -0.342088 0.00319636 -0.0805926 0.0391985 0.0923354 0.0670162 0.992697
3030.126577 -0.354146 0.00468286 -0.0844951 0.0405385 0.0943363 0.0712537 0.992159
3030.163440 -0.367931 0.00730371 -0.0888568 0.0401648 0.0984631 0.0759086 0.991428
3030.200304 -0.375435 0.0078389 -0.0927061 0.0409698 0.102116 0.0783521 0.990835
3030.237167 -0.386963 0.0100559 -0.097084 0.0425849 0.109043 0.0823474 0.989705
3030.274030 -0.395035 0.01274 -0.101777 0.0436976 0.115587 0.0855043 0.988645
3030.310894 -0.408872 0.0144607 -0.105271 0.0444965 0.123379 0.0884141 0.987411
3030.347757 -0.417721 0.016102 -0.108981 0.0452839 0.128676 0.0893821 0.986612
3030.384621 -0.427276 0.0164994 -0.112077 0.0445851 0.133003 0.0902557 0.98599
3030.421484 -0.435334 0.0163129 -0.114842 0.04321 0.135335 0.0902617 0.985733
3030.458347 -0.443524 0.0152448 -0.117469 0.0427304 0.136217 0.0892401 0.985726
3030.495211 -0.452412 0.0143942 -0.118422 0.0449463 0.13743 0.0888347 0.985495
3030.532074 -0.460825 0.0129604 -0.11915 0.0468378 0.137896 0.08799 0.985418
3030.568937 -0.469487 0.0113849 -0.119132 0.0484338 0.138405 0.0876852 0.985297
3030.605801 -0.479068 0.00916486 -0.118713 0.0499085 0.140012 0.0878545 0.984981
3030.642664 -0.48577 0.00700047 -0.117904 0.0514879 0.1416 0.0882058 0.984641
3030.679527 -0.492968 0.00463823 -0.116081 0.0527144 0.143376 0.0881202 0.984327
3030.716391 -0.500954 0.00177671 -0.113985 0.0537331 0.144593 0.0868383 0.984208
3030.753254 -0.508603 -0.001324 -0.11064 0.0556011 0.145571 0.0869602 0.983949
3030.790117 -0.514903 -0.00378014 -0.106844 0.0569929 0.145931 0.0876412 0.983756
3030.826981 -0.523145 -0.00629211 -0.102245 0.0567677 0.145826 0.087512 0.983796
3030.863844 -0.53045 -0.0090181 -0.0969067 0.0559115 0.144462 0.0866517 0.984122
3030.900707 -0.536747 -0.0132303 -0.091247 0.054916 0.142373 0.0864417 0.984501
3030.937571 -0.543016 -0.0157281 -0.0850629 0.0556747 0.141058 0.0871529 0.984585
3030.974434 -0.551021 -0.0192206 -0.0786741 0.0558734 0.139932 0.0879006 0.984668
3031.011297 -0.558571 -0.0229119 -0.0723171 0.0559644 0.138392 0.0896493 0.984723
3031.048161 -0.565902 -0.0260736 -0.066123 0.0560423 0.135682 0.0920834 0.984871
3031.085024 -0.571417 -0.0305584 -0.0607361 0.0545505 0.131371 0.0951431 0.985248
3031.121887 -0.577064 -0.0341734 -0.0555263 0.0547117 0.127353 0.0972614 0.98556
3031.158751 -0.58297 -0.039057 -0.0503796 0.0557583 0.124754 0.0981974 0.985741
3031.195614 -0.585618 -0.0429013 -0.0468987 0.055811 0.12272 0.0993181 0.985881
3031.232478 -0.591954 -0.0479029 -0.0428852 0.0548933 0.122874 0.100308 0.985813
3031.269341 -0.596493 -0.0528553 -0.039507 0.0548018 0.122992 0.098458 0.98599
3031.306204 -0.601747 -0.0572145 -0.0364325 0.0547591 0.124184 0.0969708 0.98599
3031.343067 -0.60729 -0.0601317 -0.0345442 0.0531386 0.127072 0.0971548 0.985693
3031.379931 -0.612084 -0.0640167 -0.0328098 0.0524478 0.130117 0.0947324 0.985568
3031.416794 -0.61762 -0.0668618 -0.031321 0.0533096 0.133772 0.0909445 0.985389
3031.453658 -0.62591 -0.069048 -0.0297482 0.0543789 0.138303 0.0894173 0.984845
3031.490521 -0.633172 -0.071131 -0.0285861 0.0555287 0.142812 0.0896906 0.984112
3031.527384 -0.639843 -0.0714869 -0.0273393 0.0579434 0.146848 0.090437 0.98331
3031.564248 -0.646207 -0.0724702 -0.0265462 0.057672 0.148518 0.0900727 0.983109
3031.601111 -0.650778 -0.0722051 -0.0267275 0.0555774 0.148616 0.089023 0.98331
3031.637974 -0.65636 -0.0725673 -0.0259341 0.0561054 0.149449 0.0878817 0.983257
3031.674838 -0.663887 -0.0721659 -0.0242688 0.0577013 0.151533 0.0899287 0.98266
3031.711701 -0.671717 -0.0724756 -0.0242983 0.0567723 0.153302 0.0927731 0.982175
3031.748564 -0.677901 -0.0711564 -0.0241037 0.0596058 0.155617 0.0954952 0.981382
3031.785428 -0.684165 -0.0698174 -0.0240985 0.0628416 0.15942 0.0982074 0.980302
3031.822291 -0.692709 -0.0686881 -0.0249308 0.0635994 0.164898 0.101759 0.978984
3031.859154 -0.701536 -0.0651319 -0.0259666 0.0641222 0.170684 0.106157 0.97749
3031.896018 -0.709408 -0.0612167 -0.0270579 0.0679318 0.175713 0.110292 0.975882
3031.932881 -0.717191 -0.0580088 -0.0284633 0.0722528 0.179861 0.114078 0.97438
3031.969744 -0.727448 -0.0538323 -0.0302059 0.0750867 0.182919 0.118705 0.973043
3032.006608 -0.734302 -0.0496829 -0.0333883 0.077981 0.183834 0.120938 0.972367
3032.043471 -0.744166 -0.0456017 -0.0371649 0.0792666 0.1844 0.121472 0.97209
3032.080334 -0.752531 -0.0432606 -0.041556 0.0792163 0.184325 0.120886 0.972181
3032.117198 -0.761464 -0.040478 -0.0465512 0.080695 0.184427 0.120991 0.972027
3032.154061 -0.772841 -0.0369477 -0.051588 0.0818668 0.184579 0.122165 0.971753
3032.190924 -0.783618 -0.034798 -0.0567082 0.0820989 0.1827 0.120697 0.972272
3032.227788 -0.793734 -0.0314393 -0.0623532 0.083454 0.180561 0.118761 0.972794
3032.264651 -0.805158 -0.0265613 -0.0689915 0.0839221 0.179438 0.118192 0.973031
3032.301515 -0.815066 -0.0243305 -0.0758478 0.0827534 0.180062 0.118501 0.972978
3032.338378 -0.825097 -0.0214385 -0.0825477 0.0827209 0.182379 0.119448 0.972434
3032.375241 -0.835851 -0.016492 -0.0894334 0.0824575 0.186883 0.12094 0.971416
3032.412105 -0.845258 -0.0136997 -0.0977064 0.0798179 0.192308 0.123586 0.970244
3032.448968 -0.856191 -0.0100581 -0.104559 0.0800872 0.199131 0.126683 0.968444
3032.485831 -0.862444 -0.00678233 -0.112395 0.0808151 0.204321 0.127351 0.967214
