5744.022533 -0.00817048 0.015075 -0.0110795 0.707789 -0.706423 0.00119798 0.000383942
5744.055849 -0.00784003 0.00895798 -0.00111214 0.705863 -0.708345 -0.00104626 0.00180412
5744.089165 -0.00688413 0.0022859 0.0107274 0.702401 -0.711749 -0.00679636 0.000431924
5744.122482 -0.00619531 -0.00485315 0.0242157 -0.69771 0.716242 0.0139473 0.00176784
5744.155798 -0.00819259 -0.0122038 0.0379153 -0.692722 0.720862 0.0219914 0.00331313
5744.189264 -0.00783399 -0.0210917 0.0522419 -0.688244 0.724922 0.0276336 0.00674484
5744.222581 -0.0133549 -0.0288601 0.0686096 -0.684014 0.728599 0.0325689 0.0144256
5744.255897 -0.0221611 -0.0381719 0.0856582 -0.680789 0.731213 0.0367597 0.0224103
5744.289213 -0.0301685 -0.0434802 0.104497 -0.677557 0.733897 0.038707 0.028521
5744.322530 -0.0427862 -0.0503179 0.124355 -0.673925 0.737087 0.0381251 0.0327719
5744.355846 -0.0528058 -0.0577452 0.144764 -0.668308 0.742127 0.0342013 0.0379842
5744.389162 -0.0606694 -0.0684217 0.166123 -0.662507 0.747303 0.0282322 0.0427223
5744.422479 -0.0749614 -0.0744452 0.18871 -0.658477 0.75098 0.0189232 0.0456032
5744.455795 -0.0878219 -0.0819498 0.211148 -0.654276 0.754575 0.00712025 0.0498983
5744.489111 -0.0980068 -0.0897917 0.232517 -0.650045 0.75802 -0.00150459 0.0533408
5744.522578 -0.110322 -0.0963373 0.253856 -0.646045 0.761203 -0.00608671 0.0561946
5744.555898 -0.129055 -0.103719 0.27498 -0.642137 0.76411 -0.00871167 0.0609907
5744.589210 -0.147213 -0.110495 0.295284 -0.638614 0.766541 -0.0128647 0.066488
5744.622527 -0.167781 -0.115266 0.315163 -0.635421 0.76876 -0.0195163 0.069768
5744.655844 -0.181947 -0.120296 0.333866 -0.632312 0.770918 -0.0265608 0.0718435
5744.689159 -0.201245 -0.126432 0.351039 -0.630986 0.771604 -0.0311947 0.074235
5744.722476 -0.216028 -0.132466 0.366714 -0.631447 0.770597 -0.0357003 0.0786135
5744.755792 -0.236048 -0.137934 0.382721 -0.630922 0.770317 -0.042455 0.0821355
5744.789108 -0.252331 -0.140077 0.39705 -0.628417 0.771659 -0.052075 0.0832039
5744.822425 -0.272345 -0.141106 0.409576 -0.625069 0.773669 -0.0610034 0.0836809
5744.855741 -0.291299 -0.14368 0.419679 -0.623196 0.77438 -0.065242 0.0877815
5744.889207 -0.312692 -0.148904 0.429409 -0.622833 0.773429 -0.0681767 0.0961132
5744.922524 -0.331324 -0.158436 0.43959 -0.622108 0.772308 -0.0754856 0.10404
5744.955840 -0.350327 -0.160238 0.450037 -0.622882 0.770435 -0.083654 0.107007
5744.989156 -0.37 -0.161426 0.460396 -0.62473 0.767846 -0.0904001 0.109334
5745.022473 -0.390564 -0.16456 0.470867 -0.625252 0.76583 -0.0977972 0.114017
5745.055789 -0.408607 -0.167655 0.481667 -0.624161 0.764867 -0.10604 0.118983
5745.089105 -0.42675 -0.170588 0.492201 -0.621596 0.765218 -0.113545 0.123155
5745.122422 -0.443175 -0.174295 0.503924 -0.61842 0.765954 -0.121213 0.127198
5745.155738 -0.460186 -0.178868 0.517959 -0.614538 0.766852 -0.130534 0.131307
5745.189054 -0.476099 -0.180854 0.532133 -0.611953 0.766889 -0.138124 0.13534
5745.222521 -0.491398 -0.183067 0.547589 -0.611278 0.765445 -0.145091 0.139218
5745.255837 -0.506091 -0.186057 0.564268 -0.611708 0.762475 -0.153159 0.144872
5745.289153 -0.521399 -0.189473 0.581361 -0.610935 0.760361 -0.160307 0.151365
5745.322470 -0.537784 -0.193971 0.597781 -0.608815 0.76001 -0.164599 0.156962
5745.355786 -0.554548 -0.198998 0.615528 -0.607027 0.759234 -0.168532 0.163338
5745.389102 -0.572451 -0.206559 0.634078 -0.605621 0.758088 -0.174018 0.16806
5745.422419 -0.592238 -0.214313 0.652593 -0.603243 0.757508 -0.181051 0.171755
5745.455735 -0.619754 -0.224341 0.66939 -0.602004 0.756926 -0.186434 0.172907
5745.489051 -0.647269 -0.235893 0.686883 -0.601949 0.754806 -0.192365 0.175844
5745.522368 -0.670097 -0.24444 0.704936 -0.600772 0.752476 -0.201282 0.179832
5745.555684 -0.691561 -0.249345 0.721469 -0.600069 0.750811 -0.207742 0.18178
5745.589150 -0.713659 -0.259936 0.737442 -0.600224 0.748468 -0.210977 0.187124
5745.622467 -0.73655 -0.272564 0.751881 -0.599071 0.746095 -0.215008 0.195518
5745.655783 -0.75798 -0.283287 0.765008 -0.59542 0.745669 -0.220065 0.202546
5745.689099 -0.780062 -0.292831 0.776605 -0.590247 0.746934 -0.223878 0.208752
5745.722416 -0.799875 -0.297292 0.786105 -0.585163 0.748025 -0.228325 0.214269
5745.755732 -0.821441 -0.302115 0.79651 -0.580686 0.747426 -0.236392 0.21972
5745.789048 -0.84387 -0.305529 0.806033 -0.577037 0.745853 -0.244946 0.22524
5745.822365 -0.864821 -0.308856 0.81481 -0.572846 0.745365 -0.251736 0.230017
5745.855681 -0.885244 -0.312291 0.823501 -0.568055 0.745654 -0.257075 0.235002
5745.888997 -0.903023 -0.310815 0.832033 -0.562457 0.746729 -0.262148 0.239408
5745.922464 -0.918347 -0.312132 0.843171 -0.555962 0.748425 -0.267567 0.243258
5745.955780 -0.935456 -0.315581 0.855096 -0.551328 0.749329 -0.271801 0.246308
5745.989096 -0.949432 -0.314979 0.867404 -0.548926 0.749076 -0.274913 0.248976
5746.022413 -0.962625 -0.314318 0.880116 -0.547995 0.748083 -0.276918 0.251775
5746.055729 -0.981695 -0.317019 0.890922 -0.547871 0.747176 -0.277175 0.25444
5746.089045 -1.00156 -0.31635 0.901909 -0.547165 0.7464 -0.278195 0.25711
5746.122362 -1.01981 -0.31346 0.914567 -0.544017 0.746759 -0.279979 0.260782
5746.155678 -1.04131 -0.313105 0.926304 -0.540336 0.747865 -0.281778 0.263316
5746.188994 -1.06235 -0.314582 0.938539 -0.538484 0.748014 -0.282488 0.265917
5746.222311 -1.08302 -0.318808 0.94995 -0.537636 0.747467 -0.282089 0.269568
5746.255777 -1.10214 -0.320197 0.963356 -0.535699 0.747443 -0.283606 0.271888
5746.289093 -1.12464 -0.317774 0.974585 -0.531898 0.749036 -0.285637 0.27284
5746.322410 -1.14678 -0.318837 0.986366 -0.528155 0.750519 -0.287706 0.273858
5746.355726 -1.16944 -0.320707 0.997798 -0.524745 0.751101 -0.291293 0.275024
5746.389042 -1.19216 -0.321576 1.01034 -0.520372 0.752029 -0.296489 0.275243
5746.422359 -1.21115 -0.318599 1.02437 -0.518505 0.752433 -0.30082 0.272953
5746.455675 -1.23349 -0.31828 1.03539 -0.520851 0.750652 -0.303625 0.270275
5746.488991 -1.25874 -0.319939 1.04566 -0.523831 0.746684 -0.30726 0.271395
5746.522308 -1.27984 -0.320116 1.057 -0.525576 0.743751 -0.310495 0.272394
5746.555624 -1.29811 -0.318831 1.0686 -0.528536 0.741828 -0.310793 0.271568
5746.588940 -1.31758 -0.319166 1.07971 -0.531243 0.739432 -0.311741 0.271733
5746.622407 -1.33723 -0.318365 1.09018 -0.52998 0.738216 -0.316139 0.272423
5746.655723 -1.35186 -0.315215 1.10342 -0.525295 0.740161 -0.322215 0.269081
5746.689043 -1.36413 -0.311749 1.11631 -0.521292 0.743573 -0.324635 0.264512
5746.722356 -1.37775 -0.313155 1.12909 -0.519845 0.744815 -0.325054 0.263348
5746.755672 -1.39235 -0.311738 1.13967 -0.521491 0.743418 -0.32507 0.264018
5746.788988 -1.4061 -0.310714 1.15131 -0.525085 0.7407 -0.325883 0.263533
5746.822305 -1.42035 -0.310408 1.16272 -0.527117 0.738715 -0.326945 0.263733
5746.855621 -1.43578 -0.310322 1.17372 -0.526074 0.737526 -0.329295 0.266208
5746.888937 -1.44839 -0.309003 1.18675 -0.522483 0.73716 -0.333635 0.268875
5746.922254 -1.46235 -0.307659 1.19927 -0.518322 0.73779 -0.338293 0.269381
5746.955720 -1.47476 -0.305571 1.21333 -0.515742 0.737374 -0.342689 0.269914
5746.989039 -1.48819 -0.3028 1.2271 -0.515076 0.736149 -0.34654 0.269615
5747.022353 -1.50245 -0.302202 1.24111 -0.51566 0.734417 -0.35051 0.268084
5747.055669 -1.51552 -0.29924 1.25746 -0.517729 0.731961 -0.35326 0.267202
5747.088985 -1.52895 -0.297353 1.2737 -0.519587 0.729271 -0.356044 0.267255
5747.122302 -1.54546 -0.30032 1.28914 -0.519674 0.726623 -0.359471 0.269701
5747.155618 -1.56178 -0.303457 1.30613 -0.517821 0.724891 -0.361919 0.274608
5747.188934 -1.57878 -0.308317 1.32144 -0.514347 0.724624 -0.36242 0.281103
5747.222251 -1.59749 -0.316149 1.33651 -0.50787 0.725629 -0.365058 0.286816
5747.255567 -1.61379 -0.321263 1.35448 -0.499811 0.726683 -0.370426 0.291384
5747.288883 -1.6293 -0.32458 1.3728 -0.491869 0.727078 -0.377146 0.295269
5747.322350 -1.64567 -0.328761 1.39038 -0.484585 0.727686 -0.38303 0.298227
5747.355666 -1.66344 -0.333971 1.40529 -0.479724 0.727721 -0.387048 0.3008
5747.388982 -1.68467 -0.343493 1.41449 -0.477745 0.725903 -0.390254 0.304181
5747.422299 -1.70132 -0.349297 1.42672 -0.474122 0.723839 -0.3942 0.309632
5747.455615 -1.71501 -0.353329 1.44001 -0.468886 0.724015 -0.397874 0.312482
5747.488931 -1.72624 -0.355149 1.45328 -0.46546 0.724561 -0.40064 0.312806
5747.522248 -1.7361 -0.355049 1.46741 -0.464349 0.723633 -0.4037 0.312669
5747.555564 -1.74691 -0.355305 1.48047 -0.46608 0.721423 -0.406535 0.311524
5747.588880 -1.75687 -0.355232 1.49473 -0.468878 0.718778 -0.40984 0.309099
5747.622197 -1.7679 -0.354428 1.50709 -0.470565 0.716424 -0.411899 0.309264
5747.655663 -1.78096 -0.35865 1.51976 -0.46978 0.715433 -0.41253 0.3119
5747.688979 -1.79267 -0.36076 1.53245 -0.467979 0.71606 -0.411935 0.313947
5747.722296 -1.80554 -0.363337 1.54601 -0.46603 0.71756 -0.410503 0.315294
5747.755612 -1.81873 -0.364358 1.55819 -0.465115 0.719264 -0.40804 0.315961
5747.788928 -1.83093 -0.363801 1.57234 -0.465733 0.72097 -0.405297 0.314689
5747.822245 -1.84326 -0.36 1.5863 -0.467787 0.721752 -0.402935 0.312878
5747.855561 -1.85705 -0.357405 1.6005 -0.47001 0.721185 -0.40226 0.311722
5747.888877 -1.87208 -0.354034 1.61344 -0.472041 0.719922 -0.402655 0.31106
5747.922194 -1.88839 -0.348983 1.62586 -0.472351 0.719438 -0.404128 0.309797
5747.955511 -1.90557 -0.345975 1.63803 -0.472527 0.718785 -0.405676 0.30902
5747.988826 -1.92498 -0.343835 1.6493 -0.471466 0.718817 -0.405068 0.311355
5748.022293 -1.94584 -0.342394 1.65933 -0.46658 0.720453 -0.406154 0.313511
5748.055610 -1.96831 -0.340841 1.66975 -0.45814 0.72376 -0.410855 0.312214
5748.088925 -1.99107 -0.339271 1.68032 -0.450775 0.726054 -0.41493 0.312218
5748.122242 -2.01423 -0.338366 1.69041 -0.443682 0.727639 -0.418938 0.313334
5748.155558 -2.03763 -0.340032 1.70108 -0.43709 0.729665 -0.421468 0.314494
5748.188874 -2.0584 -0.338892 1.71122 -0.437357 0.731202 -0.419797 0.312782
5748.222191 -2.08216 -0.343143 1.72027 -0.442842 0.728171 -0.418656 0.313663
5748.255507 -2.10579 -0.346216 1.7282 -0.44799 0.723236 -0.418231 0.318304
5748.288823 -2.12763 -0.348577 1.73643 -0.450842 0.720123 -0.417695 0.322018
5748.322140 -2.14823 -0.349443 1.74525 -0.449551 0.719662 -0.41746 0.325142
5748.355606 -2.16795 -0.35053 1.75338 -0.446096 0.720532 -0.419346 0.325547
5748.388922 -2.18484 -0.350336 1.76515 -0.443123 0.721625 -0.422116 0.323603
5748.422239 -2.1994 -0.348242 1.77603 -0.443123 0.723147 -0.421508 0.320986
5748.455555 -2.21394 -0.346916 1.78651 -0.446546 0.724192 -0.418554 0.317735
5748.488871 -2.22832 -0.345796 1.79813 -0.452465 0.723662 -0.415563 0.314478
5748.522188 -2.243 -0.344842 1.81035 -0.457529 0.722434 -0.414289 0.311642
5748.555504 -2.25785 -0.342898 1.8214 -0.460201 0.720693 -0.414929 0.310887
5748.588820 -2.27267 -0.341206 1.83375 -0.459622 0.719503 -0.41753 0.311017
5748.622137 -2.28781 -0.339843 1.84508 -0.455719 0.719598 -0.420618 0.312376
5748.655453 -2.30364 -0.338617 1.85416 -0.449845 0.719771 -0.424735 0.314911
5748.688769 -2.31933 -0.338226 1.86417 -0.442139 0.719479 -0.430284 0.318933
5748.722236 -2.33485 -0.337887 1.87381 -0.434102 0.718267 -0.43612 0.324728
5748.755552 -2.35057 -0.337594 1.88227 -0.427435 0.716343 -0.441416 0.330612
5748.788868 -2.36667 -0.337717 1.88892 -0.422523 0.713267 -0.447744 0.335039
5748.822189 -2.3843 -0.340533 1.89347 -0.417402 0.708081 -0.454787 0.342879
5748.855501 -2.40331 -0.347715 1.89603 -0.409522 0.704519 -0.459712 0.353
5748.888817 -2.41953 -0.351741 1.90035 -0.399997 0.702322 -0.462984 0.363857
5748.922134 -2.43447 -0.354119 1.90366 -0.388488 0.701467 -0.468851 0.370407
5748.955450 -2.44673 -0.352574 1.9098 -0.378695 0.69918 -0.478974 0.371915
5748.988766 -2.46049 -0.354057 1.9158 -0.371792 0.694806 -0.48823 0.375029
5749.022083 -2.47266 -0.356797 1.91938 -0.371074 0.69015 -0.49186 0.379566
5749.055549 -2.48295 -0.35941 1.92093 -0.373036 0.686399 -0.492587 0.383482
5749.088865 -2.49115 -0.360773 1.92561 -0.373906 0.683697 -0.494695 0.384746
5749.122184 -2.4943 -0.357099 1.93568 -0.374232 0.682769 -0.497519 0.38243
5749.155498 -2.49691 -0.354408 1.94841 -0.373249 0.684273 -0.500068 0.377344
5749.188814 -2.49762 -0.350167 1.96107 -0.372301 0.68746 -0.501027 0.371164
5749.222131 -2.49797 -0.347556 1.97404 -0.373732 0.691747 -0.498685 0.364862
5749.255447 -2.49858 -0.346859 1.98724 -0.37846 0.69487 -0.493007 0.361756
5749.288763 -2.50095 -0.350155 1.9989 -0.383107 0.698204 -0.485626 0.360428
5749.322080 -2.5017 -0.351543 2.01412 -0.388155 0.701705 -0.479932 0.355825
5749.355396 -2.50014 -0.350222 2.03078 -0.394163 0.705531 -0.47297 0.350944
5749.388862 -2.49786 -0.349406 2.04731 -0.400664 0.710225 -0.46402 0.346026
5749.422179 -2.49378 -0.347502 2.06771 -0.408681 0.714957 -0.456022 0.337431
5749.455495 -2.49089 -0.349453 2.08513 -0.41773 0.719485 -0.447024 0.328652
5749.488811 -2.48674 -0.350608 2.10433 -0.42737 0.723593 -0.43629 0.321588
5749.522128 -2.48112 -0.349863 2.1246 -0.435695 0.729121 -0.423361 0.315146
5749.555444 -2.47542 -0.350929 2.1454 -0.442154 0.734949 -0.411033 0.308871
5749.588760 -2.46816 -0.351308 2.1682 -0.447714 0.740759 -0.399375 0.302205
5749.622077 -2.45941 -0.350381 2.19098 -0.455364 0.745514 -0.38787 0.293956
5749.655393 -2.44907 -0.349574 2.21469 -0.465695 0.748963 -0.376374 0.283771
5749.688712 -2.43888 -0.351565 2.23778 -0.47859 0.751078 -0.363669 0.273089
5749.722026 -2.42759 -0.352796 2.26125 -0.49308 0.752148 -0.349137 0.263151
5749.755492 -2.41598 -0.354029 2.28297 -0.506379 0.753771 -0.334584 0.251918
5749.788808 -2.40617 -0.3576 2.3026 -0.515921 0.756559 -0.32105 0.2416
5749.822129 -2.39853 -0.366095 2.32083 -0.522812 0.760725 -0.307305 0.231363
5749.855441 -2.39133 -0.373165 2.3368 -0.530808 0.764545 -0.291032 0.221391
5749.888757 -2.38208 -0.378569 2.35324 -0.541261 0.76696 -0.273329 0.209999
5749.922074 -2.3716 -0.380904 2.36873 -0.552548 0.768267 -0.254812 0.198817
5749.955390 -2.36025 -0.384921 2.38427 -0.561044 0.770544 -0.238421 0.186139
5749.988706 -2.34791 -0.386146 2.39982 -0.569378 0.772681 -0.223489 0.169783
5750.022023 -2.33455 -0.386523 2.41464 -0.578588 0.773208 -0.209393 0.153426
5750.055339 -2.31952 -0.387108 2.42918 -0.587884 0.7725 -0.195038 0.139988
5750.088805 -2.30275 -0.389491 2.44247 -0.595667 0.772837 -0.178449 0.12673
5750.122122 -2.28389 -0.39585 2.45447 -0.600191 0.775393 -0.161596 0.111458
5750.155438 -2.26612 -0.398635 2.46535 -0.604252 0.777846 -0.144395 0.0947967
5750.188754 -2.2465 -0.399113 2.47524 -0.609193 0.779124 -0.125018 0.0788675
5750.222071 -2.2255 -0.396486 2.48343 -0.615102 0.778826 -0.103091 0.0667233
5750.255387 -2.19751 -0.38823 2.49159 -0.620638 0.777523 -0.0824109 0.0589437
5750.288703 -2.17391 -0.386646 2.49789 -0.626366 0.775498 -0.0643343 0.04615
5750.322020 -2.14855 -0.388059 2.50268 -0.629777 0.774604 -0.0477995 0.0329418
5750.355336 -2.1219 -0.389487 2.50715 -0.632493 0.773622 -0.0318933 0.0210631
5750.388653 -2.09671 -0.391204 2.51005 -0.635319 0.772018 -0.0171117 0.0080302
5750.421969 -2.08105 -0.397832 2.51058 0.633558 -0.773656 0.00371077 0.00689803
5750.455435 -2.05578 -0.403333 2.50943 0.639449 -0.76855 -0.0081128 0.0192439
5750.488751 -2.03091 -0.4063 2.50867 0.643947 -0.76419 -0.0192701 0.0312021
5750.522068 -2.00323 -0.409737 2.50654 0.646487 -0.761195 -0.0288577 0.0424747
5750.555384 -1.97707 -0.41336 2.50346 0.648806 -0.758051 -0.0403999 0.0527024
5750.588700 -1.94923 -0.417428 2.49849 0.651586 -0.754252 -0.0531344 0.0609631
5750.622017 -1.92591 -0.42115 2.49332 0.656221 -0.748501 -0.0664327 0.0686063
5750.655333 -1.90223 -0.425804 2.48722 0.659749 -0.743463 -0.0802479 0.0745242
5750.688649 -1.87926 -0.430852 2.48044 0.663003 -0.738143 -0.0949253 0.0809945
5750.721966 -1.85658 -0.436816 2.47301 0.666764 -0.73209 -0.109439 0.0865598
5750.755282 -1.83422 -0.443859 2.46515 0.670161 -0.726602 -0.122616 0.0888755
5750.788748 -1.81013 -0.451811 2.4564 0.672835 -0.722049 -0.13285 0.0910438
5750.822065 -1.78719 -0.459763 2.44765 0.674268 -0.718282 -0.14324 0.0944276
5750.855381 -1.76315 -0.468166 2.43809 0.67497 -0.715315 -0.15401 0.0949753
5750.888698 -1.73975 -0.476219 2.42872 0.675797 -0.712289 -0.163384 0.0961688
5750.922014 -1.71585 -0.487069 2.41838 0.678142 -0.708058 -0.17056 0.0984167
5750.955330 -1.69387 -0.497913 2.40819 0.677986 -0.706585 -0.177067 0.0985863
5750.988646 -1.67165 -0.509329 2.39728 0.675973 -0.707136 -0.182715 0.0981614
5751.021963 -1.64977 -0.522031 2.38574 0.67137 -0.709846 -0.188995 0.098292
5751.055279 -1.62793 -0.535304 2.37342 0.663961 -0.714691 -0.196638 0.0985215
5751.088595 -1.60497 -0.550932 2.35971 0.658447 -0.717398 -0.204907 0.0989996
5751.121912 -1.58213 -0.566164 2.3455 0.655737 -0.717618 -0.213178 0.0979217
5751.155378 -1.55869 -0.579646 2.33237 0.655144 -0.716358 -0.220513 0.0948259
5751.188694 -1.5374 -0.593406 2.31927 0.654546 -0.714827 -0.228925 0.0904755
5751.222011 -1.50634 -0.604357 2.30481 0.656455 -0.71065 -0.238229 0.0853807
5751.255327 -1.48771 -0.61616 2.29107 0.652547 -0.710149 -0.249211 0.0881138
5751.288643 -1.46063 -0.628029 2.27458 0.647857 -0.709131 -0.262858 0.0912129
5751.321961 -1.43328 -0.637804 2.2575 0.64225 -0.707069 -0.280893 0.0930943
5751.355276 -1.40439 -0.649121 2.23873 0.636544 -0.704622 -0.298878 0.0948282
5751.388592 -1.38202 -0.657439 2.22151 0.633777 -0.700145 -0.314123 0.0972092
5751.421909 -1.35922 -0.66231 2.20553 0.62966 -0.697232 -0.327668 0.100148
5751.455225 -1.33449 -0.662998 2.19054 0.624025 -0.695257 -0.341014 0.1045
5751.488691 -1.31035 -0.66078 2.17662 0.619233 -0.693 -0.35237 0.11017
5751.522008 -1.28721 -0.654182 2.16558 0.614814 -0.690952 -0.362618 0.114444
5751.555325 -1.26435 -0.645587 2.15587 0.61443 -0.686048 -0.371374 0.117874
5751.588640 -1.23857 -0.634446 2.14645 0.616271 -0.679082 -0.379443 0.122802
5751.621957 -1.21252 -0.620576 2.13801 0.618788 -0.671235 -0.38748 0.128083
5751.655273 -1.18704 -0.605284 2.1303 0.620619 -0.663846 -0.394246 0.136788
5751.688589 -1.15921 -0.586233 2.12416 0.620111 -0.659354 -0.397292 0.151238
5751.721906 -1.1318 -0.561165 2.12274 0.616559 -0.656821 -0.400677 0.167031
5751.755222 -1.10688 -0.543843 2.12084 0.615153 -0.65298 -0.402844 0.181442
5751.788538 -1.08286 -0.52722 2.12051 0.614376 -0.648932 -0.405476 0.192402
5751.821855 -1.05838 -0.516065 2.11718 0.613268 -0.645438 -0.407877 0.202357
5751.855321 -1.03419 -0.507837 2.11352 0.616252 -0.638558 -0.408857 0.212869
5751.888637 -1.01058 -0.496721 2.11003 0.61734 -0.632977 -0.411487 0.221154
5751.921954 -0.984664 -0.485202 2.1052 0.619766 -0.627025 -0.41277 0.228803
5751.955270 -0.956349 -0.470653 2.09912 0.622971 -0.620339 -0.412858 0.23798
5751.988587 -0.93053 -0.45259 2.09644 0.623957 -0.613619 -0.414329 0.249961
5752.021903 -0.904777 -0.433826 2.09285 0.623923 -0.607023 -0.41959 0.257271
5752.055219 -0.876033 -0.414875 2.08822 0.625875 -0.598466 -0.424896 0.263786
5752.088535 -0.842008 -0.389214 2.08652 0.623248 -0.591151 -0.434241 0.271178
5752.121852 -0.817468 -0.374952 2.08138 0.622063 -0.583146 -0.442637 0.277579
5752.155168 -0.796274 -0.366143 2.07148 0.622403 -0.576094 -0.446555 0.285163
5752.188634 -0.775593 -0.357504 2.06033 0.619062 -0.570391 -0.452074 0.295036
5752.221951 -0.751166 -0.354102 2.04973 0.615837 -0.563806 -0.458694 0.304084
5752.255267 -0.72146 -0.347857 2.02712 0.615931 -0.560136 -0.461032 0.307125
5752.288583 -0.694711 -0.338701 2.00534 0.619133 -0.55504 -0.46059 0.310583
5752.321900 -0.674694 -0.333549 1.99636 0.624203 -0.545746 -0.45965 0.318203
5752.355216 -0.656401 -0.332698 1.98816 0.627346 -0.537038 -0.456699 0.330835
5752.388532 -0.639803 -0.338048 1.98587 0.624527 -0.529563 -0.457462 0.346781
5752.421849 -0.62112 -0.340921 1.97631 0.622275 -0.523518 -0.459313 0.357399
5752.455165 -0.601734 -0.343521 1.96514 0.622703 -0.518023 -0.459799 0.363976
5752.488481 -0.587466 -0.346623 1.95885 0.623258 -0.511059 -0.460656 0.371704
5752.521948 -0.574502 -0.357514 1.95726 0.623352 -0.501329 -0.459568 0.385875
5752.555264 -0.560286 -0.356139 1.94772 0.6226 -0.496245 -0.458434 0.394903
5752.588580 -0.542724 -0.366258 1.93323 0.625231 -0.487481 -0.456497 0.403805
5752.621897 -0.525894 -0.370721 1.91388 0.626486 -0.482236 -0.452815 0.412215
5752.655213 -0.495099 -0.369113 1.87831 0.627811 -0.483146 -0.449158 0.413134
5752.688529 -0.452842 -0.3645 1.82564 0.630071 -0.495204 -0.442822 0.40211
5752.721846 -0.435759 -0.363323 1.8114 0.626982 -0.495434 -0.449298 0.399463
5752.755162 -0.417995 -0.362127 1.79393 0.625275 -0.493742 -0.452823 0.400252
5752.788478 -0.397391 -0.361293 1.77567 0.62275 -0.493164 -0.45679 0.400393
5752.821795 -0.378897 -0.360751 1.75881 0.62057 -0.494251 -0.460489 0.398194
5752.855111 -0.361113 -0.360847 1.74451 0.620089 -0.493689 -0.462044 0.397839
5752.888577 -0.342053 -0.360617 1.73042 0.621506 -0.492215 -0.461165 0.398475
5752.921894 -0.321441 -0.362362 1.71629 0.62412 -0.491693 -0.45815 0.398512
5752.955210 -0.302836 -0.364717 1.70083 0.624332 -0.491807 -0.457309 0.399005
5752.988526 -0.285634 -0.368253 1.6837 0.621337 -0.493769 -0.45905 0.399256
5753.021843 -0.268572 -0.375294 1.66808 0.614082 -0.49929 -0.46311 0.398926
5753.055159 -0.251373 -0.382679 1.65499 0.603348 -0.509156 -0.46953 0.395315
5753.088475 -0.236136 -0.391679 1.64606 0.592458 -0.521102 -0.474406 0.390366
5753.121792 -0.222549 -0.400489 1.63732 0.584744 -0.532316 -0.475702 0.385255
5753.155108 -0.210179 -0.408895 1.6326 0.579538 -0.542398 -0.473756 0.381439
5753.188424 -0.199017 -0.416467 1.62945 0.577779 -0.550575 -0.469398 0.377762
5753.221891 -0.18922 -0.424349 1.62852 0.57554 -0.559762 -0.467122 0.370428
5753.255207 -0.182433 -0.432897 1.62898 0.572248 -0.570617 -0.466984 0.358963
5753.288523 -0.18389 -0.437022 1.63017 0.56874 -0.580475 -0.46856 0.346462
5753.321840 -0.197168 -0.426254 1.60679 0.56705 -0.586988 -0.471875 0.333516
5753.355156 -0.187556 -0.420888 1.61061 0.565613 -0.599254 -0.469935 0.316446
5753.388472 -0.181544 -0.405299 1.64751 0.560954 -0.610914 -0.472441 0.298186
5753.421789 -0.171882 -0.390475 1.68429 0.557971 -0.620402 -0.475831 0.278126
5753.455105 -0.171549 -0.404051 1.70429 0.559794 -0.628285 -0.470428 0.26568
5753.488421 -0.169243 -0.414446 1.71985 0.561673 -0.637283 -0.463452 0.252201
5753.521738 -0.164114 -0.424935 1.72791 0.563799 -0.647349 -0.453993 0.238666
5753.555054 -0.155935 -0.43441 1.73517 0.568658 -0.655613 -0.443 0.224833
5753.588520 -0.146394 -0.43849 1.74389 0.573587 -0.663803 -0.431237 0.21071
5753.621837 -0.140557 -0.449689 1.75722 0.581673 -0.668965 -0.418454 0.197581
5753.655153 -0.142133 -0.460898 1.77716 0.589889 -0.674005 -0.403529 0.186849
5753.688470 -0.140009 -0.468813 1.79249 0.593466 -0.682975 -0.388628 0.174102
5753.721786 -0.142006 -0.475611 1.81164 0.596096 -0.690228 -0.37816 0.158901
5753.755102 -0.13945 -0.475285 1.82924 0.599176 -0.696962 -0.367866 0.141093
5753.788418 -0.141069 -0.472414 1.85107 0.602922 -0.70268 -0.357023 0.123533
5753.821735 -0.14616 -0.470034 1.87208 0.60789 -0.707285 -0.343343 0.11105
5753.955150 -0.188046 -0.484597 1.92726 0.63041 -0.719573 -0.280017 0.0799298
5753.988467 -0.200689 -0.479409 1.9347 0.634613 -0.724031 -0.260709 0.0712481
5754.021783 -0.211727 -0.47297 1.93902 0.639017 -0.727698 -0.24125 0.0625407
5754.055099 -0.220142 -0.466776 1.94138 0.64625 -0.727207 -0.225789 0.0505018
5754.088415 -0.228048 -0.458887 1.94292 0.654868 -0.725233 -0.208885 0.0393873
5754.121732 -0.237083 -0.450325 1.94374 0.660265 -0.726056 -0.189114 0.0335971
5754.155048 -0.245992 -0.440003 1.94299 0.663294 -0.728384 -0.168391 0.0338103
5754.188364 -0.250701 -0.431211 1.9395 0.661734 -0.734293 -0.146176 0.0394217
5754.221681 -0.253051 -0.423883 1.93396 0.660432 -0.73893 -0.125831 0.0444843
5754.254997 -0.254728 -0.417411 1.92741 0.662732 -0.739918 -0.106259 0.0449127
5754.288463 -0.256091 -0.411025 1.91987 0.667517 -0.738149 -0.0894492 0.0394488
5754.321780 -0.257206 -0.405199 1.91164 0.673557 -0.734713 -0.0750571 0.0297184
5754.355096 -0.259122 -0.400266 1.90286 0.679001 -0.731537 -0.0579532 0.0212915
5754.388412 -0.259506 -0.397248 1.89278 0.679841 -0.732079 -0.0411479 0.0135408
5754.421729 -0.255556 -0.393112 1.88202 0.675401 -0.737039 -0.0236751 0.00683509
5754.455045 -0.254449 -0.390333 1.87063 0.667318 -0.744713 -0.00886096 0.00329807
5754.488361 -0.248288 -0.388314 1.85875 0.658574 -0.752491 0.00614991 0.000766798
5754.521678 -0.243265 -0.385143 1.84792 -0.652835 0.757108 -0.0241044 0.00370079
5754.554994 -0.236157 -0.385077 1.83769 -0.651727 0.757114 -0.0436999 0.0109564
5754.588310 -0.228709 -0.382407 1.8275 -0.654482 0.753995 -0.0534387 0.0170276
5754.621777 -0.217956 -0.379925 1.81723 -0.659086 0.749832 -0.0531636 0.023031
5754.655093 -0.205227 -0.376964 1.80788 -0.665498 0.744044 -0.0503114 0.0313131
5754.688409 -0.193615 -0.374803 1.79911 -0.671568 0.73841 -0.0472324 0.0389254
5754.721726 -0.182282 -0.372331 1.79126 -0.675164 0.735015 -0.0465798 0.0416866
5754.755042 -0.170241 -0.369964 1.78427 -0.676803 0.733484 -0.0479595 0.0404869
5754.788358 -0.158685 -0.366986 1.77776 -0.678887 0.731486 -0.0503447 0.0387937
5754.821675 -0.148316 -0.364801 1.77145 -0.681637 0.728846 -0.0529507 0.0367583
5754.854991 -0.140124 -0.362722 1.76594 -0.684164 0.726166 -0.0572512 0.0363953
5754.888307 -0.134165 -0.361276 1.76134 -0.686149 0.723747 -0.0632399 0.0372909
5754.921624 -0.127716 -0.36004 1.75637 -0.685889 0.723375 -0.0690291 0.0389987
5754.954940 -0.123608 -0.361528 1.75148 -0.6846 0.724005 -0.0733597 0.0419335
5754.988406 -0.121294 -0.362993 1.74657 -0.684609 0.72361 -0.0740192 0.0471242
5755.021723 -0.117825 -0.363646 1.74184 -0.685425 0.722785 -0.0725027 0.050175
5755.055039 -0.112956 -0.362205 1.73749 -0.685677 0.722782 -0.0710462 0.0488478
5755.088355 -0.108806 -0.360574 1.73456 -0.687436 0.721305 -0.071384 0.0453319
5755.121672 -0.105649 -0.359041 1.73239 -0.690259 0.718677 -0.073312 0.0408866
5755.154988 -0.102597 -0.356887 1.73085 -0.695165 0.713927 -0.0759384 0.0358757
5755.321720 -0.0895517 -0.352536 1.72323 -0.710882 0.698299 -0.076626 0.0339715
5755.355036 -0.089504 -0.35192 1.72142 -0.709782 0.699443 -0.0757123 0.035441
5755.388352 -0.088539 -0.352296 1.71999 -0.707706 0.701508 -0.0758513 0.0358377
5755.421669 -0.0877663 -0.350443 1.71866 -0.706663 0.702644 -0.0751436 0.0356532
5755.454985 -0.0860263 -0.349439 1.71728 -0.708007 0.701492 -0.0732368 0.0356511
5755.488301 -0.0837655 -0.347986 1.71609 -0.709987 0.699687 -0.0708253 0.0365943
5755.521618 -0.0817673 -0.34714 1.71504 -0.711525 0.698323 -0.0694665 0.0353694
5755.554934 -0.0806706 -0.345365 1.71435 -0.713121 0.696959 -0.0675394 0.0338419
5755.588250 -0.0782517 -0.345001 1.71371 -0.713556 0.696768 -0.0653696 0.0328306
5755.621567 -0.0772508 -0.343244 1.71363 -0.713347 0.697187 -0.063628 0.0319022
5755.654883 -0.0768585 -0.342794 1.7135 -0.712606 0.6982 -0.0617152 0.0300047
5755.688349 -0.0744584 -0.342199 1.71332 -0.711045 0.700217 -0.0582382 0.0268336
5755.721666 -0.0716471 -0.342371 1.71301 -0.710119 0.701614 -0.0536946 0.0242071
5755.754982 -0.0702767 -0.343463 1.71282 -0.710426 0.701615 -0.0497456 0.0235905
5755.788298 -0.0691759 -0.343542 1.71309 -0.710987 0.701254 -0.0475464 0.0219153
5755.821615 -0.0688837 -0.341958 1.71416 -0.710728 0.701652 -0.0469317 0.0186307
5755.854931 -0.0698436 -0.341611 1.71547 -0.710702 0.701793 -0.0459835 0.0165901
5755.888247 -0.0683774 -0.341278 1.71717 -0.710821 0.701761 -0.0451059 0.0151582
5755.921564 -0.0680535 -0.34195 1.7189 -0.710821 0.701881 -0.0434591 0.0144091
5755.954880 -0.0658509 -0.34102 1.72021 -0.711417 0.701521 -0.0387129 0.0159938
5755.988196 -0.0642113 -0.340657 1.72105 -0.711039 0.702217 -0.0327799 0.0154972
5756.021663 -0.0624434 -0.340076 1.72183 -0.708816 0.704744 -0.0270595 0.01355
5756.054979 -0.0589108 -0.339263 1.7226 -0.706252 0.707521 -0.0230992 0.00933694
5756.088295 -0.0556398 -0.337633 1.72348 -0.706739 0.707148 -0.0204545 0.00652534
5756.121612 -0.0561827 -0.335472 1.72401 -0.708118 0.705845 -0.0171907 0.00749732
5756.154928 -0.0539535 -0.335533 1.72389 -0.708277 0.705729 -0.0153872 0.00730259
5756.188244 -0.0513983 -0.336017 1.72332 -0.707198 0.706851 -0.0140615 0.0060231
5756.221561 -0.0531133 -0.335726 1.72211 -0.705892 0.708204 -0.0102772 0.00763776
5756.254877 -0.0541808 -0.33639 1.72034 -0.704531 0.709563 -0.00561459 0.0111564
5756.288193 -0.056801 -0.338355 1.71853 -0.702981 0.71107 -0.00331053 0.013669
5756.321510 -0.0605654 -0.33856 1.71739 -0.70154 0.712443 -0.00452599 0.0156551
5756.354976 -0.0638327 -0.339707 1.71638 -0.700623 0.713272 -0.00834436 0.0173806
5756.388292 -0.0665552 -0.340253 1.71516 -0.700344 0.713452 -0.0114674 0.0192946
5756.421609 -0.0692485 -0.34045 1.71376 -0.700562 0.713169 -0.0134869 0.0205152
5756.454925 -0.0725823 -0.340622 1.71238 -0.700853 0.712826 -0.0150158 0.0214229
5756.488241 -0.0757033 -0.340848 1.71127 -0.700549 0.713064 -0.016412 0.0223929
5756.521558 -0.07721 -0.340784 1.71053 -0.69952 0.713983 -0.0182141 0.0238298
5756.554874 -0.0793069 -0.340935 1.71016 -0.698193 0.71522 -0.0195779 0.0245909
