5800.035812 -0.00817048 0.015075 -0.0110795 0.707789 -0.706423 0.00119798 0.000383942
5800.069129 -0.00959772 0.0055648 -0.00878444 -0.710021 0.704175 0.000736003 0.0026467
5800.102445 -0.013198 -0.00365401 -0.00646109 -0.710824 0.703305 0.00526347 0.00799743
5800.135761 -0.0191812 -0.0158383 -0.00296893 -0.712409 0.701566 0.00886809 0.0140974
5800.169078 -0.0213783 -0.0275229 0.000161812 -0.712813 0.701011 0.0117126 0.018539
5800.202394 -0.0231261 -0.0398999 0.00279114 -0.71236 0.701245 0.0150885 0.0238932
5800.235711 -0.024362 -0.0564003 0.00521419 -0.712009 0.70119 0.0190686 0.0318217
5800.269027 -0.0249706 -0.0733521 0.00706543 -0.711317 0.701311 0.0239445 0.0402317
5800.302343 -0.0255579 -0.0901799 0.00839176 -0.71093 0.700978 0.0296387 0.0482665
5800.335810 -0.0241208 -0.108084 0.00926439 -0.710954 0.699858 0.0355305 0.0589967
5800.369126 -0.0232547 -0.126238 0.00946781 -0.709781 0.699676 0.0431704 0.0692824
5800.402442 -0.0242059 -0.144722 0.00890644 -0.708337 0.699716 0.0515357 0.0774607
5800.435759 -0.0255905 -0.164093 0.00802416 -0.706679 0.699692 0.0601575 0.086123
5800.469075 -0.0208748 -0.183059 0.00600166 -0.703125 0.701173 0.0695991 0.0955375
5800.502391 -0.0144035 -0.203065 0.00271649 -0.700647 0.701354 0.0791656 0.104544
5800.535707 -0.00810947 -0.224068 -0.00147808 -0.697 0.702639 0.0884754 0.112526
5800.569024 -0.00283818 -0.244244 -0.00695784 -0.692897 0.704083 0.0988651 0.119944
5800.602340 0.00713487 -0.26066 -0.0124112 -0.688755 0.705535 0.108249 0.126962
5800.635656 0.0176761 -0.277312 -0.0181683 -0.68616 0.706212 0.114475 0.131698
5800.669123 0.0314169 -0.292118 -0.0249585 -0.682175 0.708763 0.120006 0.133757
5800.702439 0.0444292 -0.305867 -0.033234 -0.676163 0.711729 0.130323 0.138786
5800.735755 0.0588204 -0.315997 -0.0426415 -0.670291 0.714005 0.141963 0.144061
5800.769072 0.0778729 -0.325282 -0.0533815 -0.667582 0.714536 0.151433 0.144362
5800.802388 0.102592 -0.327853 -0.0632815 -0.665898 0.71637 0.157114 0.136781
5800.835704 0.129046 -0.329766 -0.0741273 -0.666948 0.716525 0.160757 0.126208
5800.869021 0.156413 -0.326466 -0.0830543 -0.665963 0.717652 0.164878 0.119516
5800.902337 0.183876 -0.316352 -0.0922142 -0.664033 0.71951 0.169963 0.111705
5800.935653 0.208999 -0.306331 -0.104387 -0.663733 0.720197 0.176306 0.0984391
5800.968970 0.240956 -0.293257 -0.115701 -0.665496 0.718794 0.181693 0.0862403
5801.002286 0.263943 -0.280787 -0.126924 -0.668853 0.71569 0.186554 0.0749769
5801.035752 0.298773 -0.264215 -0.138974 -0.672462 0.712179 0.191449 0.0627927
5801.069069 0.334507 -0.246732 -0.149882 -0.674364 0.710469 0.1945 0.051351
5801.102385 0.361933 -0.228817 -0.159296 -0.675273 0.710241 0.194773 0.040334
5801.135701 0.385729 -0.210625 -0.168483 -0.676905 0.709503 0.194359 0.0251027
5801.169018 0.40959 -0.182299 -0.173291 -0.680769 0.706929 0.191605 0.00961123
5801.202334 0.427468 -0.159714 -0.178185 0.685147 -0.703792 -0.187708 0.00391872
5801.235651 0.447815 -0.13501 -0.183003 0.688075 -0.701537 -0.184703 0.0168331
5801.268967 0.465059 -0.111654 -0.187066 0.691794 -0.699135 -0.178058 0.0304411
5801.302283 0.486608 -0.0869076 -0.190324 0.694574 -0.697811 -0.169601 0.0431681
5801.335599 0.500913 -0.0673374 -0.191967 0.699351 -0.694294 -0.160398 0.0560089
5801.369066 0.517209 -0.0543258 -0.192476 0.706948 -0.688547 -0.148252 0.0644098
5801.402382 0.524875 -0.0377013 -0.188771 0.713063 -0.683959 -0.137283 0.0699705
5801.435699 0.531682 -0.0207963 -0.18284 0.718585 -0.68014 -0.12427 0.074853
5801.469015 0.53738 -0.00962606 -0.17468 0.72484 -0.675819 -0.107706 0.0792152
5801.502331 0.539797 0.00130442 -0.163664 0.729935 -0.672556 -0.092197 0.0797681
5801.535648 0.536642 0.00809946 -0.150819 0.731161 -0.673559 -0.0770735 0.0760335
5801.568964 0.53226 0.0110482 -0.135703 0.731516 -0.67549 -0.0588084 0.0716864
5801.602280 0.526199 0.0123015 -0.119308 0.733116 -0.675688 -0.0379162 0.0674503
5801.635596 0.52226 0.00990658 -0.102302 0.733203 -0.677039 -0.0160228 0.0614303
5801.668913 0.514991 0.00342955 -0.085668 0.73044 -0.680957 -0.000124493 0.0524884
5801.702379 0.508698 -0.0114917 -0.0689039 0.726991 -0.685459 0.00805273 0.0395718
5801.735696 0.502597 -0.0294956 -0.0513775 0.726316 -0.686793 0.0140104 0.0241577
5801.769012 0.493955 -0.0501317 -0.0337261 0.726075 -0.687264 0.0196294 0.00993004
5801.802328 0.485842 -0.0745771 -0.0167584 -0.723626 0.68976 -0.023988 0.00453864
5801.835644 0.478659 -0.102893 -0.000752326 -0.719377 0.693853 -0.0257102 0.0200684
5801.868961 0.477355 -0.130776 0.0133345 -0.714766 0.698035 -0.0210424 0.0376157
5801.902277 0.468637 -0.162538 0.0243355 -0.710696 0.701138 -0.0121254 0.0562993
5801.935594 0.461124 -0.195121 0.0327848 -0.707188 0.703007 -0.000189723 0.0752752
5801.968910 0.455751 -0.227267 0.0393067 -0.704193 0.704006 0.0127221 0.0912425
5802.002226 0.455927 -0.259804 0.0443712 -0.700703 0.705273 0.0254612 0.104675
5802.035543 0.454321 -0.289194 0.0479703 -0.696461 0.70696 0.0396191 0.116536
5802.069009 0.457386 -0.313598 0.0501842 -0.691745 0.708629 0.0552174 0.127613
5802.102325 0.463948 -0.339008 0.0494361 -0.686985 0.709611 0.0722207 0.138883
5802.135642 0.472499 -0.360116 0.0477809 -0.683475 0.708511 0.0905218 0.150599
5802.168958 0.488099 -0.378289 0.0441132 -0.67806 0.709841 0.106763 0.157997
5802.202274 0.505277 -0.394848 0.0382631 -0.674116 0.710479 0.122457 0.160598
5802.235590 0.52676 -0.408537 0.0313888 -0.671874 0.709145 0.139061 0.162361
5802.268907 0.547979 -0.416715 0.0238914 -0.671408 0.70603 0.154751 0.163662
5802.302223 0.571761 -0.42701 0.0141805 -0.669157 0.705593 0.167844 0.161851
5802.335539 0.597947 -0.434647 0.00220555 -0.666266 0.705768 0.181825 0.157862
5802.368856 0.623842 -0.437975 -0.00988521 -0.663574 0.705307 0.195759 0.154563
5802.402322 0.651649 -0.441676 -0.0221201 -0.662552 0.703736 0.206447 0.152188
5802.435638 0.680414 -0.442455 -0.033615 -0.660511 0.703233 0.216205 0.149815
5802.468955 0.705377 -0.442914 -0.0456613 -0.657319 0.704619 0.224495 0.145072
5802.502271 0.733424 -0.439442 -0.0563042 -0.653399 0.708689 0.227463 0.138168
5802.535587 0.760708 -0.434062 -0.0663692 -0.648438 0.71499 0.228052 0.127708
5802.568904 0.790721 -0.429132 -0.0780234 -0.642404 0.722578 0.227805 0.115341
5802.602221 0.81817 -0.423828 -0.0893686 -0.637392 0.729078 0.226893 0.103419
5802.635536 0.847529 -0.414039 -0.100158 -0.633452 0.73384 0.226447 0.0945459
5802.668853 0.876131 -0.403275 -0.111696 -0.631697 0.736048 0.227698 0.0857147
5802.702169 0.906962 -0.39071 -0.124095 -0.631673 0.736633 0.228773 0.0776097
5802.735485 0.938545 -0.375346 -0.136146 -0.632804 0.73569 0.231363 0.0692182
5802.768952 0.965259 -0.359895 -0.150491 -0.634796 0.732695 0.237769 0.0604801
5802.802268 0.995352 -0.344205 -0.16567 -0.639107 0.727561 0.243814 0.052461
5802.835584 1.02553 -0.33253 -0.182843 -0.64293 0.723222 0.247815 0.046674
5802.868901 1.05732 -0.322126 -0.201914 -0.643747 0.721561 0.251628 0.0402807
5802.902217 1.09207 -0.30745 -0.21866 -0.644602 0.720554 0.253813 0.0294831
5802.935533 1.1212 -0.286313 -0.227014 -0.646941 0.719006 0.253395 0.0169761
5802.968850 1.14783 -0.266542 -0.233836 -0.648096 0.718229 0.253152 0.00581431
5803.002166 1.17652 -0.248239 -0.243121 0.650004 -0.71637 -0.253523 0.00592088
5803.035483 1.20416 -0.232839 -0.252036 0.652729 -0.713672 -0.253665 0.0164634
5803.068799 1.22879 -0.217667 -0.258846 0.654188 -0.711959 -0.253935 0.0258687
5803.102265 1.25393 -0.200478 -0.264724 0.657708 -0.708388 -0.25329 0.0380881
5803.135581 1.27858 -0.183291 -0.269852 0.663323 -0.703376 -0.250387 0.0507082
5803.168898 1.29715 -0.167223 -0.271486 0.667481 -0.698847 -0.249257 0.0628696
5803.202215 1.31707 -0.151757 -0.274311 0.671918 -0.693832 -0.248525 0.0732032
5803.235531 1.33505 -0.137056 -0.275214 0.676533 -0.68851 -0.248037 0.0820679
5803.268847 1.35239 -0.124837 -0.27607 0.680251 -0.683715 -0.248525 0.0895956
5803.302163 1.36853 -0.113975 -0.275241 0.683791 -0.679206 -0.248622 0.0964149
5803.335480 1.38408 -0.103821 -0.273482 0.685357 -0.677145 -0.247175 0.103268
5803.368796 1.39883 -0.0964502 -0.270632 0.686103 -0.675696 -0.24561 0.111238
5803.402112 1.42903 -0.0711491 -0.274265 0.689869 -0.672692 -0.243584 0.110601
5803.435428 1.44001 -0.0703899 -0.267893 0.689238 -0.672992 -0.241613 0.116862
5803.468895 1.45194 -0.0705887 -0.261432 0.688617 -0.674038 -0.237795 0.122201
5803.502211 1.46423 -0.0730618 -0.254667 0.688209 -0.675415 -0.231715 0.128421
5803.535528 1.47533 -0.0800525 -0.246716 0.686599 -0.67738 -0.22748 0.13413
5803.568844 1.48662 -0.0909467 -0.238908 0.684191 -0.679454 -0.22671 0.137213
5803.602160 1.49641 -0.105046 -0.230177 0.681284 -0.680652 -0.23209 0.136744
5803.635476 1.50621 -0.12277 -0.221953 0.680179 -0.679317 -0.24089 0.133631
5803.668793 1.51418 -0.142997 -0.213193 0.681107 -0.676204 -0.25099 0.12588
5803.702109 1.5204 -0.164557 -0.204374 0.681717 -0.673735 -0.261718 0.11334
5803.735426 1.52372 -0.187557 -0.195243 0.680485 -0.672986 -0.271544 0.101459
5803.768742 1.5235 -0.212595 -0.187836 0.674508 -0.675397 -0.284253 0.0898723
5803.802208 1.52112 -0.238819 -0.183246 0.66594 -0.679861 -0.296926 0.0784081
5803.835525 1.51705 -0.262392 -0.17971 0.659022 -0.683724 -0.30624 0.0665482
5803.868841 1.51128 -0.283549 -0.177315 0.653923 -0.687151 -0.311771 0.0548468
5803.902157 1.50551 -0.30227 -0.177445 0.650626 -0.690197 -0.313573 0.0445607
5803.935473 1.49687 -0.316891 -0.177468 0.647756 -0.692472 -0.31549 0.036896
5803.968790 1.48548 -0.329706 -0.177803 0.645523 -0.694038 -0.317244 0.0311119
5804.002106 1.47432 -0.33779 -0.179575 0.643629 -0.695216 -0.319139 0.0237957
5804.035422 1.46038 -0.344104 -0.181375 0.642127 -0.695896 -0.321142 0.0163944
5804.068739 1.44707 -0.345827 -0.183634 0.642346 -0.69531 -0.322191 0.0113875
5804.102055 1.43439 -0.344609 -0.185931 0.646146 -0.692516 -0.32068 0.00897885
5804.135371 1.42051 -0.343167 -0.187571 0.65125 -0.689659 -0.316558 0.00593893
5804.168838 1.40733 -0.340682 -0.189681 0.656247 -0.687581 -0.310723 0.00475151
5804.202154 1.39369 -0.337929 -0.191908 0.660267 -0.686373 -0.30482 0.00494718
5804.235471 1.37893 -0.334025 -0.193944 0.662053 -0.68633 -0.301048 0.00253394
5804.268787 1.36108 -0.32842 -0.194467 -0.664074 0.685573 0.29832 0.000476732
5804.302103 1.34196 -0.320831 -0.194735 -0.667224 0.68385 0.295193 0.00470833
5804.335419 1.32198 -0.311108 -0.194171 -0.670696 0.682643 0.289939 0.0100706
5804.368736 1.30184 -0.298495 -0.193324 -0.673999 0.683147 0.280866 0.0122356
5804.402052 1.28433 -0.28023 -0.194008 -0.677815 0.683887 0.269778 0.00928092
5804.435368 1.26583 -0.254848 -0.191182 -0.683657 0.683698 0.255278 0.00178027
5804.468685 1.24922 -0.229613 -0.191254 0.690403 -0.682389 -0.240118 0.00568337
5804.502151 1.233 -0.202927 -0.192661 0.696037 -0.681087 -0.226917 0.0127291
5804.535467 1.21658 -0.180962 -0.197424 0.697155 -0.683927 -0.214245 0.0178241
5804.568784 1.19807 -0.160737 -0.202506 0.691912 -0.692039 -0.2046 0.0219017
5804.602100 1.18279 -0.139098 -0.20946 0.685992 -0.701205 -0.191557 0.0321345
5804.635417 1.16629 -0.120614 -0.21659 0.680832 -0.708843 -0.179572 0.0419975
5804.668733 1.14576 -0.10287 -0.220928 0.676374 -0.714608 -0.173222 0.0429763
5804.702049 1.12697 -0.0842534 -0.225936 0.674165 -0.717994 -0.16731 0.044647
5804.735365 1.10884 -0.0654007 -0.231445 0.676753 -0.716452 -0.162151 0.0490839
5804.768682 1.0874 -0.0532515 -0.236217 0.681032 -0.713214 -0.158383 0.0493594
5804.801998 1.06995 -0.0495482 -0.244066 0.683618 -0.712212 -0.151471 0.049775
5804.835464 1.05161 -0.0483626 -0.251121 0.683432 -0.713718 -0.144484 0.0515004
5804.868782 1.03005 -0.0586892 -0.256311 0.682661 -0.715901 -0.137037 0.051778
5804.902097 1.01127 -0.0771327 -0.259502 0.683045 -0.717167 -0.129336 0.0489281
5804.935413 0.990378 -0.089987 -0.260127 0.681949 -0.71895 -0.127585 0.0421792
5804.968730 0.96804 -0.102671 -0.261011 0.680632 -0.720175 -0.13027 0.0334383
5805.002046 0.948791 -0.112956 -0.260505 0.681622 -0.719209 -0.132921 0.0215057
5805.035363 0.930164 -0.129415 -0.259436 0.683133 -0.718064 -0.132775 0.00920392
5805.068679 0.909133 -0.14568 -0.25752 0.683865 -0.717722 -0.13116 0.00122074
5805.101995 0.890718 -0.161672 -0.256939 -0.684093 0.717329 0.131883 0.00793479
5805.135311 0.867402 -0.181451 -0.257651 -0.683281 0.716722 0.137799 0.0211854
5805.168628 0.847798 -0.201952 -0.259091 -0.681669 0.716515 0.143927 0.0349016
5805.202094 0.83329 -0.216327 -0.259112 -0.679992 0.716617 0.147997 0.0465656
5805.235410 0.817458 -0.241151 -0.258471 -0.679216 0.716389 0.148646 0.0579384
5805.268727 0.798485 -0.262233 -0.258109 -0.675431 0.71821 0.151811 0.070142
5805.302043 0.773034 -0.285401 -0.260137 -0.671384 0.72004 0.156435 0.07946
5805.335359 0.754371 -0.302547 -0.261974 -0.666868 0.722185 0.160846 0.0886792
5805.368676 0.737833 -0.311559 -0.260942 -0.663737 0.722517 0.167001 0.0976388
5805.401992 0.7212 -0.318752 -0.260944 -0.660299 0.722501 0.174689 0.107152
5805.435309 0.699981 -0.329802 -0.262557 -0.657392 0.721549 0.182441 0.117975
5805.468625 0.671182 -0.342612 -0.264356 -0.654795 0.72105 0.18811 0.126273
5805.501941 0.649367 -0.347603 -0.26489 -0.653736 0.720509 0.191322 0.12997
5805.535407 0.630335 -0.345915 -0.261664 -0.656655 0.718293 0.189733 0.129849
5805.568724 0.611217 -0.33982 -0.256573 -0.65987 0.716391 0.185746 0.129821
5805.602040 0.593558 -0.33123 -0.251369 -0.662808 0.715231 0.180481 0.128671
5805.635356 0.58311 -0.316729 -0.24516 -0.66656 0.714604 0.172149 0.124109
5805.668673 0.567263 -0.304966 -0.239657 -0.670254 0.714747 0.161732 0.117211
5805.701989 0.542288 -0.299088 -0.236878 -0.67479 0.713685 0.151995 0.110493
5805.735306 0.5219 -0.287648 -0.233414 -0.67966 0.711921 0.143123 0.103666
5805.768622 0.50686 -0.278417 -0.231519 -0.683087 0.711581 0.132544 0.097349
5805.801938 0.495477 -0.260286 -0.22957 -0.684883 0.712392 0.123959 0.0898225
5805.835255 0.476044 -0.239717 -0.225871 -0.687793 0.711321 0.119126 0.0822882
5805.868571 0.462812 -0.223139 -0.222324 -0.68954 0.711556 0.110813 0.0770853
5805.902037 0.451049 -0.215457 -0.219872 -0.68996 0.713885 0.0973806 0.0695755
5805.935353 0.430766 -0.200129 -0.215293 -0.68934 0.717189 0.0832883 0.0592722
5805.968670 0.414734 -0.182567 -0.211154 -0.689582 0.718848 0.0710912 0.0517761
5806.001986 0.402203 -0.174491 -0.208357 -0.68974 0.720349 0.0573696 0.0454473
5806.035302 0.386327 -0.167269 -0.20474 -0.689366 0.721907 0.0457214 0.0391699
5806.068619 0.374216 -0.161863 -0.201082 -0.68993 0.721983 0.0382345 0.0357086
5806.101935 0.362268 -0.158031 -0.198206 -0.690878 0.721434 0.0342159 0.0324045
5806.135251 0.347619 -0.15716 -0.194333 -0.69292 0.719755 0.0315397 0.0286442
5806.168568 0.332404 -0.157545 -0.190413 -0.696866 0.716174 0.0282516 0.0259677
5806.201884 0.320564 -0.16025 -0.186163 -0.699958 0.713229 0.0268775 0.025291
5806.235351 0.305136 -0.167649 -0.183495 -0.700617 0.712332 0.0319995 0.0263755
5806.268667 0.289593 -0.178772 -0.182577 -0.700023 0.712205 0.0418876 0.031253
5806.301983 0.274904 -0.191058 -0.181148 -0.700212 0.710986 0.052863 0.0375257
5806.335299 0.25779 -0.205298 -0.180087 -0.700621 0.709561 0.0612679 0.0435832
5806.368616 0.240813 -0.218834 -0.179556 -0.697795 0.710958 0.0708705 0.050973
5806.401932 0.22664 -0.232982 -0.180048 -0.693527 0.713529 0.0805508 0.0583824
5806.435249 0.212209 -0.249111 -0.180747 -0.688439 0.716988 0.0883333 0.0646397
5806.468565 0.194201 -0.265835 -0.181425 -0.68262 0.721183 0.094794 0.0702755
5806.501881 0.178599 -0.280644 -0.184443 -0.676715 0.725433 0.101931 0.0735793
5806.535197 0.159548 -0.290675 -0.187076 -0.672618 0.727514 0.111377 0.0768339
5806.568514 0.143685 -0.29866 -0.190639 -0.671048 0.727386 0.119423 0.0796353
5806.601980 0.12728 -0.304868 -0.194492 -0.670852 0.726248 0.125896 0.0816804
5806.635296 0.110182 -0.312689 -0.200041 -0.670686 0.724918 0.132476 0.0844046
5806.668613 0.0933231 -0.315284 -0.205922 -0.670318 0.723573 0.140209 0.0863546
5806.701929 0.0760527 -0.315148 -0.211711 -0.670641 0.721794 0.147413 0.0867409
5806.735246 0.0583108 -0.31352 -0.217889 -0.672273 0.719082 0.152823 0.0872594
5806.768562 0.0370865 -0.307276 -0.222083 -0.674198 0.716122 0.15756 0.088332
5806.801878 0.0206114 -0.299667 -0.226788 -0.678869 0.711562 0.157778 0.0890125
5806.835194 0.00178426 -0.293596 -0.231933 -0.684518 0.707698 0.152779 0.0851906
5806.868511 -0.0204001 -0.275585 -0.233325 -0.690301 0.704324 0.146614 0.0769186
5806.901827 -0.0328902 -0.260807 -0.236978 -0.695712 0.70103 0.140576 0.0691371
5806.935293 -0.047333 -0.247212 -0.239938 -0.699957 0.698666 0.134122 0.0627406
5806.968610 -0.0651673 -0.236389 -0.241928 -0.703699 0.697409 0.123388 0.0566063
5807.001926 -0.0879737 -0.226094 -0.243865 -0.703474 0.699433 0.114484 0.0530296
5807.035242 -0.112239 -0.213773 -0.244726 -0.700424 0.703983 0.106463 0.0497987
5807.068559 -0.137614 -0.199252 -0.243768 -0.697267 0.70915 0.0942772 0.0451221
5807.101875 -0.154289 -0.189186 -0.243994 -0.694862 0.713966 0.0770271 0.0385495
5807.135191 -0.169975 -0.179692 -0.24459 -0.69365 0.716936 0.0605346 0.0344719
5807.168508 -0.190506 -0.174717 -0.244483 -0.692615 0.719141 0.0466102 0.0308026
5807.201824 -0.20866 -0.169509 -0.244509 -0.692964 0.719549 0.0351594 0.0285304
5807.235140 -0.22986 -0.170624 -0.243049 -0.691375 0.721555 0.0246424 0.0274338
5807.268457 -0.256715 -0.170826 -0.240465 -0.688277 0.724675 0.0196028 0.0271337
5807.301923 -0.276474 -0.173445 -0.236628 -0.686459 0.726404 0.0152322 0.0296716
5807.335240 -0.303956 -0.178514 -0.230831 -0.685604 0.727174 0.0112786 0.0322224
5807.368556 -0.331193 -0.183356 -0.223626 -0.684699 0.727943 0.00769896 0.0350405
5807.401872 -0.36359 -0.193783 -0.215129 -0.683486 0.729067 0.00381351 0.0359663
5807.435188 -0.396557 -0.203558 -0.206643 -0.683186 0.729129 0.00612313 0.0398766
5807.468505 -0.428037 -0.213252 -0.198301 -0.683642 0.728193 0.0124511 0.0470402
5807.501821 -0.454683 -0.221301 -0.188114 -0.684549 0.726804 0.0171625 0.0534175
5807.535137 -0.48443 -0.230147 -0.176569 -0.68606 0.724849 0.0229956 0.0581944
5807.568454 -0.519793 -0.237568 -0.162706 -0.686924 0.722876 0.0330092 0.0670441
5807.601770 -0.549609 -0.250217 -0.151688 -0.684087 0.724612 0.0411938 0.072558
5807.635236 -0.575505 -0.258736 -0.140557 -0.682837 0.725305 0.0453096 0.0749182
5807.668553 -0.598877 -0.267139 -0.129383 -0.683098 0.72488 0.0473539 0.075392
5807.701869 -0.622882 -0.272961 -0.11842 -0.685398 0.722071 0.0524697 0.0780415
5807.735185 -0.646368 -0.277186 -0.107613 -0.688013 0.718589 0.0595264 0.0820049
5807.768502 -0.671329 -0.279453 -0.095281 -0.688573 0.717643 0.0618654 0.0838363
5807.801818 -0.693683 -0.281223 -0.0831602 -0.688313 0.718071 0.0604753 0.0833119
5807.835135 -0.71036 -0.279749 -0.0727556 -0.688095 0.71879 0.0567375 0.081531
5807.868451 -0.727914 -0.277653 -0.0619851 -0.69035 0.717722 0.0470182 0.0779859
5807.901767 -0.747826 -0.270236 -0.0511783 -0.693862 0.715493 0.0372185 0.0723917
5807.935083 -0.767859 -0.260944 -0.0426361 -0.696001 0.714282 0.0310075 0.0664996
5807.968550 -0.786938 -0.252649 -0.0336573 -0.701647 0.709086 0.0234503 0.0658679
5808.001866 -0.803982 -0.249951 -0.0263092 -0.704811 0.706592 0.00971727 0.0622474
5808.035182 -0.823728 -0.250882 -0.0201712 -0.702176 0.709754 -0.00459952 0.056373
5808.068499 -0.84489 -0.251761 -0.0150644 -0.69351 0.71825 -0.0146101 0.0542849
5808.101815 -0.866252 -0.250403 -0.0102917 -0.684902 0.726194 -0.0216419 0.0555259
5808.135131 -0.887958 -0.249199 -0.00626617 -0.678097 0.732086 -0.0293561 0.0580838
5808.168448 -0.909139 -0.244434 -0.00211469 -0.673835 0.735511 -0.0377868 0.0595199
5808.201764 -0.935818 -0.240959 0.00187019 -0.670692 0.737844 -0.0467672 0.0597554
5808.235081 -0.957507 -0.239 0.00390393 -0.667534 0.74021 -0.052512 0.0610726
5808.268397 -0.982104 -0.236573 0.0048657 -0.666148 0.741153 -0.0536076 0.0637657
5808.301713 -1.00129 -0.239344 0.00678983 -0.666684 0.740221 -0.0535312 0.0688434
5808.335179 -1.02328 -0.24615 0.00777634 -0.667106 0.73944 -0.0499674 0.0755035
5808.368496 -1.0454 -0.256676 0.00753313 -0.666385 0.739719 -0.04293 0.0830939
5808.401812 -1.06627 -0.268398 0.00695208 -0.666872 0.738755 -0.0342636 0.0913686
5808.435128 -1.08658 -0.277491 0.00606203 -0.668295 0.736945 -0.0233579 0.0987315
5808.468445 -1.1057 -0.284687 0.00405187 -0.674137 0.73141 -0.0103669 0.102329
5808.501761 -1.1237 -0.288964 0.00327418 -0.681471 0.723967 0.00443643 0.107005
5808.535077 -1.13907 -0.298511 0.00160602 -0.687319 0.7177 0.0187037 0.110225
5808.568394 -1.1555 -0.307792 0.000303905 -0.693171 0.711274 0.032578 0.111986
5808.601710 -1.16795 -0.31438 -0.000750722 -0.698258 0.704851 0.0462372 0.116117
5808.635026 -1.18227 -0.314642 0.000505574 -0.700287 0.701446 0.0591884 0.118615
5808.668493 -1.19159 -0.316182 0.00215943 -0.700606 0.700416 0.0668807 0.118725
5808.701809 -1.20028 -0.318249 0.00406935 -0.70027 0.700959 0.0699479 0.115698
5808.735126 -1.20769 -0.322112 0.00553093 -0.699673 0.702605 0.0699736 0.109121
5808.768442 -1.2095 -0.320603 0.00609167 -0.700803 0.702563 0.0696732 0.10211
5808.801758 -1.21524 -0.320284 0.00743965 -0.702842 0.701083 0.0697593 0.0981287
5808.835075 -1.21772 -0.320505 0.0088169 -0.706919 0.697065 0.0709222 0.0966192
5808.868391 -1.21683 -0.315229 0.0116336 -0.709371 0.695058 0.0720618 0.0921646
5808.901707 -1.21967 -0.315098 0.013543 -0.708648 0.696038 0.0734469 0.0891871
5808.935023 -1.2248 -0.312471 0.0179885 -0.705661 0.699447 0.0724975 0.0869516
5808.968340 -1.23174 -0.313896 0.0229082 -0.701347 0.704728 0.0665418 0.0839231
5809.001656 -1.23567 -0.314189 0.027769 -0.69515 0.711801 0.0603578 0.0803907
5809.035123 -1.23969 -0.313929 0.0342242 -0.689969 0.717846 0.0528043 0.0764948
5809.068439 -1.24443 -0.312177 0.0410409 -0.688394 0.720303 0.0444407 0.0728163
5809.101755 -1.24745 -0.309031 0.0473405 -0.688278 0.72085 0.0405432 0.07075
5809.135071 -1.25295 -0.309406 0.0537936 -0.688568 0.720502 0.0414802 0.0709251
5809.168388 -1.25829 -0.309377 0.060401 -0.688547 0.720175 0.0445434 0.0725696
5809.201704 -1.26416 -0.308632 0.0680795 -0.687932 0.720674 0.0452317 0.073021
5809.235020 -1.27051 -0.306369 0.0775632 -0.688234 0.721021 0.04142 0.0688974
5809.268337 -1.27673 -0.303656 0.0880784 -0.685602 0.724128 0.036596 0.0651866
5809.301653 -1.28376 -0.304073 0.0978984 -0.682589 0.727397 0.0344336 0.0614797
5809.334969 -1.28675 -0.301139 0.108806 -0.681754 0.728685 0.0319291 0.0566623
5809.368436 -1.28825 -0.297602 0.119669 -0.682037 0.728614 0.0321088 0.0540004
5809.401752 -1.29089 -0.293355 0.131106 -0.682873 0.727835 0.0364139 0.0511342
5809.435069 -1.29993 -0.289738 0.144461 -0.684324 0.726612 0.0402336 0.0459951
5809.468385 -1.30203 -0.288547 0.157692 -0.686599 0.724552 0.0426366 0.0422917
5809.501701 -1.30206 -0.285889 0.172342 -0.689691 0.721345 0.0479948 0.0410299
5809.535018 -1.30695 -0.285784 0.1883 -0.691255 0.719299 0.0553798 0.041325
5809.568334 -1.31608 -0.284408 0.207891 -0.691368 0.718838 0.0610745 0.0393953
5809.601650 -1.32629 -0.284058 0.22748 -0.690443 0.719617 0.0643636 0.03603
5809.634967 -1.32907 -0.287666 0.244511 -0.690437 0.719597 0.0657714 0.0339308
5809.668283 -1.32844 -0.296301 0.260155 -0.691637 0.718566 0.0655854 0.0316039
5809.701599 -1.33752 -0.30296 0.278216 -0.691641 0.718266 0.0687877 0.0315424
5809.735065 -1.34891 -0.308071 0.297634 -0.690017 0.71925 0.0738558 0.0331908
5809.768382 -1.36218 -0.311068 0.318865 -0.688287 0.720541 0.0776575 0.0324171
5809.801698 -1.36932 -0.308869 0.337689 -0.688256 0.720446 0.0799738 0.0294193
5809.835014 -1.37282 -0.310658 0.353245 -0.691412 0.717026 0.0842828 0.0268081
5809.868331 -1.3769 -0.321238 0.365504 -0.695149 0.712603 0.0907896 0.0268753
5809.901647 -1.38399 -0.327849 0.378221 -0.69627 0.710854 0.0962631 0.0250593
5809.934964 -1.38149 -0.329072 0.389576 -0.700299 0.706659 0.0990367 0.020158
5809.968280 -1.38469 -0.324584 0.404601 -0.701943 0.704669 0.102515 0.0144152
5810.001596 -1.39715 -0.323424 0.426034 -0.703606 0.701939 0.109917 0.0117839
5810.034913 -1.40146 -0.330843 0.44237 -0.706062 0.698798 0.114059 0.0121636
5810.068381 -1.39662 -0.338337 0.455015 -0.707582 0.697376 0.113497 0.0106305
5810.101698 -1.3845 -0.344445 0.467377 -0.708247 0.69734 0.109644 0.00903603
5810.135015 -1.38173 -0.343873 0.482383 -0.707493 0.698652 0.105959 0.0105401
5810.168332 -1.38703 -0.347148 0.497236 -0.706114 0.700385 0.103759 0.00989538
5810.201650 -1.39897 -0.348113 0.516155 -0.704235 0.702318 0.103742 0.00636599
5810.234967 -1.40453 -0.350827 0.535158 -0.702578 0.704133 0.102761 0.00455505
5810.268284 -1.39735 -0.351373 0.551266 -0.701593 0.705565 0.0995992 0.00491123
5810.301602 -1.39168 -0.348564 0.565979 -0.701383 0.706076 0.0973256 0.00684301
5810.334919 -1.39233 -0.35067 0.580658 -0.701964 0.705549 0.0964945 0.0116367
5810.368236 -1.39639 -0.361312 0.595629 -0.702698 0.705115 0.0937265 0.0155727
5810.401554 -1.3922 -0.377597 0.615394 -0.70359 0.705074 0.0864941 0.0187441
5810.435021 -1.39406 -0.377332 0.638752 -0.704284 0.704766 0.0817305 0.0246803
5810.468338 -1.39317 -0.38659 0.657204 -0.701942 0.707588 0.0758267 0.0290906
5810.501655 -1.39525 -0.399894 0.67572 -0.696843 0.713003 0.0709408 0.031692
5810.534973 -1.39931 -0.40582 0.697135 -0.691752 0.718174 0.0663179 0.0361616
5810.568290 -1.40005 -0.414238 0.717446 -0.689676 0.720325 0.0621127 0.0402631
5810.601607 -1.40387 -0.426727 0.735761 -0.688455 0.721349 0.0609965 0.0443265
5810.634925 -1.40929 -0.43543 0.756175 -0.691074 0.718262 0.0623509 0.0512727
5810.668242 -1.41125 -0.444326 0.774668 -0.692758 0.71604 0.0633577 0.0579531
5810.701559 -1.4087 -0.449633 0.79332 -0.694528 0.714006 0.0619896 0.0631108
5810.734877 -1.41102 -0.455304 0.812692 -0.694526 0.71387 0.0597715 0.0667097
5810.768344 -1.41016 -0.459601 0.830812 -0.693705 0.714685 0.0567853 0.069089
5810.801661 -1.40582 -0.466757 0.848341 -0.692557 0.715823 0.053349 0.0715209
5810.834978 -1.40752 -0.473771 0.866201 -0.69144 0.716962 0.0506968 0.0728432
5810.868296 -1.40521 -0.477278 0.88361 -0.6909 0.717186 0.0513964 0.0752289
5810.901613 -1.40799 -0.486227 0.902017 -0.692518 0.714809 0.0542309 0.0807801
5810.934930 -1.40859 -0.488316 0.92146 -0.692087 0.714911 0.0540315 0.0836515
5810.968248 -1.40877 -0.493757 0.941044 -0.690016 0.717168 0.0501713 0.0838523
5811.001565 -1.409 -0.497955 0.961142 -0.68677 0.720521 0.0466309 0.0838007
5811.034881 -1.40887 -0.499446 0.980678 -0.681328 0.725836 0.046448 0.0824472
5811.068198 -1.40825 -0.500735 0.999927 -0.678217 0.728844 0.047759 0.0807941
5811.101514 -1.40457 -0.499595 1.01925 -0.675544 0.731457 0.0485743 0.0790684
5811.134980 -1.40167 -0.500241 1.03857 -0.676048 0.731233 0.0497244 0.0760607
5811.168297 -1.40179 -0.496939 1.05944 -0.675959 0.731687 0.0499372 0.0722528
5811.201613 -1.39805 -0.496996 1.07839 -0.676374 0.731412 0.0519247 0.069705
5811.234929 -1.39214 -0.496929 1.09584 -0.677526 0.730333 0.0554439 0.0670731
5811.268246 -1.38193 -0.495055 1.11229 -0.679173 0.728716 0.0610827 0.0629776
5811.301562 -1.37637 -0.495171 1.12818 -0.678628 0.729123 0.0679705 0.056778
5811.334878 -1.36835 -0.494751 1.14368 -0.676518 0.731279 0.0716724 0.0491666
5811.368195 -1.36523 -0.499542 1.15923 -0.676907 0.731117 0.0751112 0.040288
5811.401511 -1.35111 -0.49868 1.17317 -0.674063 0.733269 0.0830324 0.0325807
5811.434827 -1.33849 -0.498419 1.18774 -0.675201 0.731242 0.0934376 0.0256676
5811.468294 -1.32511 -0.499409 1.19983 -0.675602 0.729664 0.104393 0.0159353
5811.501610 -1.31233 -0.497267 1.21089 -0.678342 0.725613 0.115119 0.00930558
5811.534926 -1.30036 -0.486202 1.22585 -0.677818 0.724914 0.122709 0.00209673
5811.568243 -1.27621 -0.496062 1.23367 0.685349 -0.717282 -0.125592 0.00550294
5811.601559 -1.26023 -0.497269 1.24472 0.686919 -0.715124 -0.128533 0.0147893
5811.634875 -1.24477 -0.493178 1.25402 0.683371 -0.717715 -0.131356 0.0251822
5811.668192 -1.22866 -0.49439 1.26182 0.680827 -0.718628 -0.137275 0.0347004
5811.701508 -1.22105 -0.485366 1.27225 0.675184 -0.722206 -0.144216 0.0417841
5811.734824 -1.20287 -0.486249 1.27846 0.676088 -0.719961 -0.149038 0.0484711
5811.768141 -1.18698 -0.484007 1.28442 0.674785 -0.719745 -0.15295 0.0569193
5811.801607 -1.1715 -0.479989 1.28932 0.672678 -0.720192 -0.157046 0.0645289
5811.834923 -1.15108 -0.479917 1.29171 0.673111 -0.717928 -0.162451 0.0714878
5811.868240 -1.1214 -0.488003 1.29039 0.679093 -0.710321 -0.167636 0.0785828
5811.901556 -1.09488 -0.487468 1.28984 0.680504 -0.706648 -0.173533 0.0863078
5811.934872 -1.06725 -0.48787 1.28846 0.681631 -0.702823 -0.181146 0.0927639
5811.968189 -1.04291 -0.486247 1.28754 0.681679 -0.699914 -0.189765 0.0970788
5812.001505 -1.02016 -0.484931 1.28739 0.681041 -0.698327 -0.196137 0.100259
5812.034821 -0.997909 -0.484026 1.2871 0.679568 -0.697754 -0.200835 0.104846
5812.068138 -0.975617 -0.483485 1.28714 0.678353 -0.69712 -0.204074 0.110521
5812.101454 -0.952774 -0.481617 1.28718 0.677469 -0.696008 -0.208494 0.114627
5812.134770 -0.931015 -0.481436 1.28718 0.676126 -0.695245 -0.214439 0.116209
5812.168237 -0.908978 -0.48013 1.28757 0.67404 -0.695228 -0.220466 0.117143
5812.201553 -0.886024 -0.480942 1.28745 0.673335 -0.694482 -0.224058 0.118797
5812.234869 -0.865379 -0.481462 1.28864 0.673388 -0.693593 -0.225338 0.121243
5812.268186 -0.843118 -0.482948 1.28938 0.67358 -0.693035 -0.225386 0.123264
5812.301502 -0.821431 -0.485293 1.28996 0.67301 -0.693325 -0.226273 0.123123
5812.334818 -0.800436 -0.487429 1.2901 0.671999 -0.694132 -0.226569 0.123553
5812.368135 -0.780033 -0.49011 1.28914 0.670298 -0.695028 -0.227701 0.125653
5812.401451 -0.759416 -0.491129 1.2872 0.668714 -0.694664 -0.232984 0.126421
5812.434767 -0.738787 -0.491856 1.28543 0.669585 -0.691706 -0.239311 0.126208
5812.468084 -0.718311 -0.490703 1.28391 0.673026 -0.686969 -0.243131 0.12648
5812.501550 -0.697966 -0.488986 1.28274 0.674509 -0.684427 -0.244897 0.128927
5812.534866 -0.679236 -0.488144 1.281 0.673761 -0.684306 -0.245214 0.132822
5812.568183 -0.662133 -0.486125 1.27963 0.672684 -0.685088 -0.243131 0.137976
5812.601499 -0.643507 -0.488735 1.27677 0.670644 -0.686862 -0.240149 0.144172
5812.634815 -0.629433 -0.487582 1.2762 0.668001 -0.687302 -0.242741 0.149892
5812.668132 -0.615215 -0.485957 1.27588 0.66608 -0.686839 -0.248162 0.151674
5812.701448 -0.599092 -0.485717 1.27484 0.665732 -0.685478 -0.252381 0.152396
5812.734764 -0.583674 -0.486092 1.27407 0.665071 -0.684397 -0.255392 0.155104
5812.768081 -0.567512 -0.486394 1.27315 0.664734 -0.683194 -0.256775 0.159502
5812.801397 -0.549762 -0.486629 1.27157 0.665855 -0.68091 -0.256858 0.164387
5812.834713 -0.531998 -0.486663 1.26989 0.667918 -0.677565 -0.257235 0.169182
5812.868180 -0.514946 -0.488247 1.26899 0.670049 -0.673894 -0.257626 0.17473
5812.901496 -0.496343 -0.488073 1.26763 0.66983 -0.671952 -0.260405 0.178879
5812.934812 -0.477977 -0.488752 1.26669 0.667056 -0.672001 -0.264395 0.183155
5812.968129 -0.458342 -0.489718 1.26517 0.664677 -0.671619 -0.267331 0.188856
5813.001445 -0.440443 -0.490076 1.26465 0.66274 -0.670494 -0.270793 0.194642
5813.034761 -0.419789 -0.488217 1.26369 0.66169 -0.668634 -0.274483 0.199387
5813.068078 -0.398847 -0.487019 1.26219 0.661281 -0.665277 -0.278816 0.205852
5813.101394 -0.377163 -0.485575 1.26052 0.6612 -0.660904 -0.284054 0.212918
5813.134710 -0.355782 -0.484572 1.25882 0.66248 -0.656013 -0.287576 0.219242
5813.168027 -0.334316 -0.484824 1.25691 0.663649 -0.651248 -0.290926 0.225406
5813.201493 -0.312599 -0.485835 1.25527 0.662683 -0.647995 -0.296251 0.230629
5813.234809 -0.291174 -0.488053 1.25399 0.660005 -0.647278 -0.300761 0.23445
5813.268126 -0.269597 -0.490852 1.25326 0.656515 -0.648941 -0.300793 0.239556
5813.301442 -0.249183 -0.492906 1.25331 0.653441 -0.650429 -0.298409 0.246799
5813.334758 -0.229632 -0.494513 1.25343 0.650186 -0.65156 -0.296969 0.254043
5813.368075 -0.209692 -0.496785 1.25397 0.648537 -0.651436 -0.297135 0.258344
5813.401391 -0.189669 -0.497959 1.25494 0.647004 -0.650403 -0.299397 0.262153
5813.434707 -0.170725 -0.500769 1.25523 0.643838 -0.648863 -0.305111 0.267127
5813.468024 -0.151985 -0.503238 1.25534 0.64121 -0.646653 -0.312528 0.270213
5813.501340 -0.135004 -0.504817 1.25578 0.640637 -0.643428 -0.319058 0.271637
5813.534656 -0.116784 -0.506415 1.2555 0.641513 -0.639839 -0.323928 0.272283
5813.568123 -0.0991297 -0.507418 1.25473 0.643338 -0.636574 -0.326132 0.272999
5813.601439 -0.0818335 -0.508191 1.25297 0.644112 -0.634548 -0.32697 0.274881
5813.634755 -0.065447 -0.506929 1.24962 0.642508 -0.633505 -0.330782 0.276476
5813.668072 -0.0461947 -0.50246 1.24399 0.641518 -0.631644 -0.337875 0.274447
5813.701388 -0.0241703 -0.493831 1.23578 0.643578 -0.62908 -0.343197 0.268854
5813.734704 0.0105928 -0.476124 1.21722 0.645131 -0.629842 -0.343828 0.262464
5813.768021 0.0413071 -0.459901 1.20331 0.64558 -0.630461 -0.344245 0.259307
5813.801337 0.0598411 -0.457321 1.19956 0.647158 -0.629017 -0.344655 0.258336
5813.834653 0.078156 -0.454568 1.19613 0.647416 -0.629026 -0.345013 0.257186
5813.867970 0.0958396 -0.451519 1.19184 0.647248 -0.628351 -0.345692 0.258345
5813.901436 0.113722 -0.447974 1.18675 0.646172 -0.6277 -0.347934 0.259609
5813.934752 0.131943 -0.447098 1.18038 0.645979 -0.626253 -0.351143 0.259262
5813.968069 0.151557 -0.44416 1.17349 0.64744 -0.623326 -0.353687 0.259214
5814.001385 0.171988 -0.439844 1.16552 0.648617 -0.619676 -0.358511 0.258393
5814.034701 0.194681 -0.435243 1.15554 0.649051 -0.616573 -0.365407 0.255046
5814.068018 0.218201 -0.43293 1.14428 0.649486 -0.614525 -0.370487 0.251531
5814.101334 0.241643 -0.429799 1.13377 0.648182 -0.615022 -0.373767 0.24881
5814.134650 0.263635 -0.430703 1.12357 0.647241 -0.615965 -0.374226 0.248236
5814.167967 0.285516 -0.431563 1.11496 0.646246 -0.617559 -0.373653 0.247729
5814.201283 0.307977 -0.432511 1.10674 0.647508 -0.618606 -0.370075 0.247194
5814.234599 0.329776 -0.430743 1.10024 0.649349 -0.618665 -0.364361 0.250679
5814.268066 0.351574 -0.429735 1.09402 0.651447 -0.618228 -0.359204 0.253737
5814.301382 0.373367 -0.433507 1.08667 0.652651 -0.618808 -0.356234 0.253419
5814.334698 0.395683 -0.437049 1.07623 0.653161 -0.619673 -0.356719 0.249274
5814.368015 0.416483 -0.439646 1.06531 0.652073 -0.620064 -0.360437 0.245776
5814.401331 0.437246 -0.441584 1.05293 0.650341 -0.620145 -0.363366 0.245849
5814.434647 0.457679 -0.440559 1.04083 0.648982 -0.620063 -0.364389 0.248122
5814.467964 0.477653 -0.439683 1.02742 0.648593 -0.618793 -0.366254 0.24956
5814.501280 0.495259 -0.438889 1.01661 0.648828 -0.616394 -0.369246 0.250476
5814.534596 0.512451 -0.438822 1.00681 0.649849 -0.614267 -0.371088 0.25033
5814.567913 0.528724 -0.44023 0.997082 0.649393 -0.61273 -0.374693 0.249911
5814.601379 0.545048 -0.440706 0.987564 0.647649 -0.611213 -0.379818 0.250414
5814.634695 0.562255 -0.441635 0.977898 0.645996 -0.610023 -0.383796 0.251519
5814.668012 0.57942 -0.441159 0.969747 0.643915 -0.609978 -0.386488 0.252838
5814.701328 0.597263 -0.437849 0.961521 0.643094 -0.607634 -0.389693 0.255636
5814.734644 0.615302 -0.434354 0.952408 0.643226 -0.603651 -0.393165 0.259396
5814.767961 0.633828 -0.430286 0.943114 0.643269 -0.598972 -0.398093 0.262601
5814.801277 0.652599 -0.425868 0.934443 0.643436 -0.593013 -0.404416 0.266034
5814.834593 0.672486 -0.420095 0.926142 0.643671 -0.586532 -0.410974 0.269756
5814.867910 0.692455 -0.412229 0.920533 0.64353 -0.579449 -0.419289 0.272591
5814.901226 0.711919 -0.405348 0.917472 0.641407 -0.575029 -0.427624 0.274
5814.934692 0.731846 -0.403626 0.91336 0.637685 -0.573085 -0.433459 0.27757
5814.968011 0.75155 -0.402811 0.908786 0.633888 -0.570537 -0.437458 0.285139
5815.001325 0.771982 -0.403137 0.905192 0.630703 -0.567767 -0.439962 0.293748
5815.034641 0.792362 -0.403866 0.903468 0.62888 -0.563098 -0.443377 0.301409
5815.067958 0.813106 -0.401203 0.900499 0.628046 -0.556002 -0.449491 0.30721
5815.101274 0.835052 -0.397368 0.895368 0.62838 -0.548489 -0.454888 0.31205
5815.134590 0.856729 -0.393465 0.890445 0.630242 -0.540355 -0.457273 0.318926
5815.167907 0.878259 -0.38958 0.885768 0.634306 -0.529301 -0.458084 0.328108
5815.201223 0.899397 -0.387699 0.880873 0.634023 -0.521914 -0.461056 0.336226
5815.234539 0.920206 -0.387779 0.875639 0.630197 -0.518256 -0.465778 0.342512
5815.267856 0.940732 -0.387533 0.870291 0.62655 -0.512927 -0.470377 0.350837
5815.301322 0.960302 -0.386536 0.86892 0.623256 -0.509134 -0.474437 0.356712
5815.334638 0.979585 -0.385665 0.865873 0.619058 -0.507906 -0.476729 0.362668
5815.367955 0.997599 -0.383859 0.861913 0.614023 -0.504551 -0.480151 0.371294
5815.401271 1.01505 -0.380237 0.856255 0.611 -0.497946 -0.48455 0.379395
5815.434587 1.03131 -0.375642 0.850447 0.609069 -0.490401 -0.489477 0.385947
5815.467904 1.04645 -0.36973 0.843683 0.609604 -0.480525 -0.494003 0.391714
5815.501220 1.06076 -0.36404 0.83466 0.610523 -0.470457 -0.49818 0.397177
5815.534536 1.07285 -0.35828 0.827879 0.606991 -0.462192 -0.506554 0.401676
5815.567853 1.08486 -0.355719 0.813769 0.602028 -0.455137 -0.513771 0.407984
5815.601169 1.09599 -0.350615 0.802329 0.598889 -0.447007 -0.520116 0.413517
5815.634635 1.1061 -0.344147 0.791829 0.5965 -0.439953 -0.524646 0.418779
5815.667952 1.11546 -0.337145 0.780331 0.595562 -0.432342 -0.525776 0.426551
5815.701268 1.12333 -0.3285 0.768465 0.594763 -0.424703 -0.525553 0.435522
5815.734584 1.12988 -0.320401 0.754465 0.593128 -0.418367 -0.524217 0.445382
5815.767901 1.13402 -0.306035 0.739334 0.588917 -0.412853 -0.523876 0.456381
5815.801217 1.13749 -0.291746 0.719903 0.58416 -0.404722 -0.526372 0.466787
5815.834533 1.14103 -0.285472 0.710132 0.580329 -0.396604 -0.534205 0.469625
5815.867850 1.14486 -0.276572 0.697172 0.5763 -0.392737 -0.540571 0.470551
5815.901166 1.14899 -0.266417 0.682232 0.574333 -0.389867 -0.543119 0.472406
5815.934482 1.15334 -0.257349 0.671917 0.571741 -0.389249 -0.542466 0.476789
5815.967799 1.15773 -0.249643 0.655153 0.571753 -0.390628 -0.539507 0.478999
5816.001265 1.16111 -0.238994 0.645255 0.572481 -0.387781 -0.537247 0.482967
5816.034581 1.16457 -0.227381 0.630994 0.57358 -0.383343 -0.535504 0.487124
5816.067898 1.16628 -0.216739 0.621739 0.573777 -0.377701 -0.537199 0.489427
5816.101214 1.16784 -0.206799 0.60987 0.573634 -0.372173 -0.539022 0.491821
5816.134530 1.16867 -0.196152 0.595463 0.57581 -0.364196 -0.539564 0.494647
5816.167847 1.16954 -0.187073 0.581115 0.577532 -0.356649 -0.539416 0.498286
5816.201163 1.17106 -0.179236 0.564351 0.578767 -0.351998 -0.538321 0.501335
5816.234479 1.17164 -0.171224 0.550138 0.581574 -0.347848 -0.53607 0.503391
5816.267796 1.17221 -0.159614 0.536228 0.584513 -0.344019 -0.531558 0.507387
5816.301112 1.1725 -0.14932 0.519738 0.585856 -0.340946 -0.527153 0.512483
5816.334578 1.17307 -0.152229 0.493663 0.589695 -0.337859 -0.521882 0.51551
5816.367895 1.17266 -0.145842 0.473804 0.590329 -0.333681 -0.520888 0.518503
5816.401211 1.1714 -0.138941 0.45139 0.589223 -0.331332 -0.522564 0.519579
5816.434527 1.17131 -0.131408 0.433143 0.588843 -0.330428 -0.523431 0.519714
5816.467844 1.1716 -0.12158 0.414372 0.59105 -0.327863 -0.521786 0.520485
5816.501160 1.17246 -0.111454 0.395762 0.595405 -0.323398 -0.518976 0.521124
5816.534479 1.17402 -0.102753 0.37908 0.599333 -0.320849 -0.515621 0.521528
5816.567793 1.17608 -0.0953313 0.36293 0.601821 -0.319526 -0.512613 0.52244
5816.601109 1.178 -0.087633 0.346718 0.603571 -0.318176 -0.50911 0.524665
5816.634425 1.17964 -0.0797601 0.329204 0.604988 -0.315717 -0.504985 0.528491
5816.667742 1.18046 -0.0715254 0.312976 0.605068 -0.312315 -0.502164 0.533088
5816.701208 1.18068 -0.0631887 0.298321 0.604886 -0.308514 -0.5006 0.536965
5816.734524 1.18098 -0.0543347 0.283464 0.607187 -0.303513 -0.496117 0.541361
5816.767841 1.182 -0.049628 0.268298 0.608651 -0.297207 -0.490555 0.54824
5816.801157 1.18207 -0.0417343 0.253379 0.60817 -0.29215 -0.48898 0.55288
5816.834473 1.18243 -0.0341656 0.239339 0.609272 -0.287748 -0.48682 0.555873
5816.867790 1.18251 -0.0253274 0.224529 0.611425 -0.280433 -0.485088 0.558754
5816.901106 1.18231 -0.016552 0.210028 0.612661 -0.271278 -0.486336 0.560831
5816.934422 1.18247 -0.00794476 0.196644 0.614437 -0.263193 -0.488849 0.560557
5816.967739 1.18285 0.000123673 0.183317 0.615734 -0.255563 -0.490341 0.56136
5817.001055 1.18337 0.00792639 0.170511 0.615481 -0.247911 -0.492093 0.563531
5817.034521 1.18476 0.0153753 0.158844 0.615252 -0.242026 -0.49395 0.564713
5817.067838 1.18673 0.0229042 0.146828 0.615544 -0.237079 -0.494818 0.565733
5817.101154 1.18879 0.031029 0.134692 0.61522 -0.231094 -0.495566 0.567904
5817.134470 1.19095 0.0400736 0.122559 0.615781 -0.223853 -0.496689 0.569213
5817.167787 1.19345 0.0487322 0.11033 0.616687 -0.215551 -0.498174 0.570139
5817.201103 1.19587 0.0577613 0.0984571 0.616636 -0.207537 -0.499863 0.571687
5817.234419 1.19835 0.066581 0.0851636 0.615101 -0.199889 -0.50218 0.574029
5817.267736 1.20156 0.0746696 0.0714664 0.61357 -0.193739 -0.504586 0.575666
5817.301052 1.20604 0.0815975 0.0575898 0.614994 -0.190337 -0.503893 0.575887
5817.334368 1.21136 0.0874611 0.0435823 0.615829 -0.188978 -0.501251 0.577745
5817.367685 1.21719 0.0922798 0.0294356 0.615054 -0.189113 -0.499352 0.580166
5817.401151 1.22356 0.0969896 0.0148765 0.614536 -0.189425 -0.499114 0.580817
5817.434467 1.22982 0.101534 0.00109424 0.613833 -0.188692 -0.500372 0.580718
5817.467784 1.23606 0.106212 -0.0129183 0.615848 -0.184159 -0.498471 0.581673
5817.501100 1.24286 0.11027 -0.0272392 0.618237 -0.179542 -0.495129 0.583434
5817.534416 1.25004 0.113137 -0.0414014 0.617186 -0.178721 -0.494361 0.585446
5817.567733 1.25746 0.115453 -0.0557787 0.614305 -0.17863 -0.495702 0.587367
5817.601049 1.26515 0.117385 -0.0702001 0.612527 -0.178062 -0.496602 0.588635
5817.634365 1.27235 0.119682 -0.0848176 0.610106 -0.17772 -0.497108 0.590821
5817.667682 1.27919 0.12143 -0.0997109 0.606523 -0.176578 -0.498114 0.593996
5817.700998 1.2855 0.122993 -0.114497 0.602543 -0.176594 -0.50053 0.596009
5817.734464 1.29123 0.123586 -0.12925 0.598037 -0.177034 -0.503203 0.598162
5817.767781 1.29589 0.124246 -0.143711 0.593718 -0.176659 -0.505338 0.600769
5817.801097 1.29972 0.124775 -0.157724 0.591192 -0.174979 -0.506543 0.602734
5817.834413 1.30296 0.124806 -0.171398 0.589265 -0.173625 -0.507237 0.604427
5817.867730 1.30576 0.124063 -0.184607 0.585979 -0.174339 -0.508898 0.606017
5817.901046 1.30868 0.122267 -0.197248 0.58147 -0.174176 -0.512766 0.607146
5817.934362 1.31121 0.12109 -0.209447 0.578 -0.172257 -0.518014 0.606552
5817.967679 1.31398 0.119565 -0.220502 0.57677 -0.171087 -0.521777 0.604826
5818.000995 1.31653 0.116624 -0.231377 0.574031 -0.172364 -0.52422 0.604956
5818.034311 1.31851 0.112473 -0.241968 0.569039 -0.174943 -0.526036 0.607352
5818.067778 1.3204 0.107778 -0.252044 0.565243 -0.17867 -0.527797 0.608282
5818.101096 1.32208 0.102809 -0.261542 0.563143 -0.182243 -0.529086 0.60805
5818.134410 1.32331 0.0977261 -0.270775 0.560968 -0.18507 -0.530893 0.607632
5818.167727 1.32457 0.0920424 -0.279748 0.558234 -0.189715 -0.534231 0.605789
5818.201044 1.32584 0.0862264 -0.287843 0.55516 -0.195946 -0.538489 0.602853
5818.234359 1.32667 0.0799405 -0.296674 0.553796 -0.202058 -0.54102 0.599816
5818.267676 1.32736 0.0740683 -0.304197 0.551954 -0.209146 -0.542587 0.597665
5818.300992 1.32708 0.0688389 -0.312411 0.549138 -0.217063 -0.545606 0.59468
5818.334308 1.32636 0.0641213 -0.32178 0.547976 -0.224539 -0.549246 0.589605
5818.367625 1.32504 0.0603431 -0.332226 0.548062 -0.229167 -0.552183 0.584982
5818.400941 1.32202 0.0574214 -0.344218 0.545061 -0.232575 -0.556862 0.581998
5818.434407 1.31827 0.0551587 -0.356675 0.541264 -0.236086 -0.562423 0.578772
5818.467724 1.31444 0.0524899 -0.369536 0.540017 -0.240617 -0.566487 0.574088
5818.501040 1.31004 0.049195 -0.382974 0.536722 -0.246531 -0.57082 0.570365
5818.534356 1.30554 0.0451577 -0.396313 0.532277 -0.254863 -0.574433 0.567233
5818.567673 1.30124 0.0406136 -0.409996 0.529443 -0.263231 -0.57628 0.564182
5818.600989 1.29617 0.037471 -0.423541 0.526948 -0.270626 -0.577592 0.561673
5818.634305 1.29128 0.0338919 -0.436305 0.52471 -0.276335 -0.578056 0.560508
5818.667622 1.28569 0.0299213 -0.450341 0.523755 -0.283429 -0.577669 0.558254
5818.700938 1.27978 0.0251923 -0.463227 0.521356 -0.293959 -0.577781 0.554928
5818.734254 1.27285 0.0194821 -0.475675 0.516799 -0.304522 -0.578723 0.552508
5818.767721 1.26493 0.0144387 -0.488623 0.511291 -0.312964 -0.581135 0.550379
5818.801037 1.25634 0.0104597 -0.501728 0.504405 -0.320745 -0.585216 0.547924
5818.834353 1.2474 0.00797509 -0.514492 0.498932 -0.325664 -0.589478 0.545459
5818.867670 1.23848 0.00824194 -0.52667 0.496465 -0.328533 -0.5911 0.544234
5818.900986 1.23015 0.00973154 -0.53777 0.495456 -0.330144 -0.590641 0.544675
5818.934302 1.22155 0.0142944 -0.54913 0.495895 -0.33206 -0.589018 0.544869
5818.967619 1.21368 0.0200898 -0.559467 0.498148 -0.331905 -0.586867 0.54523
5819.000935 1.20603 0.0282592 -0.568525 0.500399 -0.328737 -0.586324 0.545671
5819.034251 1.1985 0.0376483 -0.578836 0.505681 -0.322004 -0.586722 0.544387
5819.067568 1.19147 0.0490891 -0.587662 0.512729 -0.312977 -0.587311 0.54242
5819.100884 1.18476 0.0608047 -0.59657 0.518136 -0.302754 -0.590674 0.539426
5819.134350 1.17887 0.0728818 -0.605069 0.52273 -0.294425 -0.594565 0.535313
5819.167667 1.17396 0.0835379 -0.613244 0.526808 -0.288225 -0.595821 0.533289
5819.200983 1.16893 0.0945635 -0.622797 0.528152 -0.283444 -0.596816 0.53341
5819.234299 1.16411 0.106613 -0.63253 0.530503 -0.276843 -0.596757 0.534608
5819.267616 1.15968 0.117728 -0.642478 0.533098 -0.269431 -0.595418 0.5373
5819.300932 1.15459 0.130697 -0.652998 0.533139 -0.261231 -0.596222 0.540407
5819.334248 1.14945 0.143608 -0.663902 0.532868 -0.251694 -0.599646 0.541411
5819.367565 1.14443 0.157239 -0.675348 0.535249 -0.242872 -0.603093 0.53926
5819.400882 1.13891 0.172098 -0.686376 0.53896 -0.232718 -0.603559 0.539519
5819.434197 1.1326 0.185454 -0.700341 0.541096 -0.222387 -0.601586 0.543925
5819.467664 1.12602 0.198712 -0.71376 0.541431 -0.21227 -0.600494 0.548818
5819.500980 1.11938 0.212959 -0.72746 0.54213 -0.201932 -0.599142 0.553487
5819.534296 1.11289 0.226111 -0.741941 0.54307 -0.19213 -0.598968 0.556236
5819.567613 1.10645 0.239253 -0.756512 0.542835 -0.183144 -0.600972 0.557334
5819.600929 1.09981 0.25267 -0.771433 0.542247 -0.174189 -0.603272 0.558291
5819.634245 1.09292 0.265891 -0.787107 0.541552 -0.165095 -0.604595 0.560295
5819.667562 1.08476 0.280101 -0.805173 0.541201 -0.156026 -0.604411 0.563423
5819.700878 1.07667 0.292399 -0.821693 0.540919 -0.145455 -0.604813 0.566084
5819.734194 1.06807 0.305983 -0.838161 0.542622 -0.13435 -0.605428 0.566541
5819.767511 1.0602 0.31821 -0.854658 0.544849 -0.123697 -0.606005 0.566212
5819.800827 1.05212 0.328558 -0.871643 0.543651 -0.115576 -0.606447 0.568602
5819.834293 1.04367 0.338318 -0.887797 0.539618 -0.10934 -0.606928 0.573146
5819.867610 1.03548 0.346301 -0.904593 0.536186 -0.103153 -0.606615 0.577826
5819.900926 1.02676 0.354805 -0.92149 0.532028 -0.098218 -0.606467 0.582665
5819.934242 1.01762 0.363939 -0.939155 0.529968 -0.0931945 -0.606162 0.585676
5819.967559 1.00944 0.372012 -0.955662 0.530661 -0.0844658 -0.605301 0.587261
5820.000875 1.00086 0.379565 -0.972959 0.528949 -0.0771524 -0.606285 0.588794
5820.034191 0.992442 0.386896 -0.990278 0.522545 -0.0747918 -0.610693 0.59026
5820.067508 0.984639 0.393299 -1.00704 0.515619 -0.0722347 -0.61604 0.591112
5820.100824 0.97664 0.400547 -1.02385 0.510424 -0.0667194 -0.62044 0.591667
5820.134140 0.968211 0.408236 -1.04026 0.506826 -0.0610511 -0.623731 0.591912
5820.167607 0.958912 0.416558 -1.05665 0.504709 -0.055589 -0.624983 0.592938
5820.200923 0.949018 0.424886 -1.07189 0.503182 -0.0473592 -0.624308 0.595655
5820.234239 0.938295 0.432753 -1.08631 0.500461 -0.0379336 -0.624713 0.598192
5820.267557 0.926984 0.440712 -1.1001 0.497355 -0.0287764 -0.626759 0.599152
5820.300872 0.915511 0.447331 -1.11319 0.493529 -0.0191033 -0.629121 0.600226
5820.334188 0.904188 0.454154 -1.12493 0.487614 -0.00986939 -0.63207 0.602181
5820.367505 0.892946 0.459476 -1.13613 0.481001 0.00068269 -0.635759 0.603695
5820.400821 0.881953 0.464656 -1.14599 0.474203 0.012573 -0.641036 0.603362
5820.434137 0.871364 0.469708 -1.15511 0.467667 0.0236663 -0.646652 0.602137
5820.467454 0.859628 0.47539 -1.1645 0.46291 0.0333459 -0.650987 0.600681
5820.500770 0.84711 0.480678 -1.17349 0.458301 0.0431778 -0.654895 0.59934
5820.534236 0.83458 0.485317 -1.1817 0.453001 0.053578 -0.658584 0.598487
5820.567553 0.820768 0.490076 -1.19007 0.447373 0.0619052 -0.662883 0.59717
5820.600869 0.807187 0.494548 -1.19766 0.441561 0.0691337 -0.66782 0.595197
5820.634185 0.793807 0.498783 -1.20485 0.437143 0.0760567 -0.671285 0.593716
5820.667502 0.779738 0.502861 -1.21207 0.433077 0.0821311 -0.673945 0.592872
5820.700818 0.766229 0.50645 -1.21873 0.428313 0.0880631 -0.676598 0.592459
5820.734134 0.752316 0.509697 -1.2255 0.423449 0.0927479 -0.679093 0.592386
5820.767451 0.73733 0.513205 -1.23213 0.418672 0.0973972 -0.681298 0.592503
5820.800767 0.722449 0.516342 -1.23849 0.413127 0.101854 -0.683923 0.592622
5820.834083 0.706597 0.519254 -1.24507 0.407241 0.103729 -0.686961 0.592857
5820.867550 0.690207 0.522581 -1.25065 0.403433 0.106289 -0.688863 0.592801
5820.900866 0.672007 0.526424 -1.25621 0.40145 0.11127 -0.688748 0.593366
5820.934182 0.651798 0.530122 -1.26172 0.397373 0.117388 -0.688375 0.595361
5820.967499 0.631392 0.533091 -1.26632 0.391265 0.122725 -0.689383 0.597162
5821.000815 0.609416 0.536439 -1.2708 0.38521 0.128469 -0.691454 0.597496
5821.034131 0.587353 0.539499 -1.27426 0.37816 0.134971 -0.694844 0.596632
5821.067448 0.564339 0.542649 -1.27808 0.371982 0.141891 -0.698423 0.594728
5821.100764 0.541629 0.544846 -1.28247 0.36545 0.146685 -0.700925 0.594671
5821.134080 0.518039 0.546992 -1.28769 0.358363 0.148497 -0.702288 0.596922
5821.167397 0.496016 0.548667 -1.29317 0.352452 0.149897 -0.701939 0.600492
5821.200863 0.474409 0.550187 -1.29833 0.348892 0.152847 -0.699022 0.605211
5821.234179 0.453 0.552292 -1.30285 0.346933 0.156267 -0.69511 0.609951
5821.267496 0.431213 0.554908 -1.30696 0.346333 0.159727 -0.692147 0.612759
5821.300812 0.411614 0.556543 -1.31088 0.344781 0.161108 -0.691147 0.614398
5821.334128 0.392819 0.557574 -1.31478 0.343016 0.15898 -0.689897 0.617339
5821.367445 0.375937 0.558032 -1.31787 0.339924 0.157422 -0.688243 0.621282
5821.400761 0.359789 0.558637 -1.32019 0.336365 0.156735 -0.68815 0.623492
5821.434077 0.345951 0.559173 -1.32229 0.334485 0.155928 -0.689678 0.623018
5821.467394 0.334477 0.5593 -1.32478 0.334946 0.152688 -0.690755 0.622379
5821.500710 0.325362 0.55941 -1.32661 0.337748 0.150975 -0.690616 0.621436
5821.534026 0.319185 0.558491 -1.32854 0.342145 0.15088 -0.689965 0.619775
5821.567493 0.314634 0.556557 -1.33122 0.345181 0.149034 -0.689274 0.619306
5821.600809 0.313701 0.552174 -1.33522 0.343372 0.143209 -0.690086 0.620781
5821.634125 0.314893 0.54701 -1.33997 0.339329 0.134078 -0.693936 0.620751
5821.667442 0.319476 0.540421 -1.34562 0.335561 0.123695 -0.698418 0.619928
5821.700758 0.325663 0.533892 -1.35142 0.334283 0.112431 -0.700505 0.620408
5821.734074 0.334318 0.526643 -1.35761 0.336746 0.100807 -0.699517 0.622187
5821.767391 0.344542 0.519308 -1.36442 0.339735 0.0887032 -0.697839 0.624286
5821.800707 0.354916 0.512028 -1.37181 0.341853 0.075572 -0.697981 0.624698
5821.834024 0.367206 0.503115 -1.37952 0.342718 0.061107 -0.699703 0.62388
5821.867340 0.379483 0.494072 -1.38757 0.342239 0.0445472 -0.701656 0.623351
5821.900806 0.393602 0.483212 -1.39539 0.342486 0.0275736 -0.702395 0.623366
5821.934122 0.409046 0.47182 -1.40308 0.344623 0.0102517 -0.701672 0.623528
5821.967439 0.424994 0.460695 -1.41039 0.347156 -0.00773655 -0.699863 0.624192
5822.000755 0.440772 0.449106 -1.41806 0.350493 -0.0259738 -0.69715 0.62487
5822.034071 0.456913 0.437166 -1.42553 0.355136 -0.0418047 -0.692937 0.626075
5822.067388 0.47306 0.424918 -1.43268 0.357999 -0.0570376 -0.688986 0.6276
5822.100704 0.489956 0.412243 -1.43953 0.361021 -0.0723886 -0.685571 0.628026
5822.134020 0.505722 0.400537 -1.44643 0.366346 -0.0850469 -0.682794 0.626378
5822.167337 0.519167 0.389483 -1.45344 0.368703 -0.0981057 -0.682206 0.623721
5822.200653 0.534296 0.377635 -1.45936 0.36979 -0.111339 -0.682985 0.619993
5822.233969 0.54844 0.366454 -1.46601 0.373844 -0.123756 -0.683672 0.614425
5822.267436 0.563308 0.355354 -1.47212 0.379914 -0.131556 -0.683037 0.60977
5822.300752 0.57811 0.343986 -1.47809 0.38687 -0.137908 -0.679348 0.608111
5822.334068 0.59198 0.333249 -1.48596 0.392103 -0.146944 -0.672788 0.609934
5822.367385 0.604871 0.322732 -1.49583 0.39316 -0.157323 -0.6665 0.613557
5822.400701 0.617173 0.312058 -1.50485 0.39204 -0.165688 -0.662171 0.616751
5822.434018 0.629363 0.301678 -1.51102 0.390268 -0.171816 -0.660333 0.618167
5822.467334 0.640342 0.292471 -1.51774 0.388316 -0.176295 -0.661561 0.616821
5822.500650 0.65176 0.281857 -1.52179 0.386162 -0.181848 -0.664472 0.613422
5822.533966 0.663023 0.270775 -1.52475 0.385673 -0.188544 -0.667013 0.608935
5822.567283 0.673568 0.260839 -1.52767 0.386603 -0.194304 -0.668132 0.605296
5822.600749 0.682795 0.253307 -1.5338 0.389955 -0.201113 -0.668179 0.600854
5822.634065 0.692042 0.245589 -1.53877 0.396418 -0.208766 -0.666229 0.596162
5822.667382 0.700956 0.238489 -1.5442 0.406288 -0.214337 -0.661235 0.593092
5822.700698 0.709841 0.233062 -1.54837 0.414133 -0.216276 -0.656453 0.592274
5822.734014 0.717555 0.227488 -1.55337 0.419926 -0.2158 -0.653295 0.59186
5822.767331 0.724878 0.221456 -1.55883 0.424609 -0.214419 -0.651951 0.590501
5822.800647 0.731693 0.215217 -1.56436 0.42913 -0.214485 -0.652647 0.586426
5822.833963 0.738981 0.208082 -1.56971 0.434532 -0.217128 -0.654095 0.579824
5822.867280 0.746713 0.201117 -1.57554 0.439132 -0.223897 -0.655334 0.572338
5822.900596 0.753835 0.193963 -1.58529 0.442141 -0.234388 -0.656189 0.564791
5822.933912 0.762838 0.186388 -1.59207 0.44521 -0.243865 -0.654703 0.560073
5822.967379 0.77136 0.178458 -1.60009 0.450055 -0.251107 -0.649577 0.558968
5823.000695 0.779393 0.170505 -1.60767 0.455366 -0.255747 -0.641886 0.561443
5823.034011 0.786614 0.162804 -1.61873 0.458227 -0.261409 -0.635134 0.564178
5823.067328 0.794825 0.154142 -1.62816 0.459539 -0.269776 -0.628832 0.56623
5823.100644 0.802342 0.144408 -1.63819 0.461693 -0.278738 -0.625487 0.563835
5823.133960 0.809177 0.139281 -1.64859 0.462736 -0.287209 -0.626178 0.557931
5823.167277 0.814281 0.130847 -1.66021 0.46431 -0.293333 -0.629991 0.549075
5823.200593 0.820329 0.121912 -1.66908 0.465631 -0.297699 -0.633163 0.541912
5823.233909 0.824587 0.113005 -1.68101 0.469239 -0.299585 -0.634892 0.535702
5823.267226 0.828888 0.106387 -1.69092 0.474925 -0.29834 -0.634817 0.531458
5823.300692 0.833274 0.101978 -1.69985 0.481278 -0.29604 -0.633274 0.528863
5823.334008 0.837859 0.0962377 -1.7089 0.48826 -0.296225 -0.628713 0.5278
5823.367325 0.842153 0.0889315 -1.71783 0.492366 -0.298874 -0.623697 0.528443
5823.400641 0.845781 0.078275 -1.72555 0.490828 -0.304398 -0.62307 0.52746
5823.433958 0.849164 0.069174 -1.73371 0.486694 -0.313157 -0.625427 0.523357
5823.467274 0.853163 0.0630038 -1.74089 0.482728 -0.322758 -0.626686 0.519678
5823.600539 0.882732 0.0434556 -1.76124 0.487253 -0.344916 -0.612027 0.51869
5823.900536 0.975788 0.0544399 -1.77975 0.493556 -0.33788 -0.62814 0.497674
5823.967169 1.00215 0.061077 -1.7682 0.49565 -0.339374 -0.623941 0.499854
5824.000635 1.01623 0.0657257 -1.76207 0.498875 -0.338791 -0.619719 0.502288
5824.167217 1.09357 0.0996613 -1.70839 0.520454 -0.332041 -0.593605 0.516247
5824.200533 1.11033 0.11143 -1.6915 0.525025 -0.330432 -0.590199 0.516555
5824.300482 1.15856 0.131802 -1.63952 0.536377 -0.330993 -0.577962 0.518366
5824.367265 1.18773 0.151368 -1.60329 0.548657 -0.329941 -0.561811 0.523911
5824.400581 1.20153 0.157289 -1.58439 0.553839 -0.334368 -0.550429 0.52772
5824.433897 1.21473 0.162596 -1.56636 0.558268 -0.338648 -0.539475 0.531622
5824.467214 1.22701 0.166961 -1.54568 0.561867 -0.342507 -0.529515 0.535358
5824.500530 1.23875 0.170258 -1.52656 0.565493 -0.347313 -0.51967 0.538085
5824.533846 1.24934 0.17451 -1.50651 0.570653 -0.349676 -0.511319 0.539105
5824.567163 1.25837 0.178752 -1.48836 0.576432 -0.351082 -0.505292 0.537725
5824.600479 1.26677 0.18078 -1.47222 0.582484 -0.354235 -0.500481 0.533619
5824.633795 1.27332 0.185573 -1.45405 0.587953 -0.356688 -0.496976 0.529245
5824.667112 1.27869 0.188619 -1.43709 0.592852 -0.358455 -0.49393 0.525424
5824.700578 1.28315 0.191244 -1.41988 0.597818 -0.359507 -0.490234 0.522532
5824.733894 1.28659 0.193559 -1.40289 0.602355 -0.360225 -0.486496 0.520315
5824.767211 1.28951 0.194712 -1.38537 0.606156 -0.363173 -0.482152 0.517889
5824.800527 1.29209 0.194489 -1.36635 0.609519 -0.368915 -0.477181 0.514477
5824.833843 1.29356 0.196022 -1.34609 0.612524 -0.376691 -0.470574 0.51135
5824.867160 1.29455 0.197795 -1.32564 0.617378 -0.381796 -0.463072 0.508568
5824.900476 1.29508 0.198485 -1.30541 0.622362 -0.387931 -0.456034 0.504191
5824.933792 1.29488 0.197964 -1.2837 0.62551 -0.396828 -0.45031 0.498484
5824.967109 1.29364 0.19783 -1.26194 0.629483 -0.405426 -0.44346 0.492671
5825.000425 1.29174 0.198302 -1.24081 0.634172 -0.413647 -0.434223 0.488029
5825.033893 1.28928 0.199392 -1.22119 0.639567 -0.421997 -0.421942 0.484601
5825.067211 1.28623 0.199764 -1.2018 0.64434 -0.431098 -0.408147 0.482075
5825.100529 1.28247 0.198866 -1.18215 0.648229 -0.442036 -0.395005 0.477885
5825.133847 1.2782 0.197278 -1.1606 0.65191 -0.453504 -0.383175 0.471725
5825.167165 1.27394 0.19335 -1.14148 0.656629 -0.463958 -0.36999 0.465499
5825.200483 1.26847 0.190444 -1.12208 0.661365 -0.475098 -0.35766 0.457118
5825.233801 1.26214 0.189229 -1.10461 0.666626 -0.486694 -0.346406 0.445804
5825.267119 1.25649 0.18389 -1.08747 0.673519 -0.495403 -0.334565 0.434758
5825.300437 1.25069 0.176769 -1.06953 0.681565 -0.503136 -0.324511 0.420732
5825.333755 1.24581 0.167417 -1.05323 0.691364 -0.509844 -0.316572 0.402315
5825.367073 1.23946 0.158384 -1.03832 0.70002 -0.515817 -0.312088 0.382762
5825.400542 1.23302 0.141608 -1.02361 0.705476 -0.522716 -0.309132 0.365389
5825.433860 1.2237 0.126986 -1.00691 0.706383 -0.533088 -0.307054 0.350082
5825.467178 1.21467 0.113547 -0.996558 0.706577 -0.544268 -0.304216 0.334624
5825.500496 1.20461 0.100578 -0.990637 0.707664 -0.553978 -0.301391 0.318564
5825.533814 1.19241 0.0829885 -0.977628 0.709674 -0.561543 -0.298565 0.303136
5825.567132 1.17826 0.0631474 -0.957142 0.710536 -0.569409 -0.298219 0.286317
5825.600450 1.16437 0.0417215 -0.942117 0.709749 -0.578056 -0.297735 0.271039
5825.633768 1.14932 0.024968 -0.925841 0.706827 -0.587581 -0.296159 0.25968
5825.667086 1.13408 0.00887379 -0.911123 0.702962 -0.597495 -0.292506 0.251563
5825.700404 1.12 -0.00624677 -0.899683 0.700076 -0.60595 -0.288933 0.243382
5825.733872 1.10461 -0.0224709 -0.88521 0.697952 -0.614435 -0.285098 0.23249
5825.767190 1.0887 -0.0367451 -0.870541 0.696124 -0.623696 -0.280579 0.218382
5825.800508 1.07236 -0.048715 -0.856585 0.69384 -0.63186 -0.27736 0.205937
5825.833826 1.05581 -0.0588969 -0.842081 0.691583 -0.63917 -0.274229 0.194865
5825.867145 1.04037 -0.0657281 -0.825353 0.691369 -0.64636 -0.267611 0.180588
5825.900463 1.02462 -0.0717268 -0.807904 0.692305 -0.653257 -0.256917 0.167222
5825.933781 1.0093 -0.0745999 -0.791115 0.692222 -0.659931 -0.243981 0.160603
5825.967099 0.996753 -0.0735865 -0.775213 0.692612 -0.663683 -0.2338 0.158589
5826.000417 0.984596 -0.0702355 -0.758905 0.693431 -0.665317 -0.228411 0.155999
5826.033733 0.974269 -0.0659503 -0.742245 0.695255 -0.666587 -0.220316 0.154085
5826.067050 0.96657 -0.062358 -0.72623 0.696542 -0.669043 -0.206709 0.156467
5826.100516 0.959482 -0.0573047 -0.709364 0.695876 -0.67237 -0.193169 0.162358
5826.133832 0.953619 -0.0549557 -0.694609 0.694205 -0.67574 -0.18268 0.167579
5826.167149 0.948357 -0.0501216 -0.677579 0.690969 -0.681429 -0.172557 0.168646
5826.200465 0.949043 -0.051156 -0.665363 0.690048 -0.685845 -0.160053 0.166833
5826.233781 0.9363 -0.0435438 -0.642809 0.692528 -0.684709 -0.151273 0.169397
5826.267098 0.929019 -0.0411995 -0.6252 0.698627 -0.679797 -0.141403 0.172632
5826.300414 0.917757 -0.0386711 -0.604442 0.701352 -0.679305 -0.134131 0.169289
5826.333730 0.906106 -0.0396981 -0.585119 0.700513 -0.682345 -0.125869 0.166864
5826.367047 0.896495 -0.038062 -0.568071 0.70168 -0.681023 -0.117511 0.17333
5826.400363 0.885087 -0.0330536 -0.548035 0.701701 -0.680546 -0.108451 0.180863
5826.433829 0.875471 -0.0308707 -0.5293 0.699093 -0.684306 -0.0971051 0.183207
5826.467146 0.863978 -0.0279531 -0.510279 0.697383 -0.686463 -0.0886813 0.185908
5826.500464 0.852001 -0.0253876 -0.491165 0.695724 -0.688484 -0.0811297 0.188083
5826.533778 0.840943 -0.0217427 -0.472676 0.69364 -0.691205 -0.0712644 0.189788
5826.567095 0.834234 -0.0172063 -0.457698 0.693039 -0.691544 -0.0619034 0.193987
5826.600411 0.826961 -0.0131853 -0.443267 0.693125 -0.690939 -0.0568322 0.197361
5826.633727 0.819529 -0.0098658 -0.428681 0.693274 -0.69101 -0.0517845 0.197979
5826.667044 0.816022 -0.00636122 -0.415212 0.693729 -0.690459 -0.0452989 0.199886
5826.700360 0.811922 -0.00190132 -0.403337 0.694468 -0.689052 -0.040211 0.203237
5826.733676 0.809443 0.00256776 -0.391478 0.695521 -0.688144 -0.0360986 0.203483
5826.766993 0.806916 0.00528923 -0.379525 0.698129 -0.685868 -0.0314549 0.203006
5826.800459 0.805198 0.00927548 -0.368464 0.701354 -0.682318 -0.026539 0.204549
5826.833775 0.80196 0.0134822 -0.354743 0.703168 -0.680503 -0.0220862 0.204896
5826.867092 0.795548 0.0163412 -0.340514 0.703008 -0.681241 -0.0163745 0.203526
5826.900408 0.789098 0.0162811 -0.32371 0.700617 -0.68467 -0.00987054 0.200662
5826.933724 0.779823 0.0152409 -0.305846 0.697242 -0.689216 -0.00272393 0.197048
5826.967041 0.771496 0.0128599 -0.28692 0.693802 -0.693766 0.00635326 0.193095
5827.000357 0.763208 0.00858239 -0.267133 0.690885 -0.697867 0.0154947 0.188199
5827.033673 0.754387 0.00326865 -0.245832 0.689887 -0.700779 0.0220877 0.180214
5827.066992 0.747604 -0.00425491 -0.224066 0.690722 -0.702248 0.0274886 0.170282
5827.100306 0.742428 -0.0139983 -0.201221 0.691441 -0.703757 0.0334973 0.159729
5827.133772 0.739478 -0.025159 -0.179343 0.691596 -0.705333 0.0383034 0.150775
5827.167089 0.736183 -0.0370723 -0.157551 0.691468 -0.707269 0.0404733 0.141441
5827.200405 0.729773 -0.0505797 -0.135788 0.690913 -0.709667 0.0428975 0.131038
5827.233721 0.723571 -0.0640585 -0.114739 0.689892 -0.712058 0.0461599 0.122031
5827.267038 0.721201 -0.0800115 -0.0938087 0.689319 -0.713629 0.0501214 0.114289
5827.300354 0.71816 -0.100258 -0.0725453 0.689293 -0.714818 0.0534201 0.105152
5827.333670 0.714522 -0.12 -0.0515304 0.689067 -0.716425 0.0562608 0.0935796
5827.366987 0.70798 -0.143058 -0.0311394 0.689176 -0.717405 0.058354 0.0834344
5827.400303 0.705906 -0.168753 -0.0106652 0.688883 -0.718597 0.0610848 0.0729895
5827.433619 0.704097 -0.193497 0.00866678 0.688321 -0.720176 0.0622583 0.060703
5827.467086 0.694522 -0.222503 0.0265313 0.687228 -0.722023 0.0629157 0.049411
5827.500402 0.683906 -0.250964 0.042103 0.684065 -0.725571 0.0633735 0.0398208
5827.533718 0.672874 -0.277189 0.0555873 0.681276 -0.728582 0.0630611 0.0324695
5827.567035 0.663184 -0.303838 0.0680114 0.680457 -0.730051 0.0590354 0.0227959
5827.600351 0.654953 -0.328518 0.0792943 0.681229 -0.730283 0.0503267 0.00897706
5827.633667 0.646543 -0.350046 0.0901435 -0.682787 0.729496 -0.0401483 0.00502544
5827.666984 0.640112 -0.368681 0.101047 -0.684335 0.72827 -0.032429 0.0160213
5827.700300 0.625722 -0.385991 0.111905 -0.684957 0.727666 -0.0291528 0.0220582
5827.733616 0.620197 -0.40182 0.124231 -0.684022 0.728321 -0.0282372 0.0294144
5827.766933 0.610327 -0.415088 0.136744 -0.682789 0.729186 -0.0257415 0.0377498
5827.800249 0.604694 -0.425577 0.150206 -0.682399 0.729261 -0.0242961 0.0438097
5827.833715 0.599044 -0.431627 0.16402 -0.682517 0.729036 -0.0230195 0.046325
5827.867032 0.594245 -0.433468 0.178898 -0.681594 0.729902 -0.0223545 0.0466019
5827.900348 0.596171 -0.432352 0.195828 -0.680088 0.731423 -0.0245607 0.0435635
5827.933664 0.594327 -0.43137 0.212741 -0.678952 0.73268 -0.0261756 0.0389771
5827.966981 0.600247 -0.427972 0.230168 -0.678229 0.733486 -0.0257079 0.03665
5828.000297 0.604677 -0.422763 0.247814 -0.675808 0.736001 -0.0232084 0.0323659
5828.033613 0.614842 -0.416876 0.266147 -0.673772 0.738313 -0.0204993 0.0224574
5828.066930 0.627421 -0.410068 0.285215 -0.673286 0.739022 -0.0198944 0.0116747
5828.100246 0.637849 -0.405451 0.304985 -0.671855 0.74046 -0.0174473 0.00508088
5828.133562 0.645192 -0.401721 0.324138 0.672078 -0.740358 0.0129484 0.00381742
5828.167029 0.658731 -0.395924 0.343344 0.671378 -0.740913 0.0105869 0.013681
5828.200345 0.668032 -0.396601 0.362902 0.666169 -0.745435 0.00856582 0.0217299
5828.233661 0.675361 -0.395554 0.381793 0.664939 -0.746038 0.00442876 0.0355404
5828.266978 0.686559 -0.394484 0.400881 0.667456 -0.743141 0.000693307 0.0473736
5828.300294 0.693655 -0.394721 0.421216 0.669779 -0.7407 -0.00376243 0.0524024
5828.333610 0.701029 -0.394625 0.440656 0.673833 -0.736539 -0.00910032 0.0581056
5828.366927 0.70709 -0.397053 0.459987 0.678076 -0.731946 -0.0160607 0.0648871
5828.400243 0.713965 -0.401728 0.478885 0.681292 -0.728391 -0.0249953 0.068295
5828.433559 0.719944 -0.409611 0.497094 0.684334 -0.724855 -0.0362565 0.070411
5828.466876 0.724785 -0.418033 0.514498 0.686854 -0.72151 -0.0482535 0.0729904
5828.500192 0.728681 -0.428519 0.530553 0.688711 -0.718555 -0.0584952 0.0770358
5828.533658 0.734312 -0.439464 0.545111 0.689717 -0.716289 -0.0663738 0.0825521
5828.566975 0.743531 -0.448338 0.558272 0.690807 -0.713766 -0.0761141 0.0867747
5828.600291 0.754697 -0.456628 0.569521 0.693605 -0.709136 -0.0906914 0.0883887
5828.633607 0.766781 -0.463786 0.579323 0.69679 -0.703659 -0.108454 0.0870956
5828.666924 0.782286 -0.469444 0.587939 0.699856 -0.698051 -0.126512 0.08319
5828.700240 0.800089 -0.476567 0.594593 0.701671 -0.693814 -0.141804 0.0785529
5828.733556 0.823799 -0.479183 0.599964 0.701351 -0.692287 -0.152582 0.0745878
5828.766873 0.844117 -0.486007 0.605776 0.698234 -0.693186 -0.163111 0.0731939
5828.800189 0.861682 -0.491174 0.612807 0.693249 -0.695621 -0.173604 0.0733387
5828.833505 0.876787 -0.500341 0.619537 0.690299 -0.695901 -0.183826 0.0736061
5828.866972 0.890591 -0.508501 0.625813 0.688346 -0.69472 -0.195509 0.0729375
5828.900288 0.904463 -0.519786 0.630245 0.687819 -0.692031 -0.207076 0.0715391
5828.933604 0.917607 -0.532013 0.63368 0.686207 -0.689771 -0.220082 0.0700043
5828.966921 0.931891 -0.544113 0.635116 0.68443 -0.687081 -0.233992 0.0687226
5829.000237 0.946811 -0.558319 0.636165 0.682145 -0.68517 -0.245895 0.0689687
5829.033553 0.962892 -0.567615 0.638801 0.681832 -0.681866 -0.255234 0.0708539
5829.066870 0.978435 -0.575498 0.643485 0.683023 -0.677465 -0.26307 0.0729038
5829.100186 0.993606 -0.582655 0.649371 0.683948 -0.673784 -0.270074 0.0727378
5829.133502 1.00917 -0.589012 0.655967 0.682462 -0.672476 -0.277052 0.0725513
5829.166819 1.0257 -0.594088 0.660389 0.679938 -0.671319 -0.285413 0.0745288
5829.200135 1.04381 -0.59492 0.664037 0.677152 -0.669594 -0.294974 0.0781005
5829.233601 1.06225 -0.591797 0.669052 0.675905 -0.667132 -0.301856 0.0834856
5829.266918 1.08107 -0.587862 0.674307 0.677188 -0.663831 -0.304037 0.0911437
5829.300234 1.10133 -0.578068 0.680034 0.679874 -0.66023 -0.302963 0.100404
5829.333550 1.12042 -0.57073 0.684328 0.682298 -0.657833 -0.298499 0.112356
5829.366867 1.13968 -0.558507 0.688279 0.683321 -0.655907 -0.294296 0.127467
5829.400183 1.15864 -0.545649 0.689165 0.684495 -0.650827 -0.295376 0.143683
5829.433499 1.17751 -0.534933 0.690717 0.686582 -0.644266 -0.300417 0.152569
5829.466816 1.19531 -0.525438 0.694483 0.68789 -0.639952 -0.304417 0.156841
5829.500132 1.21016 -0.515589 0.700484 0.688646 -0.63581 -0.307349 0.164463
5829.533448 1.22419 -0.50264 0.706354 0.688646 -0.63193 -0.309518 0.175015
5829.566915 1.23627 -0.491422 0.711638 0.687635 -0.629086 -0.31049 0.187097
5829.600231 1.24732 -0.481935 0.715952 0.686879 -0.625664 -0.310363 0.20104
5829.633547 1.25766 -0.47428 0.71856 0.686567 -0.620584 -0.311688 0.215294
5829.666864 1.26781 -0.465751 0.720648 0.686599 -0.614732 -0.314262 0.227874
5829.700180 1.27805 -0.457089 0.722216 0.686852 -0.608093 -0.316477 0.241453
5829.733496 1.28773 -0.448545 0.723549 0.687046 -0.599639 -0.320538 0.256235
5829.766813 1.29705 -0.440855 0.724421 0.687523 -0.591221 -0.325107 0.26847
5829.800129 1.30522 -0.433316 0.726218 0.686552 -0.584176 -0.330029 0.280118
5829.833445 1.31358 -0.425125 0.726268 0.685817 -0.57536 -0.33575 0.293067
5829.866762 1.32073 -0.415696 0.72757 0.686698 -0.565107 -0.340311 0.30543
5829.900078 1.32676 -0.407517 0.728944 0.687516 -0.556492 -0.3431 0.316102
5829.933544 1.33119 -0.4018 0.730643 0.686021 -0.550092 -0.34461 0.328661
5829.966861 1.33508 -0.392861 0.73115 0.684211 -0.543244 -0.347979 0.340076
5830.000177 1.33765 -0.386351 0.731307 0.683714 -0.532915 -0.35237 0.352664
5830.033493 1.33977 -0.379618 0.730566 0.683177 -0.523037 -0.35821 0.362474
5830.066810 1.34096 -0.373954 0.730254 0.680842 -0.515959 -0.363388 0.371739
5830.100126 1.34192 -0.369001 0.729211 0.678182 -0.50874 -0.368092 0.381786
5830.133442 1.34265 -0.364906 0.726947 0.675287 -0.500983 -0.374066 0.391253
5830.166759 1.34373 -0.361046 0.722612 0.671718 -0.49506 -0.380845 0.398331
5830.200077 1.34475 -0.358613 0.718194 0.667885 -0.489541 -0.385921 0.406625
5830.233391 1.34563 -0.35598 0.71363 0.664539 -0.482736 -0.390343 0.415916
5830.266858 1.34629 -0.352511 0.707756 0.660704 -0.475903 -0.397387 0.423166
5830.300174 1.34581 -0.348472 0.701319 0.656018 -0.46958 -0.406146 0.429162
5830.333490 1.34491 -0.344493 0.693286 0.651781 -0.461816 -0.414464 0.436036
5830.366807 1.34363 -0.339804 0.682802 0.647577 -0.452448 -0.423249 0.443615
5830.400123 1.34111 -0.333575 0.672275 0.641972 -0.443078 -0.434277 0.450508
5830.433439 1.33809 -0.325583 0.659358 0.63544 -0.434192 -0.446669 0.456267
5830.466756 1.33528 -0.319691 0.644233 0.630429 -0.422655 -0.458132 0.462641
5830.500072 1.33249 -0.312773 0.629232 0.626005 -0.409883 -0.470848 0.46735
5830.533388 1.32958 -0.306385 0.61171 0.619356 -0.400516 -0.484442 0.470426
5830.566705 1.32649 -0.299425 0.59581 0.611469 -0.39278 -0.497101 0.474046
5830.600171 1.32352 -0.294735 0.583012 0.603897 -0.38568 -0.505541 0.480612
5830.633487 1.32045 -0.290592 0.566515 0.59717 -0.379669 -0.510556 0.488438
5830.666804 1.31681 -0.287236 0.544895 0.591049 -0.373678 -0.514353 0.496455
5830.700120 1.31149 -0.284447 0.520038 0.584397 -0.366744 -0.519478 0.504105
5830.733436 1.30535 -0.281918 0.490814 0.577189 -0.358821 -0.528127 0.509099
5830.766753 1.29921 -0.277312 0.460901 0.569597 -0.351164 -0.538626 0.511982
5830.800069 1.29305 -0.272298 0.434952 0.562403 -0.343495 -0.549165 0.513937
5830.833385 1.28732 -0.267052 0.410368 0.556222 -0.335487 -0.557505 0.516966
5830.866702 1.2822 -0.261492 0.38607 0.551784 -0.327941 -0.562134 0.52153
5830.900018 1.27707 -0.255909 0.360617 0.543641 -0.324142 -0.566865 0.527305
5830.966801 1.26769 -0.240846 0.310399 0.532144 -0.312524 -0.575585 0.53652
5831.000117 1.26351 -0.232126 0.284465 0.53103 -0.304051 -0.57772 0.540185
5831.033433 1.25922 -0.223715 0.26072 0.528192 -0.295628 -0.581413 0.54367
5831.066750 1.25458 -0.216283 0.236593 0.523021 -0.288324 -0.586574 0.547037
5831.100066 1.24948 -0.208692 0.212948 0.517194 -0.281567 -0.592153 0.550078
5831.133382 1.24437 -0.199332 0.190052 0.512584 -0.275857 -0.597599 0.551394
5831.166699 1.24011 -0.187523 0.169797 0.509768 -0.270892 -0.603883 0.549618
5831.200015 1.23708 -0.175488 0.150332 0.511157 -0.264766 -0.607764 0.547029
5831.233331 1.23364 -0.161917 0.131744 0.51403 -0.258358 -0.607065 0.548175
5831.266648 1.22962 -0.149145 0.11343 0.515985 -0.251611 -0.603681 0.553191
5831.300114 1.22581 -0.136723 0.0952688 0.517314 -0.246164 -0.599297 0.559136
5831.333430 1.22184 -0.124182 0.0773606 0.518924 -0.240781 -0.59563 0.563886
5831.366747 1.21825 -0.111234 0.0608138 0.519926 -0.234995 -0.594376 0.566719
5831.400063 1.21511 -0.0973982 0.0462654 0.521737 -0.230081 -0.593915 0.567555
5831.433379 1.21343 -0.0838322 0.0337236 0.526559 -0.225514 -0.589175 0.56987
5831.466696 1.21231 -0.0707881 0.0220124 0.533963 -0.219722 -0.581341 0.573278
5831.500012 1.21306 -0.0603443 0.0127446 0.542053 -0.214969 -0.572938 0.575941
5831.533328 1.21451 -0.0501478 0.0055554 0.549071 -0.212962 -0.566947 0.575968
5831.566645 1.21683 -0.0407537 0.000743717 0.555368 -0.212194 -0.563064 0.574019
5831.599961 1.2197 -0.0312136 -0.00283204 0.561758 -0.211938 -0.558443 0.572409
5831.633277 1.22295 -0.0209608 -0.00533963 0.567967 -0.211843 -0.552294 0.572283
5831.666744 1.22703 -0.0106123 -0.00719181 0.575849 -0.209956 -0.544611 0.572464
5831.700060 1.23192 9.12976e-06 -0.00902127 0.585429 -0.206338 -0.536767 0.57147
5831.733376 1.23675 0.0113753 -0.0113644 0.594511 -0.200156 -0.531458 0.569251
5831.766693 1.24235 0.022269 -0.015003 0.603074 -0.194587 -0.526837 0.566463
5831.800010 1.24856 0.0330404 -0.0183886 0.610365 -0.190578 -0.521525 0.56493
5831.833325 1.2555 0.0430738 -0.0221466 0.615105 -0.18737 -0.518091 0.564021
5831.866642 1.26367 0.0523687 -0.0268777 0.618323 -0.186521 -0.515452 0.563201
5831.899958 1.27255 0.0614888 -0.0327383 0.61997 -0.186216 -0.512877 0.563843
5831.933274 1.28218 0.0707183 -0.0397654 0.62377 -0.183728 -0.507964 0.564914
5831.966591 1.29241 0.0787757 -0.0481815 0.628765 -0.180619 -0.501785 0.565901
5832.000057 1.30263 0.0852889 -0.0583761 0.632963 -0.176338 -0.496147 0.567539
5832.033373 1.31308 0.0893054 -0.0700093 0.635729 -0.172356 -0.492221 0.569087
5832.066690 1.32428 0.0902057 -0.0840351 0.635037 -0.171822 -0.491283 0.57083
5832.100006 1.33599 0.088529 -0.0996367 0.629902 -0.173824 -0.493494 0.573996
5832.133322 1.34827 0.0855031 -0.116691 0.622451 -0.176806 -0.497009 0.578167
5832.166639 1.36155 0.0816875 -0.13473 0.614891 -0.179767 -0.500786 0.582071
5832.199955 1.37492 0.0779706 -0.154653 0.607677 -0.181337 -0.505633 0.584963
5832.233271 1.38761 0.0740128 -0.175426 0.59862 -0.18155 -0.513592 0.587297
5832.266588 1.39847 0.07094 -0.196103 0.586893 -0.182107 -0.52533 0.588577
5832.299904 1.40777 0.0676705 -0.217683 0.574489 -0.182442 -0.537578 0.589649
5832.333220 1.41543 0.0631797 -0.240689 0.561527 -0.18196 -0.548384 0.592329
5832.366687 1.42173 0.0590623 -0.263571 0.548301 -0.180872 -0.557415 0.596607
5832.400003 1.42665 0.0553361 -0.286728 0.53656 -0.177041 -0.565413 0.60089
5832.433319 1.43008 0.052 -0.309286 0.524974 -0.171815 -0.574379 0.604128
5832.466636 1.43238 0.0472996 -0.331845 0.512654 -0.167533 -0.583272 0.607382
5832.499952 1.43293 0.0436431 -0.353794 0.499079 -0.165896 -0.591488 0.61118
5832.533268 1.43198 0.0398786 -0.376401 0.487353 -0.161887 -0.599252 0.614147
5832.566585 1.42964 0.0384471 -0.39754 0.476206 -0.15672 -0.608049 0.615584
5832.599901 1.42668 0.0366923 -0.417994 0.465141 -0.153111 -0.61589 0.617156
5832.633217 1.42318 0.0349182 -0.437746 0.456528 -0.148947 -0.620986 0.619494
5832.666534 1.41796 0.0337232 -0.456812 0.448405 -0.143488 -0.624395 0.623278
5832.700000 1.4113 0.0324103 -0.475619 0.43825 -0.13807 -0.629035 0.627048
5832.733316 1.40347 0.0309603 -0.494338 0.425796 -0.133716 -0.636493 0.629042
5832.766633 1.39517 0.0306587 -0.512608 0.415028 -0.128226 -0.644287 0.629447
5832.799949 1.38622 0.0319767 -0.530759 0.40742 -0.120068 -0.650596 0.629538
5832.833265 1.37721 0.034418 -0.548041 0.399525 -0.111962 -0.655715 0.630779
5832.866582 1.36769 0.0369458 -0.565005 0.392183 -0.10626 -0.659287 0.632647
5832.899898 1.35684 0.0400246 -0.582546 0.385995 -0.100902 -0.661462 0.635055
5832.933214 1.3455 0.0443561 -0.600211 0.379565 -0.0939592 -0.662994 0.638389
5832.966531 1.33386 0.051408 -0.616664 0.372321 -0.0876785 -0.664637 0.641831
5832.999847 1.32134 0.0574601 -0.635287 0.365677 -0.0815909 -0.66676 0.644247
5833.033163 1.3081 0.0634387 -0.653456 0.360193 -0.0727789 -0.669132 0.645931
5833.066630 1.29308 0.0716145 -0.670077 0.35528 -0.0614994 -0.672045 0.646799
5833.099946 1.27851 0.0796097 -0.688016 0.352895 -0.052037 -0.672111 0.648863
5833.133262 1.26218 0.0886535 -0.705704 0.348431 -0.0413001 -0.67191 0.652247
5833.166579 1.24476 0.0990373 -0.722065 0.341716 -0.0307298 -0.674049 0.654174
5833.199895 1.22544 0.110376 -0.739387 0.338054 -0.0219963 -0.675678 0.654748
5833.233211 1.20684 0.122753 -0.756427 0.337583 -0.0123349 -0.6747 0.656251
5833.266528 1.18874 0.135496 -0.773282 0.339724 0.000334927 -0.672545 0.657473
5833.299844 1.16549 0.149359 -0.791767 0.341164 0.0103126 -0.670425 0.658811
5833.333160 1.13533 0.164363 -0.810262 0.340487 0.0154611 -0.668828 0.66068
5833.366477 1.11778 0.177655 -0.825383 0.339819 0.0228135 -0.667771 0.66188
5833.399943 1.10299 0.190503 -0.8401 0.341549 0.033227 -0.665762 0.662571
5833.433259 1.08845 0.201856 -0.855454 0.343847 0.0420847 -0.662867 0.663781
5833.466576 1.07358 0.21226 -0.87105 0.345032 0.0481019 -0.660791 0.664826
5833.499892 1.05926 0.221684 -0.887276 0.345339 0.0545198 -0.660128 0.664831
5833.533208 1.04575 0.229172 -0.902591 0.342997 0.0595891 -0.659961 0.665774
5833.566525 1.03144 0.235645 -0.917673 0.3393 0.0623797 -0.65936 0.668003
5833.599841 1.01693 0.241334 -0.932469 0.334766 0.0680059 -0.658056 0.671021
5833.633157 0.999699 0.247365 -0.947133 0.329165 0.0768343 -0.658646 0.672259
5833.666474 0.982029 0.251997 -0.961605 0.32275 0.0856239 -0.662001 0.671011
5833.699790 0.962931 0.256676 -0.974795 0.315395 0.0937734 -0.66651 0.668952
5833.733256 0.940168 0.260015 -0.987754 0.306013 0.101949 -0.671302 0.667321
5833.766573 0.918921 0.260791 -1.00155 0.291806 0.11047 -0.677166 0.666402
5833.799889 0.901759 0.258437 -1.01589 0.273489 0.118249 -0.683768 0.666095
5833.833205 0.886616 0.254694 -1.03018 0.254908 0.124195 -0.689581 0.66639
5833.866522 0.878374 0.248561 -1.0451 0.237297 0.131693 -0.693605 0.667278
5833.899838 0.864585 0.243787 -1.05962 0.222732 0.138992 -0.695351 0.668998
5833.933154 0.84786 0.24023 -1.07304 0.210281 0.147463 -0.696374 0.670149
5833.966471 0.827133 0.237164 -1.08419 0.197143 0.154896 -0.697451 0.671345
5833.999787 0.804029 0.234202 -1.09416 0.18088 0.160992 -0.699104 0.672769
5834.033103 0.779275 0.233478 -1.10245 0.16483 0.166582 -0.701427 0.673113
