5650.212451 -0.00817048 0.015075 -0.0110795 0.707789 -0.706423 0.00119798 0.000383942
5650.245917 -0.00806005 0.0135839 -0.00189806 -0.708063 0.70613 -0.00106607 0.00502311
5650.279233 -0.00555544 0.0113579 0.00679538 -0.708299 0.705858 -0.00241201 0.00845939
5650.312550 -0.00291753 0.0101689 0.0147091 -0.708415 0.705721 -0.00288107 0.00984483
5650.345866 -0.000436211 0.00938883 0.0221376 -0.708825 0.705296 -0.0018348 0.0109924
5650.379182 0.00272607 0.00922939 0.0294008 -0.710033 0.704051 -0.00012054 0.0128436
5650.412499 0.00681237 0.0099214 0.0367683 -0.710892 0.703167 0.000732223 0.0137133
5650.445815 0.0113401 0.0102931 0.0442514 -0.711532 0.702553 0.000273907 0.0118999
5650.479131 0.016758 0.0116623 0.0520271 -0.712604 0.701511 -0.0021178 0.0085888
5650.512448 0.0224134 0.0129072 0.0599059 -0.713129 0.700985 -0.00549567 0.0060256
5650.545765 0.0276598 0.0153873 0.0673856 -0.713277 0.700828 -0.0079021 0.00368889
5650.579230 0.0346547 0.0187716 0.0742724 -0.713946 0.700148 -0.00853651 0.000812072
5650.612547 0.0419643 0.0225105 0.0809505 0.714076 -0.700027 0.00726058 0.00226063
5650.645863 0.0488634 0.0263598 0.0870908 0.714129 -0.699964 0.00443587 0.00702135
5650.679179 0.0571825 0.0308817 0.0926875 0.714221 -0.699811 -0.000222244 0.0123842
5650.712496 0.0667011 0.0376103 0.0978499 0.715154 -0.698719 -0.00619192 0.0175569
5650.745812 0.0764921 0.0444175 0.103414 0.715793 -0.697844 -0.0114417 0.0228777
5650.779128 0.087405 0.053071 0.108361 0.715885 -0.697329 -0.0168485 0.0309465
5650.812445 0.0999068 0.0614607 0.112956 0.71449 -0.698014 -0.0224561 0.0421473
5650.845762 0.112863 0.0712207 0.117684 0.711731 -0.699793 -0.0277458 0.0544021
5650.879077 0.126256 0.0813755 0.122218 0.709721 -0.700529 -0.0336924 0.0664865
5650.912544 0.13879 0.0910515 0.12719 0.708032 -0.700737 -0.0409748 0.0773215
5650.945860 0.151636 0.100976 0.132143 0.706427 -0.700732 -0.0488532 0.0868813
5650.979176 0.164747 0.110236 0.136926 0.704288 -0.700948 -0.0565831 0.0972084
5651.012493 0.177616 0.119236 0.141275 0.70116 -0.701642 -0.0633722 0.109805
5651.045809 0.190702 0.12863 0.144293 0.697271 -0.702624 -0.0720864 0.122215
5651.079125 0.20364 0.138866 0.146814 0.694075 -0.702448 -0.081871 0.134624
5651.112442 0.216937 0.148132 0.14942 0.691264 -0.701695 -0.0901137 0.147168
5651.145758 0.229813 0.155766 0.152001 0.688051 -0.701137 -0.0975673 0.159606
5651.245707 0.268072 0.180394 0.156655 0.677543 -0.698111 -0.122928 0.196127
5651.279173 0.280816 0.187815 0.159194 0.675245 -0.695347 -0.132569 0.207275
5651.312490 0.292874 0.19292 0.161453 0.672274 -0.693166 -0.141811 0.217847
5651.345806 0.304767 0.196611 0.16306 0.668123 -0.691757 -0.151946 0.228027
5651.379122 0.31643 0.199104 0.164232 0.663573 -0.68984 -0.1628 0.239349
5651.412439 0.328171 0.200676 0.16485 0.659107 -0.687584 -0.172917 0.250811
5651.445755 0.339967 0.201483 0.164305 0.654761 -0.684795 -0.183237 0.262237
5651.479071 0.351434 0.201719 0.163017 0.650672 -0.681285 -0.19457 0.273165
5651.512388 0.362582 0.20178 0.161334 0.646487 -0.677479 -0.207106 0.283168
5651.545704 0.373661 0.201232 0.159024 0.642902 -0.672644 -0.219938 0.293009
5651.579020 0.384687 0.200964 0.155833 0.639338 -0.667688 -0.232822 0.302049
5651.612487 0.395385 0.199531 0.15201 0.635126 -0.662823 -0.246405 0.31075
5651.645803 0.405772 0.198618 0.147405 0.630892 -0.657278 -0.26053 0.319507
5651.679119 0.41582 0.196971 0.142383 0.626932 -0.651115 -0.274222 0.32834
5651.712436 0.425921 0.194673 0.136594 0.622461 -0.645312 -0.287777 0.336601
5651.745752 0.435332 0.192046 0.130415 0.615921 -0.640696 -0.3022 0.344709
5651.779068 0.444674 0.18948 0.123054 0.608632 -0.636414 -0.316906 0.352299
5651.812385 0.453288 0.186247 0.115572 0.60133 -0.632551 -0.330381 0.359346
5651.845701 0.461822 0.183126 0.106907 0.593849 -0.630067 -0.341639 0.365569
5651.879017 0.470062 0.180399 0.0971705 0.586695 -0.628447 -0.350182 0.371775
5651.912334 0.477856 0.176601 0.0857428 0.580275 -0.62682 -0.357445 0.377639
5651.945650 0.485004 0.172325 0.0723297 0.574002 -0.625016 -0.366379 0.381633
5651.979117 0.490669 0.166835 0.0596183 0.567988 -0.622268 -0.377448 0.384325
5652.012433 0.495304 0.161109 0.0472243 0.562724 -0.619126 -0.388738 0.385885
5652.045749 0.499292 0.154682 0.0336994 0.557766 -0.616144 -0.399271 0.387101
5652.079065 0.502379 0.147955 0.0199081 0.552858 -0.613202 -0.409456 0.388172
5652.112382 0.505073 0.140089 0.0049247 0.548057 -0.611024 -0.417984 0.389323
5652.145698 0.506448 0.131951 -0.00995881 0.541369 -0.61033 -0.426859 0.390139
5652.179014 0.50722 0.122987 -0.0259717 0.533311 -0.61056 -0.435633 0.391178
5652.212331 0.507314 0.114728 -0.042021 0.524965 -0.6118 -0.443918 0.391216
5652.245647 0.506138 0.106449 -0.0576665 0.516556 -0.614027 -0.452217 0.38941
5652.278963 0.504046 0.0978942 -0.0737963 0.507284 -0.616941 -0.460811 0.386911
5652.312430 0.50147 0.0909021 -0.0906793 0.497216 -0.619924 -0.468884 0.38551
5652.345746 0.498635 0.0849492 -0.107846 0.488479 -0.621327 -0.47672 0.38481
5652.379062 0.495609 0.0786667 -0.125931 0.480879 -0.621346 -0.484294 0.384895
5652.412379 0.493348 0.0753926 -0.145188 0.475212 -0.619846 -0.491896 0.384711
5652.445695 0.490815 0.0731411 -0.163472 0.471864 -0.617465 -0.498477 0.38419
5652.479011 0.488296 0.0710509 -0.183258 0.46875 -0.615268 -0.503727 0.384679
5652.512328 0.485093 0.0703331 -0.203294 0.464746 -0.612998 -0.509018 0.386194
5652.545644 0.481258 0.0706829 -0.223559 0.460382 -0.609485 -0.514651 0.389501
5652.578960 0.477327 0.0718887 -0.244626 0.456761 -0.605718 -0.520397 0.391998
5652.612277 0.473165 0.0734359 -0.265162 0.454519 -0.601575 -0.526815 0.392412
5652.645593 0.468952 0.0756024 -0.285372 0.451841 -0.598335 -0.532935 0.392192
5652.679059 0.464531 0.0776014 -0.305188 0.448222 -0.596004 -0.537279 0.393964
5652.712376 0.460122 0.0801654 -0.324656 0.443839 -0.593785 -0.540038 0.398477
5652.745692 0.455604 0.0832695 -0.344269 0.438655 -0.591768 -0.542239 0.40419
5652.779008 0.451686 0.0876415 -0.364367 0.433423 -0.5896 -0.543824 0.410819
5652.812325 0.4481 0.0925406 -0.384488 0.429231 -0.586775 -0.545156 0.417446
5652.845641 0.444735 0.0976862 -0.403468 0.425734 -0.583325 -0.545676 0.425112
5652.878957 0.441743 0.103473 -0.42222 0.42289 -0.579274 -0.545665 0.433423
5652.912274 0.43925 0.10977 -0.441153 0.420006 -0.575581 -0.545315 0.441513
5652.945591 0.437084 0.11568 -0.459035 0.41753 -0.570654 -0.545734 0.449663
5652.978906 0.435475 0.121911 -0.475331 0.416296 -0.563897 -0.547091 0.457612
5653.012373 0.434541 0.127885 -0.491664 0.416704 -0.556515 -0.547673 0.465514
5653.045689 0.434514 0.134603 -0.508223 0.41848 -0.547266 -0.548992 0.473268
5653.145638 0.435904 0.155329 -0.553634 0.423219 -0.519099 -0.562641 0.484621
5653.379002 0.451924 0.206309 -0.647543 0.422008 -0.467736 -0.57947 0.517055
5653.412319 0.455258 0.214766 -0.661669 0.422096 -0.461674 -0.579627 0.522231
5653.445635 0.457974 0.224093 -0.674966 0.421472 -0.455487 -0.578747 0.529098
5653.478951 0.461151 0.232698 -0.688087 0.420017 -0.449327 -0.578715 0.535518
5653.512268 0.464435 0.241661 -0.701073 0.419951 -0.443848 -0.578189 0.540683
5653.545584 0.468614 0.251461 -0.71296 0.421193 -0.437863 -0.577573 0.545236
5653.578900 0.473707 0.26083 -0.724494 0.4248 -0.431975 -0.575515 0.549295
5653.612217 0.47969 0.269805 -0.735375 0.429257 -0.42769 -0.570918 0.553961
5653.645533 0.486097 0.278068 -0.745381 0.432249 -0.425178 -0.564961 0.559646
5653.678849 0.49311 0.285947 -0.754092 0.436046 -0.42414 -0.557344 0.565099
5653.712316 0.500661 0.293112 -0.762705 0.443532 -0.422741 -0.547652 0.569778
5653.745632 0.508227 0.300491 -0.76986 0.449489 -0.422141 -0.540208 0.572654
5653.778948 0.515241 0.306893 -0.77679 0.453917 -0.422697 -0.535159 0.573491
5653.812265 0.522336 0.312923 -0.782457 0.45848 -0.422762 -0.528828 0.575681
5653.845581 0.529632 0.318398 -0.787468 0.46109 -0.42457 -0.522878 0.577698
5653.878897 0.53748 0.323621 -0.791585 0.465425 -0.426861 -0.515121 0.579499
5653.912214 0.54578 0.328429 -0.793948 0.472716 -0.42897 -0.50477 0.581147
5653.945530 0.553842 0.332481 -0.795221 0.477883 -0.434127 -0.495275 0.581261
5653.978846 0.561468 0.336379 -0.795243 0.482197 -0.439154 -0.486862 0.581031
5654.012163 0.569328 0.339216 -0.793529 0.487555 -0.445724 -0.478559 0.578448
5654.045629 0.577197 0.341644 -0.790731 0.493866 -0.455245 -0.467679 0.574564
5654.078945 0.584478 0.34445 -0.787076 0.499974 -0.463576 -0.45337 0.574089
5654.112262 0.59092 0.347281 -0.782835 0.50385 -0.471951 -0.438599 0.57535
5654.145578 0.596563 0.350269 -0.776931 0.507687 -0.480059 -0.425282 0.575267
5654.178895 0.601622 0.353518 -0.771156 0.513057 -0.487968 -0.414531 0.571684
5654.212211 0.605777 0.357264 -0.764388 0.519297 -0.495396 -0.404327 0.566952
5654.245527 0.608841 0.360304 -0.757502 0.526321 -0.501293 -0.392886 0.563323
5654.278843 0.610498 0.363403 -0.749391 0.532421 -0.507024 -0.381234 0.56046
5654.312160 0.611246 0.365719 -0.740964 0.538974 -0.512166 -0.369248 0.557538
5654.345476 0.611242 0.367791 -0.731924 0.546109 -0.517599 -0.357737 0.553064
5654.378792 0.611388 0.369869 -0.724636 0.552977 -0.523463 -0.347829 0.547008
5654.412259 0.611582 0.368776 -0.715975 0.560878 -0.528045 -0.338019 0.540673
5654.445575 0.61204 0.368547 -0.708559 0.56868 -0.534107 -0.327315 0.533102
5654.478891 0.611385 0.369085 -0.698055 0.575347 -0.541474 -0.315391 0.525652
5654.512208 0.610598 0.370194 -0.68844 0.5812 -0.550045 -0.300867 0.518784
5654.545524 0.608952 0.372462 -0.67828 0.585146 -0.55904 -0.284228 0.514095
5654.578840 0.606805 0.376191 -0.668259 0.58754 -0.5697 -0.265098 0.509864
5654.612157 0.603701 0.382501 -0.658511 0.591108 -0.579684 -0.244055 0.504971
5654.645473 0.599802 0.388211 -0.64854 0.594804 -0.587913 -0.224601 0.500121
5654.678789 0.59587 0.391522 -0.640554 0.599049 -0.595458 -0.209483 0.492632
5654.712106 0.591469 0.393586 -0.633905 0.604453 -0.60308 -0.198783 0.481058
5654.745572 0.586533 0.394324 -0.627425 0.610579 -0.609646 -0.19115 0.467961
5654.778888 0.580453 0.396551 -0.621132 0.618448 -0.615452 -0.18257 0.453221
5654.812205 0.573473 0.399282 -0.614634 0.625266 -0.62219 -0.170167 0.439278
5654.845521 0.566507 0.402542 -0.609967 0.629093 -0.630451 -0.156067 0.427103
5654.878837 0.55875 0.407611 -0.605596 0.634344 -0.636609 -0.138309 0.416181
5654.912154 0.550963 0.414752 -0.603714 0.641168 -0.640892 -0.116188 0.405785
5654.945470 0.54254 0.420608 -0.602326 0.64598 -0.646028 -0.0969715 0.39491
5654.978786 0.53479 0.425745 -0.602036 0.651504 -0.650482 -0.0820823 0.381678
5655.012103 0.526308 0.431182 -0.601438 0.657546 -0.653878 -0.0666371 0.368288
5655.045419 0.516276 0.435502 -0.600591 0.662475 -0.657209 -0.0506654 0.355861
5655.078735 0.504887 0.438509 -0.599542 0.665978 -0.661136 -0.036251 0.343595
5655.112202 0.492601 0.440941 -0.598473 0.669209 -0.665381 -0.0216896 0.330086
5655.145518 0.480435 0.443012 -0.597582 0.671933 -0.669854 -0.00540862 0.315869
5655.178834 0.465924 0.447659 -0.596715 0.67457 -0.673515 0.0110419 0.302012
5655.212151 0.450606 0.452012 -0.595621 0.676806 -0.676198 0.0307446 0.289387
5655.245467 0.435294 0.456072 -0.59517 0.676979 -0.679685 0.0511482 0.277691
5655.278783 0.419516 0.458772 -0.595575 0.675594 -0.684408 0.0691408 0.265287
5655.312100 0.404652 0.460346 -0.596197 0.674809 -0.688901 0.0844377 0.250834
5655.345416 0.389609 0.462196 -0.596911 0.674848 -0.691907 0.0985686 0.236914
5655.378732 0.377431 0.463177 -0.598797 0.674887 -0.693682 0.112776 0.224974
5655.412049 0.366405 0.462969 -0.601525 0.673973 -0.696407 0.123203 0.213538
5655.445515 0.355166 0.462142 -0.604384 0.672589 -0.699148 0.130566 0.204376
5655.478831 0.345078 0.461856 -0.607177 0.672497 -0.69993 0.139578 0.195864
5655.512148 0.334223 0.460844 -0.609857 0.67276 -0.7009 0.147668 0.185277
5655.545464 0.322734 0.45935 -0.612167 0.671981 -0.70304 0.155112 0.173542
5655.578780 0.307584 0.457796 -0.613911 0.669429 -0.706486 0.16375 0.161024
5655.612097 0.29175 0.455081 -0.615296 0.665432 -0.71072 0.172722 0.149148
5655.645413 0.275904 0.452212 -0.61717 0.660907 -0.714771 0.182079 0.13839
5655.678729 0.259668 0.447525 -0.618863 0.656804 -0.718365 0.191269 0.126402
5655.712046 0.242254 0.442649 -0.621434 0.653329 -0.721373 0.199751 0.113496
5655.745362 0.227687 0.438265 -0.623274 0.650801 -0.723618 0.206635 0.100682
5655.778678 0.222926 0.433023 -0.620501 0.64898 -0.725105 0.213007 0.0876139
5655.812145 0.213246 0.426587 -0.619527 0.648236 -0.725773 0.217529 0.0756606
5655.845461 0.201058 0.418323 -0.620118 0.64845 -0.725661 0.220668 0.0650799
5655.878777 0.185007 0.409277 -0.622894 0.649341 -0.725349 0.221862 0.0547978
5655.912097 0.169491 0.395069 -0.62275 0.649412 -0.725442 0.224025 0.0425584
5655.945410 0.151088 0.37642 -0.622896 0.648582 -0.726392 0.225367 0.0300957
5655.978726 0.13381 0.357324 -0.623752 0.647822 -0.728 0.223651 0.0179616
5656.012043 0.112087 0.337961 -0.626902 0.648307 -0.728501 0.221245 0.00594677
5656.045359 0.0873721 0.313582 -0.630372 -0.650618 0.727334 -0.21832 0.00413557
5656.078675 0.0667634 0.290118 -0.633709 -0.65484 0.724401 -0.215017 0.0139689
5656.111992 0.0472714 0.26756 -0.638101 -0.658592 0.72165 -0.21201 0.023016
5656.145458 0.0277735 0.246537 -0.643886 -0.659819 0.721558 -0.207004 0.0337838
5656.178774 0.0119103 0.229061 -0.650685 -0.660117 0.721948 -0.202761 0.0438641
5656.212091 -0.0036944 0.214522 -0.658748 -0.660644 0.721497 -0.201344 0.0495199
5656.245407 -0.0188944 0.199855 -0.668263 -0.66172 0.721168 -0.197884 0.0537146
5656.278723 -0.0319376 0.185638 -0.678834 -0.664229 0.720252 -0.190806 0.0602395
5656.312040 -0.0473812 0.167613 -0.69013 -0.667306 0.718973 -0.182661 0.0664523
5656.345356 -0.057138 0.151536 -0.700457 -0.671093 0.71704 -0.174325 0.071402
5656.378672 -0.0621596 0.140141 -0.710489 -0.673962 0.715445 -0.168141 0.0751068
5656.411989 -0.0716231 0.133444 -0.723759 -0.676404 0.713771 -0.164269 0.077615
5656.445305 -0.0739778 0.126124 -0.735618 -0.677077 0.713506 -0.161283 0.0803987
5656.478625 -0.0785218 0.120986 -0.749295 -0.674675 0.716081 -0.159444 0.0813584
5656.512088 -0.0734787 0.122827 -0.761709 -0.671321 0.719355 -0.160685 0.0776987
5656.545404 -0.0674565 0.128021 -0.774362 -0.669459 0.722046 -0.160741 0.0680853
5656.578720 -0.0588772 0.136636 -0.788881 -0.670777 0.722666 -0.156794 0.0568149
5656.612037 -0.0528243 0.142747 -0.804213 -0.674816 0.720719 -0.151467 0.0473859
5656.645353 -0.0310635 0.151881 -0.814681 -0.678386 0.719113 -0.145469 0.0388391
5656.678669 -0.0170477 0.156725 -0.829496 -0.680855 0.719104 -0.136926 0.0240216
5656.711986 -0.000586261 0.172678 -0.846039 -0.684598 0.717692 -0.126518 0.0154112
5656.745302 0.0284274 0.186167 -0.856449 -0.688055 0.715423 -0.120914 0.0113823
5656.778618 0.0557949 0.193089 -0.866472 -0.689417 0.715207 -0.114817 0.000790549
5656.811935 0.0685343 0.198809 -0.881621 0.687699 -0.718419 0.104169 0.00960863
5656.845401 0.077069 0.205566 -0.896325 0.68564 -0.721242 0.0971578 0.0164118
5656.878717 0.08854 0.211032 -0.907852 0.680334 -0.726126 0.0963823 0.0244318
5656.912034 0.0994512 0.216554 -0.92058 0.672271 -0.733107 0.0964097 0.036207
5656.945350 0.1095 0.221496 -0.933774 0.66402 -0.739975 0.094866 0.0501466
5656.978666 0.127294 0.231663 -0.947008 0.659645 -0.742951 0.0948471 0.0624288
5657.011983 0.142397 0.240025 -0.96119 0.659836 -0.742554 0.0890992 0.0727475
5657.045299 0.158094 0.24532 -0.975361 0.663437 -0.740111 0.0757918 0.0796441
5657.078615 0.173457 0.256637 -0.992379 0.667806 -0.737122 0.0597115 0.0843813
5657.111932 0.193099 0.263692 -1.00687 0.670938 -0.734493 0.0474591 0.0900537
5657.145248 0.215754 0.265813 -1.01931 0.672419 -0.73268 0.0367921 0.0983876
5657.178714 0.236426 0.268542 -1.03153 0.672237 -0.731371 0.0280841 0.111379
5657.212031 0.258107 0.269076 -1.04358 0.670786 -0.730282 0.023739 0.127167
5657.245347 0.277148 0.271751 -1.05457 0.670237 -0.728365 0.0150987 0.14156
5657.278663 0.296882 0.271805 -1.06568 0.671256 -0.725042 0.0024793 0.154022
5657.311980 0.313668 0.27626 -1.07508 0.672334 -0.721383 -0.0107613 0.165701
5657.345296 0.326601 0.281117 -1.08182 0.671624 -0.71856 -0.0233378 0.179023
5657.378612 0.338207 0.286064 -1.08806 0.669215 -0.716465 -0.0360195 0.193733
5657.411929 0.354397 0.289449 -1.09581 0.667575 -0.713503 -0.0463546 0.207626
5657.445245 0.368286 0.290808 -1.10192 0.667021 -0.709614 -0.0562939 0.219913
5657.478561 0.378931 0.293544 -1.10762 0.665734 -0.705857 -0.0698581 0.231696
5657.511878 0.389341 0.295141 -1.11288 0.663883 -0.701753 -0.0856683 0.243851
5657.545344 0.402342 0.295542 -1.11945 0.662267 -0.69676 -0.102503 0.255774
5657.578660 0.416076 0.295271 -1.12619 0.66105 -0.690646 -0.120372 0.267453
5657.611977 0.429799 0.29595 -1.13258 0.660586 -0.683807 -0.138131 0.277404
5657.645293 0.443298 0.296022 -1.13831 0.660268 -0.676626 -0.152774 0.287896
5657.678609 0.457247 0.296713 -1.14479 0.658729 -0.669709 -0.166409 0.299789
5657.711926 0.470182 0.296092 -1.15089 0.653963 -0.664366 -0.181916 0.31282
5657.745242 0.484269 0.294796 -1.15727 0.648511 -0.658773 -0.1984 0.325713
5657.778558 0.49888 0.294521 -1.16341 0.643182 -0.652704 -0.214156 0.338277
5657.811875 0.512977 0.294601 -1.16759 0.637934 -0.646605 -0.22836 0.35042
5657.845191 0.527616 0.294527 -1.17225 0.633687 -0.64017 -0.239556 0.362266
5657.878658 0.542028 0.29504 -1.17671 0.629376 -0.634025 -0.247841 0.374796
5657.911974 0.554496 0.295785 -1.17992 0.622069 -0.629583 -0.256208 0.388604
5657.945290 0.565878 0.296981 -1.18458 0.614144 -0.623462 -0.268291 0.402669
5657.978606 0.575975 0.300838 -1.18972 0.608456 -0.613946 -0.283941 0.415006
5658.011923 0.586079 0.306134 -1.19623 0.605608 -0.603046 -0.29956 0.424072
5658.045239 0.595056 0.311998 -1.20168 0.602626 -0.592216 -0.314024 0.433027
5658.078555 0.603259 0.318543 -1.20656 0.598633 -0.581915 -0.327993 0.442079
5658.111872 0.611114 0.325537 -1.21105 0.594344 -0.572437 -0.33898 0.451844
5658.145188 0.618943 0.332396 -1.21629 0.591667 -0.562284 -0.346948 0.461945
5658.178504 0.625808 0.338752 -1.2213 0.588692 -0.551969 -0.355179 0.471825
5658.211821 0.631957 0.344596 -1.22732 0.583966 -0.542669 -0.364761 0.481086
5658.245287 0.637056 0.350755 -1.23401 0.577165 -0.535551 -0.3738 0.490244
5658.278603 0.64137 0.356125 -1.24132 0.571901 -0.528241 -0.378422 0.500687
5658.311920 0.644857 0.361722 -1.24957 0.566694 -0.520921 -0.379348 0.513415
5658.345237 0.647469 0.365501 -1.25817 0.560738 -0.513932 -0.380644 0.525887
5658.378552 0.649369 0.370447 -1.26989 0.556321 -0.507038 -0.383539 0.535086
5658.411869 0.650498 0.373713 -1.27909 0.551844 -0.498848 -0.385751 0.545724
5658.445185 0.650909 0.378347 -1.29043 0.548274 -0.490599 -0.387989 0.555134
5658.478501 0.651129 0.380106 -1.3004 0.544911 -0.480842 -0.390808 0.564917
5658.511818 0.650639 0.382825 -1.31151 0.542922 -0.470134 -0.394342 0.573327
5658.545134 0.649525 0.385339 -1.32509 0.541312 -0.458803 -0.399859 0.580168
5658.578600 0.647724 0.387174 -1.33794 0.536404 -0.450992 -0.407742 0.585341
5658.611917 0.645279 0.387245 -1.34989 0.530508 -0.444891 -0.415483 0.589921
5658.645233 0.642626 0.387205 -1.36195 0.525569 -0.437175 -0.42309 0.594685
5658.678549 0.639744 0.384201 -1.3739 0.520314 -0.430618 -0.430832 0.59852
5658.711866 0.635977 0.380903 -1.38577 0.5121 -0.428149 -0.440749 0.600152
5658.745182 0.631989 0.375982 -1.39791 0.503701 -0.424804 -0.452056 0.601226
5658.778498 0.627598 0.372486 -1.4102 0.496842 -0.420245 -0.464415 0.600718
5658.811815 0.623147 0.369282 -1.42375 0.492122 -0.415474 -0.477426 0.597714
5658.845131 0.619162 0.364467 -1.43626 0.488223 -0.410055 -0.49142 0.593296
5658.878447 0.614649 0.360277 -1.44825 0.482581 -0.40772 -0.505459 0.5877
5658.911766 0.609875 0.355205 -1.46021 0.475557 -0.407038 -0.516912 0.583924
5658.945230 0.605053 0.349719 -1.46999 0.467264 -0.406507 -0.524813 0.583942
5658.978546 0.600094 0.343809 -1.48022 0.460984 -0.405868 -0.530445 0.584288
5659.011863 0.594832 0.338365 -1.48909 0.454985 -0.405176 -0.537258 0.583245
5659.045179 0.589198 0.33178 -1.4989 0.448957 -0.402781 -0.546321 0.581153
5659.078495 0.583053 0.325148 -1.50826 0.442772 -0.400232 -0.558635 0.57593
5659.111812 0.576836 0.317062 -1.51684 0.435127 -0.398125 -0.573268 0.568792
5659.145128 0.570458 0.309934 -1.52449 0.42618 -0.397336 -0.58726 0.561801
5659.178444 0.56395 0.300641 -1.53216 0.418688 -0.397286 -0.598889 0.555154
5659.211761 0.557464 0.290067 -1.54044 0.412288 -0.397885 -0.608357 0.549188
5659.245077 0.551143 0.280179 -1.54782 0.406138 -0.39916 -0.616573 0.543656
5659.278543 0.544847 0.269139 -1.55562 0.400438 -0.402074 -0.623496 0.53781
5659.311860 0.538724 0.257496 -1.56302 0.394859 -0.406553 -0.628318 0.532932
5659.345176 0.532294 0.245168 -1.57012 0.388807 -0.410083 -0.632861 0.52929
5659.378492 0.525306 0.232661 -1.57656 0.380083 -0.413779 -0.638154 0.526388
5659.411809 0.517818 0.221541 -1.58346 0.36935 -0.419223 -0.643596 0.523084
5659.445125 0.509584 0.209168 -1.59015 0.358063 -0.424749 -0.649904 0.518656
5659.478441 0.500296 0.197062 -1.59711 0.346788 -0.429595 -0.656376 0.514156
5659.511758 0.490779 0.184308 -1.60343 0.336009 -0.432378 -0.663065 0.510384
5659.545074 0.480592 0.171648 -1.6075 0.32457 -0.433509 -0.671236 0.506129
5659.578390 0.467948 0.156704 -1.61205 0.31243 -0.434087 -0.679072 0.502809
5659.611707 0.455996 0.149487 -1.62143 0.297473 -0.435713 -0.685538 0.501699
5659.645173 0.44258 0.141859 -1.63199 0.283253 -0.43508 -0.691654 0.502084
5659.678489 0.429727 0.136868 -1.64565 0.271657 -0.432627 -0.696211 0.504309
5659.711806 0.415619 0.131115 -1.66049 0.261418 -0.429105 -0.699376 0.508334
5659.745122 0.402554 0.135687 -1.67689 0.249345 -0.425399 -0.701795 0.514147
5659.778438 0.38879 0.136435 -1.69288 0.235816 -0.41942 -0.703957 0.52242
5659.811755 0.375556 0.142018 -1.71078 0.222532 -0.412127 -0.706165 0.531001
5659.845071 0.367179 0.149454 -1.72378 0.210918 -0.403015 -0.709896 0.537718
5659.878387 0.3585 0.160581 -1.74194 0.20417 -0.393864 -0.712468 0.543669
5659.911705 0.350315 0.174435 -1.76029 0.202074 -0.381733 -0.713385 0.55184
5659.945020 0.342045 0.194235 -1.77876 0.200013 -0.367076 -0.715705 0.559478
5659.978486 0.333705 0.213223 -1.79746 0.197172 -0.353748 -0.717979 0.56612
5660.011803 0.324436 0.22876 -1.81694 0.196185 -0.340644 -0.719245 0.572852
5660.045119 0.316177 0.249129 -1.83483 0.195971 -0.325841 -0.721397 0.578799
5660.078435 0.312461 0.271453 -1.84976 0.196071 -0.310695 -0.724657 0.583007
5660.111752 0.30853 0.287073 -1.86281 0.198349 -0.296752 -0.72522 0.588771
5660.145068 0.302488 0.305371 -1.87968 0.202756 -0.285162 -0.722411 0.596402
5660.178384 0.294086 0.3237 -1.89956 0.210851 -0.270335 -0.719951 0.603433
5660.211701 0.280753 0.34234 -1.9194 0.219995 -0.252946 -0.720366 0.607201
5660.245017 0.278438 0.357383 -1.93226 0.224946 -0.239179 -0.719981 0.611408
5660.278333 0.276253 0.372613 -1.94515 0.227629 -0.226987 -0.718826 0.616402
5660.311800 0.275265 0.385738 -1.95733 0.230733 -0.215074 -0.717695 0.620821
5660.345116 0.273261 0.398737 -1.97062 0.23638 -0.203019 -0.714837 0.626032
5660.378432 0.271352 0.410401 -1.98291 0.238813 -0.188704 -0.714188 0.630314
5660.411749 0.267814 0.421002 -1.99474 0.238121 -0.175684 -0.716652 0.631541
5660.445065 0.264618 0.431149 -2.00585 0.237359 -0.165484 -0.720223 0.630519
5660.478381 0.260902 0.440656 -2.0169 0.235758 -0.154577 -0.725508 0.627824
5660.511698 0.259695 0.449377 -2.02709 0.234654 -0.142985 -0.731813 0.623652
5660.545014 0.258196 0.457337 -2.0377 0.235731 -0.134871 -0.733191 0.623435
5660.578330 0.257396 0.464608 -2.04802 0.235876 -0.124038 -0.730587 0.628665
5660.611647 0.257851 0.470966 -2.05735 0.233416 -0.106974 -0.730156 0.633203
5660.644963 0.256414 0.477236 -2.06703 0.229664 -0.0926068 -0.732461 0.634176
5660.678429 0.250489 0.484507 -2.07807 0.226539 -0.081497 -0.73666 0.631958
5660.711746 0.244554 0.49064 -2.08894 0.223145 -0.0720635 -0.739428 0.631078
5660.745062 0.240044 0.495757 -2.09963 0.219654 -0.0635797 -0.739065 0.633634
5660.778379 0.235842 0.500684 -2.11036 0.216144 -0.05209 -0.737891 0.637248
5660.811695 0.231696 0.505405 -2.1208 0.212792 -0.0403392 -0.738017 0.63908
5660.845011 0.22673 0.510021 -2.1314 0.208573 -0.0317862 -0.738859 0.63998
5660.878327 0.220104 0.514775 -2.1421 0.202801 -0.0223876 -0.739921 0.641005
5660.911644 0.212086 0.519852 -2.15277 0.196339 -0.0119165 -0.741473 0.641503
5660.944960 0.203763 0.524396 -2.16273 0.190704 -0.000903724 -0.742713 0.641878
5660.978276 0.19382 0.528437 -2.17345 0.187601 0.0110583 -0.743628 0.641639
5661.011743 0.182733 0.530444 -2.18422 0.18208 0.0213851 -0.745713 0.640548
5661.045056 0.17011 0.530445 -2.19468 0.171407 0.0292455 -0.749296 0.638999
5661.078370 0.155685 0.529584 -2.20559 0.158824 0.0360672 -0.75348 0.636978
5661.111684 0.141846 0.526043 -2.21652 0.14594 0.0436299 -0.757349 0.634996
5661.144998 0.127474 0.521967 -2.22789 0.132601 0.0511143 -0.761385 0.632533
5661.178312 0.112359 0.519316 -2.23914 0.119383 0.0568888 -0.765536 0.629655
5661.211626 0.0978965 0.5154 -2.25018 0.107942 0.0601478 -0.770023 0.625936
5661.244940 0.0825079 0.510959 -2.2613 0.0963534 0.0612231 -0.773766 0.6231
5661.278254 0.0676993 0.507957 -2.27096 0.0835755 0.062943 -0.775465 0.622661
5661.311568 0.0508381 0.50498 -2.27979 0.0726411 0.0664979 -0.775689 0.623384
5661.344882 0.0332487 0.502906 -2.28816 0.0627148 0.0684922 -0.775979 0.623885
5661.378345 0.0155809 0.500353 -2.29638 0.0543595 0.0690734 -0.776547 0.623898
5661.411659 -0.00203582 0.498851 -2.30399 0.0467886 0.0713841 -0.777142 0.62351
5661.444973 -0.0168084 0.497431 -2.31129 0.0398667 0.0763089 -0.777612 0.622822
5661.478287 -0.031839 0.495218 -2.31838 0.0341999 0.0813911 -0.777756 0.622336
5661.511601 -0.0474974 0.492643 -2.32479 0.0255697 0.0857967 -0.777881 0.622002
5661.544915 -0.0633761 0.490478 -2.33051 0.0129271 0.0917657 -0.77945 0.619572
5661.578229 -0.0807532 0.488802 -2.3355 -0.00187658 0.0969648 -0.782749 0.614734
5661.611543 -0.0986072 0.487844 -2.34041 -0.0160542 0.101287 -0.787013 0.608353
5661.644857 -0.117057 0.48796 -2.34569 -0.0280374 0.103704 -0.791745 0.601331
5661.678171 -0.135046 0.489504 -2.35103 -0.0372287 0.105238 -0.79399 0.597595
5661.711634 -0.153075 0.492814 -2.35601 -0.0436824 0.109723 -0.79355 0.596935
5661.744948 -0.171899 0.499333 -2.36026 -0.0478515 0.11802 -0.79344 0.595176
5661.778262 -0.189561 0.508123 -2.36428 -0.050463 0.126445 -0.794374 0.591976
5661.811576 -0.20666 0.517846 -2.36814 -0.0504624 0.133409 -0.796512 0.587558
5661.844890 -0.224184 0.526383 -2.3721 -0.0516243 0.136802 -0.797307 0.585594
5661.878204 -0.240427 0.535467 -2.37589 -0.05267 0.139524 -0.796932 0.58537
5661.911518 -0.255445 0.545432 -2.38013 -0.046939 0.142685 -0.797162 0.584782
5661.944832 -0.269708 0.555468 -2.38411 -0.0385214 0.145516 -0.797072 0.584823
5661.978146 -0.283432 0.565692 -2.3871 -0.0324841 0.149205 -0.794987 0.587093
5662.011460 -0.296574 0.576184 -2.38938 -0.0259639 0.154829 -0.793393 0.588117
5662.044776 -0.309228 0.587042 -2.39102 -0.019547 0.159994 -0.793785 0.586451
5662.078242 -0.321051 0.597865 -2.39209 -0.0137875 0.164382 -0.79435 0.584634
5662.111559 -0.332417 0.60838 -2.393 -0.00551524 0.170581 -0.794575 0.582685
5662.144875 -0.343369 0.619324 -2.39358 0.00382591 0.177861 -0.795014 0.579916
5662.178191 -0.35282 0.628979 -2.39457 0.0126473 0.183636 -0.794835 0.578235
5662.211508 -0.361733 0.637873 -2.39585 0.0206808 0.186839 -0.7941 0.577986
5662.244824 -0.370071 0.645478 -2.39744 0.027457 0.190387 -0.793126 0.577885
5662.278140 -0.378385 0.653847 -2.39912 0.0345967 0.194589 -0.791967 0.577691
5662.311457 -0.386304 0.661694 -2.40065 0.0388514 0.199544 -0.791564 0.57628
5662.344773 -0.394618 0.669383 -2.40202 0.038512 0.20418 -0.792138 0.573887
5662.378089 -0.402302 0.676117 -2.404 0.0370457 0.2087 -0.793992 0.569779
5662.411556 -0.410011 0.682571 -2.40716 0.0375369 0.213431 -0.79568 0.565625
5662.444872 -0.418395 0.688677 -2.41147 0.0411335 0.217685 -0.796098 0.56316
5662.478188 -0.425731 0.693343 -2.41697 0.0451138 0.220813 -0.794998 0.563192
5662.511505 -0.434062 0.698233 -2.42307 0.0490628 0.222474 -0.793489 0.564334
5662.544821 -0.44231 0.702979 -2.42974 0.0528764 0.22584 -0.792352 0.56425
5662.578137 -0.451616 0.706417 -2.43702 0.0533273 0.232057 -0.790368 0.564468
5662.611454 -0.460209 0.708829 -2.44475 0.0495756 0.238171 -0.788412 0.564998
5662.644770 -0.470553 0.710919 -2.45328 0.0453394 0.243144 -0.787961 0.563864
5662.678086 -0.481191 0.711788 -2.46245 0.0401157 0.248417 -0.787478 0.562635
5662.711403 -0.492209 0.711678 -2.47235 0.0330371 0.253055 -0.785736 0.563462
5662.744719 -0.503212 0.710306 -2.48308 0.0265615 0.256289 -0.783122 0.565978
5662.778185 -0.513602 0.708947 -2.494 0.0206201 0.2596 -0.779918 0.569132
5662.811502 -0.52435 0.707833 -2.50427 0.0145283 0.264633 -0.776737 0.571347
5662.844818 -0.535348 0.70746 -2.51351 0.00791895 0.271124 -0.775043 0.570734
5662.878134 -0.545971 0.707511 -2.52225 0.00184689 0.277432 -0.775235 0.567484
5662.911451 -0.555341 0.706644 -2.53048 -0.00555675 0.284836 -0.775538 0.563364
5662.944767 -0.564791 0.705393 -2.5382 -0.0143492 0.29333 -0.775191 0.559312
5662.978083 -0.575911 0.70458 -2.54589 -0.0227502 0.300756 -0.775125 0.555166
5663.011400 -0.585547 0.70278 -2.55323 -0.0314604 0.307543 -0.77455 0.551815
5663.044716 -0.589342 0.700466 -2.55767 -0.0407867 0.313768 -0.773307 0.549439
5663.078032 -0.588744 0.69699 -2.56125 -0.0511869 0.319501 -0.771383 0.547967
5663.111499 -0.591805 0.694235 -2.56489 -0.0607417 0.325732 -0.768939 0.546756
5663.144815 -0.599698 0.692668 -2.56901 -0.0712345 0.332546 -0.766256 0.545152
5663.178131 -0.608491 0.691338 -2.57166 -0.0823486 0.33956 -0.764554 0.541642
5663.211448 -0.616301 0.689046 -2.57676 -0.0941257 0.347447 -0.76415 0.535252
5663.244764 -0.625795 0.687259 -2.57864 -0.106294 0.352983 -0.76434 0.529046
5663.278080 -0.635887 0.684818 -2.57993 -0.119286 0.355986 -0.764246 0.524378
5663.311397 -0.644912 0.680103 -2.5843 -0.131739 0.359212 -0.763027 0.520962
5663.344713 -0.654129 0.675107 -2.58729 -0.144255 0.361698 -0.760759 0.519242
5663.378029 -0.665688 0.671278 -2.58871 -0.15786 0.363382 -0.757268 0.519211
5663.411346 -0.674387 0.666983 -2.59238 -0.170943 0.364646 -0.753639 0.519461
5663.444812 -0.683849 0.66419 -2.59528 -0.181341 0.365649 -0.750403 0.519914
5663.478129 -0.693447 0.662146 -2.59808 -0.188373 0.367008 -0.747436 0.52073
5663.511445 -0.703395 0.659209 -2.60162 -0.193443 0.368564 -0.744547 0.521909
5663.544761 -0.712941 0.655402 -2.60634 -0.198381 0.369282 -0.741649 0.523673
5663.578077 -0.72349 0.651525 -2.60979 -0.202609 0.367727 -0.739478 0.526212
5663.611395 -0.73314 0.648339 -2.61421 -0.207753 0.365521 -0.737526 0.528477
5663.644710 -0.742985 0.644963 -2.61965 -0.213044 0.363009 -0.73593 0.530325
5663.678026 -0.752402 0.641476 -2.62524 -0.218656 0.360353 -0.734471 0.531871
5663.711343 -0.762901 0.637141 -2.63047 -0.22546 0.35562 -0.73383 0.5331
5663.744659 -0.772803 0.632695 -2.63723 -0.232209 0.349673 -0.733796 0.534183
5663.777975 -0.782582 0.628723 -2.64564 -0.237576 0.342702 -0.733939 0.53614
5663.811442 -0.793105 0.623037 -2.6539 -0.241254 0.335952 -0.73366 0.539144
5663.844758 -0.805066 0.616424 -2.66152 -0.243177 0.331227 -0.733524 0.541384
5663.878074 -0.81747 0.609559 -2.66961 -0.245735 0.327306 -0.733876 0.542135
5663.911391 -0.830537 0.599644 -2.67884 -0.252044 0.321242 -0.733469 0.543416
5663.944707 -0.844088 0.588269 -2.68811 -0.25979 0.311647 -0.732876 0.546148
5663.978023 -0.856922 0.578381 -2.69884 -0.264386 0.301793 -0.7333 0.548901
5664.011340 -0.871209 0.570297 -2.70627 -0.264034 0.296604 -0.734168 0.550736
5664.044656 -0.885334 0.562994 -2.71291 -0.263719 0.294387 -0.734398 0.551767
5664.077972 -0.898722 0.554701 -2.71893 -0.267273 0.291036 -0.732422 0.554456
5664.111289 -0.911532 0.5459 -2.72472 -0.276706 0.28434 -0.729518 0.557125
5664.144755 -0.925052 0.532408 -2.73026 -0.287328 0.276802 -0.727065 0.558749
5664.178071 -0.938485 0.52227 -2.73408 -0.298712 0.26929 -0.725604 0.558348
5664.211388 -0.952472 0.510929 -2.73632 -0.30871 0.262453 -0.722857 0.559727
5664.244704 -0.96607 0.499779 -2.73739 -0.31695 0.256997 -0.719008 0.562604
5664.278020 -0.979348 0.490814 -2.73654 -0.323248 0.254583 -0.714525 0.56582
5664.311340 -0.992157 0.484251 -2.73273 -0.329195 0.254345 -0.709606 0.568682
5664.344653 -1.00406 0.480168 -2.72927 -0.334478 0.25649 -0.703881 0.571743
5664.377969 -1.01572 0.476661 -2.72542 -0.340214 0.258081 -0.70001 0.572395
5664.411286 -1.02751 0.475088 -2.7201 -0.347773 0.257877 -0.697333 0.571208
5664.444602 -1.03984 0.47433 -2.71342 -0.356517 0.258531 -0.694114 0.569441
5664.477918 -1.05206 0.474656 -2.70525 -0.36639 0.260937 -0.690003 0.567068
5664.511385 -1.06448 0.476635 -2.69719 -0.377123 0.264233 -0.685288 0.564215
5664.544701 -1.07635 0.481072 -2.69089 -0.3872 0.26865 -0.680228 0.56142
5664.578017 -1.08815 0.485607 -2.68722 -0.394607 0.273627 -0.676182 0.558742
5664.611334 -1.10139 0.49072 -2.6786 -0.402069 0.278117 -0.672272 0.555915
5664.644650 -1.11549 0.496989 -2.67002 -0.407693 0.283842 -0.667383 0.554816
5664.677966 -1.13029 0.504365 -2.66098 -0.411875 0.290806 -0.663226 0.553103
5664.711283 -1.1454 0.512102 -2.65264 -0.414702 0.299447 -0.658398 0.552146
5664.744599 -1.15995 0.521297 -2.64596 -0.419251 0.308348 -0.65343 0.549709
5664.777915 -1.17362 0.530482 -2.64339 -0.423785 0.318225 -0.648487 0.546447
5664.811232 -1.1894 0.541226 -2.63487 -0.428815 0.327922 -0.644689 0.541258
5664.844698 -1.20521 0.552199 -2.62591 -0.433055 0.338217 -0.640726 0.53623
5664.878014 -1.22146 0.562722 -2.61537 -0.438239 0.348645 -0.635677 0.531327
5664.911331 -1.23682 0.571657 -2.6051 -0.44431 0.359371 -0.629616 0.526332
5664.944647 -1.25175 0.581991 -2.59542 -0.448294 0.370539 -0.624844 0.520867
5664.977963 -1.26605 0.593044 -2.58559 -0.453628 0.380597 -0.620592 0.514036
5665.011280 -1.27908 0.601643 -2.57746 -0.462009 0.389494 -0.61516 0.506379
5665.044596 -1.29305 0.61286 -2.56939 -0.470244 0.397508 -0.610138 0.498588
5665.077912 -1.30587 0.623031 -2.56349 -0.473312 0.40699 -0.606314 0.492664
5665.111229 -1.31856 0.634043 -2.55868 -0.474193 0.416446 -0.605124 0.485323
5665.144545 -1.33092 0.644421 -2.55398 -0.474803 0.426476 -0.603671 0.477767
5665.177861 -1.34299 0.653862 -2.5501 -0.476983 0.433846 -0.602815 0.469978
5665.211328 -1.35374 0.663003 -2.54886 -0.480524 0.440386 -0.599618 0.464344
5665.244644 -1.36482 0.669845 -2.54915 -0.486395 0.445091 -0.596693 0.457462
5665.277960 -1.37557 0.678001 -2.54781 -0.490464 0.450262 -0.59418 0.451286
5665.311277 -1.38593 0.685778 -2.54803 -0.493896 0.456397 -0.592077 0.444087
5665.344593 -1.39607 0.695955 -2.54931 -0.494708 0.462589 -0.59069 0.43859
5665.377909 -1.40614 0.705366 -2.55056 -0.49344 0.468695 -0.591722 0.432096
5665.411226 -1.41607 0.715237 -2.55122 -0.492509 0.474579 -0.593004 0.424918
5665.444542 -1.4246 0.727675 -2.55293 -0.490194 0.481386 -0.594572 0.417686
5665.477858 -1.43248 0.741977 -2.55271 -0.489138 0.489995 -0.594326 0.409176
5665.511175 -1.43943 0.755091 -2.55057 -0.491684 0.496879 -0.591334 0.402098
5665.544642 -1.44648 0.765053 -2.54713 -0.495165 0.502604 -0.588401 0.39495
