1388.710463 -0.0848845 -0.00815406 -0.0110363 -0.707789 0.706423 -0.00119798 0.000383944
1388.743779 -0.0841192 -0.00844514 -0.0106748 -0.707815 0.706397 -0.00121629 0.00044836
1388.777245 -0.0840941 -0.00789469 -0.0107026 -0.707847 0.706364 -0.00110387 0.000548911
1388.810562 -0.0840781 -0.0075668 -0.0107097 -0.707824 0.706388 -0.00106668 0.000577991
1388.843878 -0.0841051 -0.00791836 -0.0106696 -0.707748 0.706463 -0.00111507 0.000533824
1388.877194 -0.0840609 -0.00848211 -0.0106057 -0.707754 0.706458 -0.00108399 0.000534601
1388.910511 -0.0838297 -0.00780527 -0.0106416 -0.707832 0.70638 -0.00100867 0.000670176
1388.943830 -0.0837612 -0.0079641 -0.0105539 -0.707781 0.706431 -0.00104981 0.000644657
1388.977143 -0.0838464 -0.00787165 -0.0106175 -0.707779 0.706433 -0.000985282 0.00066314
1389.010460 -0.083163 -0.00795393 -0.0105507 -0.707896 0.706315 -0.00115012 0.000740253
1389.043776 -0.0831507 -0.00838337 -0.0104639 -0.707859 0.706352 -0.00115594 0.000750619
1389.077092 -0.0837015 -0.00788206 -0.0105611 -0.707766 0.706446 -0.0010063 0.000734456
1389.110409 -0.0835788 -0.0078125 -0.0105256 -0.707918 0.706293 -0.00101483 0.000725957
1389.143875 -0.0832582 -0.00758076 -0.0104625 -0.707923 0.706288 -0.000982213 0.000829914
1389.177191 -0.0830603 -0.00896467 -0.0102707 -0.707941 0.706269 -0.00144951 0.000987858
1389.210508 -0.0834289 -0.00805384 -0.0104388 -0.708011 0.706199 -0.00138601 0.000950165
1389.243824 -0.0835588 -0.00775981 -0.0104594 -0.707966 0.706244 -0.00134009 0.00103252
1389.277140 -0.0837261 -0.00769495 -0.0104554 -0.707949 0.706262 -0.00136696 0.00109533
1389.310457 -0.0837238 -0.0083048 -0.0104606 -0.708035 0.706175 -0.0014992 0.000995052
1389.343773 -0.0833848 -0.00913103 -0.0103608 -0.708378 0.705829 -0.00202218 0.00151152
1389.377089 -0.0837823 -0.00871223 -0.0106151 -0.709027 0.705171 -0.00292294 0.00262603
1389.410406 -0.0842441 -0.00880352 -0.0104585 -0.708975 0.705221 -0.00333181 0.00276127
1389.443722 -0.0842282 -0.00904851 -0.0106101 -0.709155 0.705036 -0.00372665 0.00296915
1389.477188 -0.0839693 -0.00896766 -0.0107342 -0.709489 0.704694 -0.00437652 0.00352409
1389.510505 -0.0842149 -0.00939741 -0.0106107 -0.709554 0.704628 -0.00447362 0.00361753
1389.543821 -0.0842354 -0.00903197 -0.010643 -0.709545 0.704635 -0.00463697 0.00370954
1389.577137 -0.0839461 -0.00915622 -0.0105118 -0.709844 0.704328 -0.0052719 0.00395139
1389.610454 -0.0843627 -0.00929114 -0.0107118 -0.710012 0.704158 -0.00505532 0.00432185
1389.643770 -0.084304 -0.00919895 -0.0107781 -0.709915 0.704259 -0.00487932 0.00413236
1389.677086 -0.0843521 -0.00912032 -0.010792 -0.709879 0.704296 -0.00481162 0.00396637
1389.710403 -0.0844752 -0.00923843 -0.0109013 -0.709929 0.704244 -0.0050491 0.00394396
1389.743719 -0.0839519 -0.00948552 -0.0106624 -0.709536 0.704641 -0.00510436 0.00359324
1389.777035 -0.0836168 -0.00930095 -0.0108233 -0.70934 0.70484 -0.00503677 0.00340853
1389.810352 -0.0830283 -0.00933933 -0.0111094 -0.70971 0.704467 -0.00485114 0.00382852
1389.843818 -0.0827315 -0.0090615 -0.0113297 -0.709599 0.704582 -0.00466119 0.00342893
1389.877134 -0.0826679 -0.0097751 -0.0112571 -0.709686 0.704487 -0.00572598 0.00321517
1389.910451 -0.0831369 -0.00976526 -0.0113983 -0.710076 0.704037 -0.00989489 0.00504007
1389.943767 -0.0826472 -0.00930298 -0.0115162 -0.709811 0.704201 -0.0158028 0.00444319
1389.977083 -0.081079 -0.00867998 -0.0108426 0.706163 -0.707713 0.0216143 0.00294745
1390.010400 -0.0788686 -0.00843431 -0.00925778 0.701642 -0.711774 0.029535 0.014327
1390.043716 -0.0764842 -0.0117875 -0.00726953 0.699322 -0.713599 0.0352434 0.0219882
1390.077032 -0.0736742 -0.0186637 -0.00436359 0.700695 -0.712244 0.0342163 0.0237482
1390.110349 -0.0704837 -0.0294226 0.000267028 0.704354 -0.708487 0.0346343 0.0270471
1390.143665 -0.0668361 -0.0409922 0.00688822 0.705697 -0.7065 0.0383236 0.0371541
1390.243764 -0.0599363 -0.0832319 0.0316639 0.697331 -0.713002 0.0349376 0.0643221
1390.277080 -0.0602527 -0.10148 0.0408233 0.694322 -0.715643 0.0300533 0.0697839
1390.310397 -0.0617455 -0.122086 0.0499914 0.693841 -0.716049 0.0281081 0.0711923
1390.343713 -0.0649243 -0.14227 0.0589017 0.692653 -0.716949 0.0260261 0.0744231
1390.377029 -0.07004 -0.165144 0.0672543 0.691238 -0.718398 0.0243488 0.0741691
1390.410346 -0.0789325 -0.189045 0.0744909 0.692347 -0.718348 0.0233637 0.0639219
1390.443662 -0.0889035 -0.211886 0.0806365 0.691307 -0.720049 0.0211609 0.0563684
1390.476978 -0.101158 -0.235475 0.0867921 0.689252 -0.72261 0.0210311 0.0482072
1390.510445 -0.113346 -0.256802 0.0920065 0.687159 -0.724926 0.0216643 0.0427286
1390.543761 -0.126913 -0.274558 0.0964239 0.684768 -0.727257 0.0230346 0.0407533
1390.577077 -0.140661 -0.290126 0.0996869 0.682426 -0.729516 0.0243989 0.0388104
1390.610394 -0.154373 -0.305156 0.101434 0.680831 -0.731001 0.0243069 0.0389476
1390.643710 -0.172006 -0.319643 0.101099 0.682092 -0.730199 0.0242375 0.0311896
1390.677026 -0.190672 -0.330542 0.0989087 0.682123 -0.730577 0.023681 0.0201423
1390.710343 -0.206617 -0.338449 0.0963389 0.678757 -0.733747 0.0229039 0.0194761
1390.743659 -0.223712 -0.343222 0.0922486 0.675771 -0.736387 0.0252806 0.0207145
1390.776976 -0.240606 -0.345807 0.087926 0.680201 -0.732125 0.0272214 0.0240652
1390.810292 -0.260158 -0.345632 0.0824128 0.689909 -0.722733 0.0306043 0.0273072
1390.843608 -0.28093 -0.344905 0.0764664 0.695521 -0.717125 0.0355638 0.0267681
1390.877075 -0.302958 -0.342691 0.0700183 0.694688 -0.717277 0.0426563 0.0332096
1390.910391 -0.324544 -0.338405 0.0625989 0.691929 -0.718996 0.0536048 0.0374838
1390.943707 -0.348325 -0.33694 0.0545145 0.694299 -0.715658 0.0688639 0.032242
1390.977023 -0.371861 -0.335535 0.0453748 0.698282 -0.709895 0.0877205 0.0274977
1391.010340 -0.397257 -0.33674 0.0352909 0.699677 -0.706768 0.102965 0.0181568
1391.043656 -0.422995 -0.338293 0.0258974 0.701655 -0.702726 0.117442 0.00799806
1391.076972 -0.448017 -0.335952 0.0162287 0.702841 -0.698403 0.135008 0.00443243
1391.110289 -0.471848 -0.335862 0.00839553 0.700289 -0.697287 0.152838 0.00519982
1391.143605 -0.495465 -0.335573 0.00116898 0.695677 -0.698298 0.168381 0.00780821
1391.176921 -0.520101 -0.334517 -0.00622301 0.690248 -0.700867 0.179495 0.0111723
1391.210388 -0.542872 -0.338737 -0.0115519 0.687542 -0.700017 0.192552 0.013585
1391.243704 -0.568785 -0.348646 -0.0161116 0.691596 -0.692016 0.206698 0.00917726
1391.277020 -0.596374 -0.361859 -0.021596 -0.696568 0.683859 -0.217064 0.00364372
1391.310337 -0.623486 -0.375977 -0.026501 -0.699471 0.678072 -0.224986 0.0184688
1391.343653 -0.649871 -0.393987 -0.0293842 -0.70085 0.673201 -0.233369 0.0338824
1391.376969 -0.678859 -0.411868 -0.0324658 -0.703361 0.667156 -0.240478 0.0485498
1391.410286 -0.709257 -0.431675 -0.033796 -0.706137 0.660931 -0.245885 0.0638764
1391.443602 -0.740986 -0.451352 -0.0346311 -0.711021 0.652497 -0.250231 0.0779851
1391.476918 -0.773838 -0.473536 -0.0325866 -0.718008 0.64167 -0.254406 0.0894541
1391.510235 -0.809709 -0.495606 -0.0297506 -0.725344 0.630482 -0.257969 0.0990994
1391.543551 -0.843247 -0.515727 -0.0259498 -0.732113 0.619702 -0.260155 0.110905
1391.577017 -0.876272 -0.534387 -0.0210553 -0.738971 0.60815 -0.26087 0.126582
1391.610334 -0.908075 -0.548772 -0.0155268 -0.744764 0.597644 -0.261187 0.141172
1391.643650 -0.934975 -0.562033 -0.00820678 -0.747707 0.591072 -0.260642 0.153731
1391.676966 -0.96316 -0.569959 -0.00103015 -0.749388 0.58574 -0.260882 0.16513
1391.710283 -0.988949 -0.574344 0.00756637 -0.751912 0.579008 -0.262908 0.173946
1391.743599 -1.01257 -0.574612 0.0171508 -0.753333 0.573262 -0.267439 0.179822
1391.776915 -1.03537 -0.569478 0.0267092 -0.752962 0.57004 -0.2738 0.182036
1391.810232 -1.06 -0.560322 0.0350354 -0.751579 0.568381 -0.280908 0.182108
1391.843548 -1.08221 -0.550974 0.0443548 -0.746869 0.568684 -0.29232 0.18258
1391.876864 -1.10437 -0.540308 0.0534554 -0.738865 0.572276 -0.305848 0.181757
1391.910331 -1.12639 -0.528523 0.0616244 -0.731442 0.576197 -0.316099 0.181857
1391.943647 -1.14506 -0.516354 0.0698908 -0.724801 0.578964 -0.32649 0.181296
1391.976963 -1.16425 -0.502262 0.0769718 -0.71742 0.583009 -0.335873 0.18055
1392.010280 -1.18321 -0.490845 0.0837327 -0.710639 0.585471 -0.345134 0.181929
1392.043596 -1.20303 -0.477153 0.0877345 -0.707891 0.584226 -0.353208 0.181147
1392.076914 -1.22086 -0.470565 0.0954161 -0.708675 0.580001 -0.359317 0.179641
1392.110229 -1.23973 -0.466734 0.102166 -0.710021 0.576105 -0.364119 0.177172
1392.143545 -1.26154 -0.466567 0.109813 -0.712112 0.574043 -0.367034 0.169282
1392.176861 -1.27951 -0.469513 0.120225 -0.717633 0.566861 -0.369448 0.164864
1392.210178 -1.3013 -0.477028 0.130575 -0.725227 0.558314 -0.367191 0.165837
1392.243494 -1.32259 -0.486802 0.141452 -0.731774 0.55319 -0.361759 0.166187
1392.276960 -1.34355 -0.497701 0.153502 -0.739968 0.544214 -0.358855 0.165836
1392.310277 -1.36596 -0.506454 0.164623 -0.750543 0.533369 -0.352937 0.166246
1392.343593 -1.38788 -0.514885 0.175382 -0.760411 0.523915 -0.344145 0.169859
1392.376909 -1.4111 -0.521477 0.184442 -0.76988 0.515445 -0.332065 0.177013
1392.410226 -1.43576 -0.532146 0.192367 -0.777499 0.508034 -0.321536 0.184424
1392.443542 -1.46238 -0.539527 0.198318 -0.782999 0.501504 -0.314131 0.191644
1392.476858 -1.48966 -0.544275 0.203578 -0.781461 0.501465 -0.313749 0.198527
1392.510175 -1.51835 -0.544831 0.206299 -0.772842 0.510462 -0.315759 0.206011
1392.543491 -1.54747 -0.541488 0.207973 -0.761623 0.524728 -0.317052 0.209926
1392.576807 -1.57662 -0.535805 0.209055 -0.752346 0.535739 -0.321992 0.20804
1392.610274 -1.60535 -0.52857 0.210966 -0.746605 0.541343 -0.325861 0.208193
1392.643590 -1.63723 -0.524995 0.209786 -0.742417 0.543095 -0.329139 0.213381
1392.676906 -1.67007 -0.521945 0.207606 -0.735387 0.544724 -0.336415 0.222052
1392.710223 -1.69948 -0.516623 0.207083 -0.723109 0.558069 -0.340049 0.223694
1392.743539 -1.72869 -0.511251 0.206439 -0.712596 0.571008 -0.341183 0.22305
1392.776855 -1.75859 -0.507722 0.205431 -0.708701 0.572072 -0.349044 0.220555
1392.810172 -1.78788 -0.508268 0.204416 -0.705585 0.570848 -0.358826 0.218005
1392.843488 -1.8174 -0.515592 0.202174 -0.696564 0.574034 -0.367217 0.224577
1392.876804 -1.8463 -0.527307 0.199681 -0.687543 0.577567 -0.371843 0.235445
1392.910121 -1.87326 -0.540758 0.199026 -0.686183 0.575986 -0.37153 0.243638
1392.943437 -1.89987 -0.553581 0.198536 -0.693521 0.566665 -0.372855 0.242691
1392.976903 -1.92602 -0.563898 0.198072 -0.704715 0.553088 -0.376008 0.236831
1393.010220 -1.95255 -0.57631 0.195745 -0.714387 0.54024 -0.377012 0.235911
1393.043536 -1.97839 -0.588051 0.19235 -0.718271 0.529802 -0.379839 0.243144
1393.076852 -2.00711 -0.600549 0.184515 -0.716003 0.52612 -0.382193 0.253904
1393.110169 -2.03382 -0.603968 0.177436 -0.710148 0.527898 -0.384975 0.262313
1393.143485 -2.06305 -0.601653 0.166307 -0.702536 0.529406 -0.391572 0.269897
1393.176801 -2.09056 -0.594331 0.156308 -0.696559 0.529629 -0.397355 0.276419
1393.210118 -2.11938 -0.588371 0.145991 -0.692464 0.526314 -0.405809 0.280724
1393.243434 -2.14914 -0.579502 0.134836 -0.685816 0.519422 -0.422284 0.285541
1393.276750 -2.17765 -0.569785 0.126431 -0.676768 0.513138 -0.439007 0.293165
1393.310217 -2.21507 -0.601273 0.142447 -0.65621 0.517536 -0.46019 0.299618
1393.343533 -2.24433 -0.602424 0.135029 -0.642156 0.52225 -0.466719 0.311551
1393.376849 -2.27198 -0.601501 0.129616 -0.627086 0.523883 -0.476775 0.32403
1393.410166 -2.29957 -0.607878 0.125911 -0.615356 0.521388 -0.487864 0.333885
1393.443482 -2.3275 -0.618839 0.119445 -0.608431 0.517885 -0.493935 0.342981
1393.476798 -2.35521 -0.630834 0.117275 -0.604304 0.510748 -0.49948 0.352808
1393.510115 -2.38199 -0.650888 0.125525 -0.59843 0.501853 -0.506718 0.36505
1393.543432 -2.40847 -0.668046 0.122326 -0.591669 0.494292 -0.512223 0.378459
1393.576747 -2.43432 -0.692691 0.117121 -0.58594 0.484596 -0.518093 0.39169
1393.610064 -2.45909 -0.711731 0.113331 -0.587213 0.469476 -0.523275 0.401195
1393.643530 -2.48122 -0.719905 0.10923 -0.594788 0.451619 -0.523359 0.41032
1393.676846 -2.50372 -0.72512 0.11568 -0.597798 0.438645 -0.520003 0.424057
1393.710163 -2.52409 -0.70795 0.140467 -0.601995 0.426809 -0.519037 0.431318
1393.743479 -2.54587 -0.674314 0.130874 -0.59678 0.426246 -0.512162 0.447055
1393.776795 -2.56946 -0.70456 0.098549 -0.588936 0.428996 -0.5076 0.459847
1393.810112 -2.59101 -0.692248 0.0786322 -0.598314 0.413374 -0.515363 0.453369
1393.843428 -2.61319 -0.65705 0.0629305 -0.613133 0.385836 -0.531354 0.43916
1393.876744 -2.63544 -0.661198 0.0543055 -0.621893 0.364528 -0.545865 0.427083
1393.910061 -2.65613 -0.656853 0.0216664 -0.610656 0.368333 -0.546319 0.43928
1393.943378 -2.67683 -0.663869 -0.00369672 -0.602816 0.368691 -0.548857 0.446583
1393.976693 -2.69696 -0.66679 -0.0290616 -0.59628 0.369224 -0.549366 0.454225
1394.010160 -2.71766 -0.67676 -0.05595 -0.585637 0.366191 -0.555904 0.462499
1394.043476 -2.73919 -0.683608 -0.0816031 -0.57464 0.365115 -0.565906 0.465005
1394.076792 -2.75999 -0.691327 -0.10471 -0.567405 0.367185 -0.571686 0.46519
1394.110109 -2.78084 -0.704496 -0.127566 -0.565289 0.364281 -0.572297 0.46928
1394.143425 -2.8013 -0.714635 -0.147061 -0.565178 0.360559 -0.572603 0.471907
1394.176741 -2.82291 -0.72821 -0.167668 -0.564451 0.355873 -0.576654 0.471402
1394.210058 -2.84385 -0.74387 -0.184569 -0.560251 0.351637 -0.580506 0.474851
1394.243374 -2.86308 -0.763114 -0.201892 -0.55467 0.348558 -0.581206 0.482752
1394.276690 -2.88063 -0.782611 -0.21736 -0.552012 0.344622 -0.579221 0.490939
1394.310007 -2.89814 -0.799803 -0.231972 -0.556138 0.33768 -0.577291 0.493374
1394.343473 -2.91587 -0.815519 -0.246018 -0.564074 0.327429 -0.579067 0.489175
1394.376789 -2.93343 -0.828969 -0.259191 -0.572762 0.312895 -0.584474 0.482111
1394.410106 -2.95081 -0.839449 -0.273834 -0.579537 0.298391 -0.591732 0.474293
1394.443422 -2.96825 -0.84598 -0.292115 -0.581803 0.287559 -0.599807 0.468025
1394.476738 -2.9859 -0.850768 -0.311649 -0.578246 0.280123 -0.60753 0.46698
1394.510055 -3.00396 -0.856393 -0.332673 -0.568435 0.278212 -0.614785 0.470658
1394.543371 -3.0185 -0.818661 -0.373694 -0.556108 0.280024 -0.620222 0.477132
1394.576687 -3.03551 -0.818371 -0.40241 -0.544111 0.280485 -0.622437 0.487691
1394.610004 -3.05353 -0.821441 -0.424961 -0.533894 0.275847 -0.626326 0.496569
1394.643320 -3.0748 -0.852859 -0.434307 -0.526 0.272165 -0.632516 0.499174
1394.676636 -3.09368 -0.854856 -0.456271 -0.515015 0.267757 -0.641732 0.501244
1394.710103 -3.11065 -0.860747 -0.478333 -0.502118 0.261204 -0.647739 0.509986
1394.743419 -3.12777 -0.868121 -0.497466 -0.489962 0.253095 -0.651274 0.521269
1394.776735 -3.14403 -0.878947 -0.516283 -0.481929 0.24757 -0.653587 0.528467
1394.810052 -3.15958 -0.893217 -0.536375 -0.479722 0.240266 -0.653199 0.534295
1394.843368 -3.17224 -0.91362 -0.555293 -0.479062 0.229597 -0.654232 0.538299
1394.876684 -3.18417 -0.935664 -0.570988 -0.477693 0.213074 -0.65585 0.544307
1394.910001 -3.19319 -0.958595 -0.587667 -0.476649 0.198011 -0.656149 0.550514
1394.943317 -3.20024 -0.982594 -0.602969 -0.478172 0.185896 -0.655519 0.554156
1394.976633 -3.207 -1.0049 -0.61681 -0.481556 0.170964 -0.657005 0.554274
1395.009950 -3.21181 -1.02785 -0.630907 -0.48614 0.153107 -0.660161 0.551736
1395.043417 -3.21658 -1.04653 -0.645959 -0.490772 0.135771 -0.662776 0.549033
1395.076732 -3.22118 -1.0595 -0.664469 -0.492397 0.123115 -0.667002 0.545432
1395.110049 -3.22582 -1.07136 -0.684393 -0.488192 0.115975 -0.674049 0.542104
1395.143365 -3.22995 -1.07741 -0.708792 -0.480358 0.113308 -0.679407 0.542977
1395.176681 -3.23272 -1.07968 -0.73511 -0.469299 0.110252 -0.681821 0.550203
1395.209998 -3.2296 -1.08628 -0.762838 -0.454162 0.107102 -0.684966 0.559542
1395.243314 -3.22504 -1.08139 -0.802698 -0.440373 0.11015 -0.684996 0.569842
1395.276630 -3.22042 -1.07871 -0.844635 -0.427987 0.118065 -0.681458 0.58181
1395.309947 -3.21811 -1.07608 -0.882282 -0.416689 0.12313 -0.676307 0.594826
1395.343263 -3.22006 -1.07408 -0.913966 -0.405588 0.128576 -0.672124 0.605983
1395.376579 -3.2225 -1.07212 -0.946516 -0.392039 0.13325 -0.672059 0.61391
1395.410046 -3.22553 -1.09226 -0.975969 -0.37119 0.137881 -0.67625 0.621203
1395.443362 -3.23598 -1.12332 -1.00278 -0.355225 0.136855 -0.681182 0.625362
1395.476678 -3.25958 -1.13099 -1.02203 -0.34193 0.1328 -0.680927 0.633867
1395.509995 -3.26714 -1.14483 -1.04893 -0.335914 0.131546 -0.67993 0.638399
1395.543311 -3.27292 -1.16137 -1.07421 -0.340714 0.127487 -0.680991 0.63554
1395.576627 -3.27599 -1.18117 -1.10034 -0.347308 0.117979 -0.685723 0.628683
1395.609944 -3.28188 -1.20806 -1.12247 -0.349069 0.104848 -0.689535 0.625859
1395.643260 -3.28835 -1.2379 -1.14159 -0.348866 0.0924079 -0.689393 0.628086
1395.676576 -3.29316 -1.26902 -1.15862 -0.353881 0.081741 -0.685948 0.630526
1395.709893 -3.29943 -1.29535 -1.17643 -0.360258 0.0674358 -0.684944 0.629697
1395.743359 -3.30343 -1.31841 -1.19698 -0.364855 0.0495389 -0.688715 0.624578
1395.776675 -3.30645 -1.33749 -1.21937 -0.367714 0.0320585 -0.694624 0.617459
1395.809992 -3.30487 -1.35501 -1.24228 -0.371148 0.0182312 -0.698163 0.611952
1395.843308 -3.3068 -1.37386 -1.26117 -0.372033 0.00326597 -0.700255 0.609282
1395.876624 -3.30802 -1.38423 -1.28467 -0.369267 -0.011483 -0.703104 0.607581
1395.909941 -3.30488 -1.39124 -1.31105 -0.362184 -0.0232422 -0.707798 0.606057
1395.943257 -3.30339 -1.40021 -1.33719 -0.350803 -0.0328689 -0.711547 0.607913
1395.976573 -3.29763 -1.40322 -1.36775 -0.340472 -0.0381203 -0.712207 0.612688
1396.009890 -3.29614 -1.40974 -1.3936 -0.331479 -0.0439203 -0.711319 0.618238
1396.043206 -3.29285 -1.41237 -1.42385 -0.320427 -0.0512745 -0.712182 0.62249
1396.076522 -3.28851 -1.41996 -1.45085 -0.307585 -0.0572781 -0.717667 0.622146
1396.109989 -3.28677 -1.42431 -1.47744 -0.297487 -0.0607206 -0.719802 0.624259
1396.143305 -3.28355 -1.4319 -1.50127 -0.287641 -0.0690221 -0.719539 0.628302
1396.176621 -3.28531 -1.43983 -1.52108 -0.273417 -0.0815904 -0.719741 0.632897
1396.209938 -3.2801 -1.45162 -1.54139 -0.259183 -0.0928916 -0.718486 0.638728
1396.243254 -3.26717 -1.46527 -1.56279 -0.248012 -0.102865 -0.715186 0.645305
1396.276570 -3.25595 -1.4808 -1.58313 -0.238094 -0.111358 -0.713644 0.649325
1396.309887 -3.24688 -1.49626 -1.60161 -0.228323 -0.118302 -0.711582 0.653854
1396.343203 -3.23735 -1.51262 -1.61658 -0.219203 -0.127702 -0.709341 0.65763
1396.376519 -3.2222 -1.5297 -1.63102 -0.211646 -0.139858 -0.70734 0.659785
1396.409836 -3.20783 -1.55095 -1.64096 -0.204286 -0.152619 -0.708002 0.658565
1396.443302 -3.19118 -1.57017 -1.6513 -0.199608 -0.166326 -0.711179 0.653236
1396.476618 -3.17726 -1.59072 -1.65986 -0.199035 -0.182247 -0.713453 0.64665
1396.509935 -3.15966 -1.61245 -1.66704 -0.198026 -0.199452 -0.717243 0.637626
1396.543251 -3.1422 -1.63088 -1.67502 -0.193478 -0.217838 -0.721303 0.628359
1396.576567 -3.12172 -1.64677 -1.68315 -0.186329 -0.231261 -0.724016 0.622576
1396.609884 -3.10323 -1.65765 -1.69363 -0.177271 -0.239404 -0.724476 0.621607
1396.643200 -3.08224 -1.66491 -1.70503 -0.169592 -0.243174 -0.722257 0.62486
1396.676516 -3.06068 -1.66777 -1.71846 -0.164935 -0.247516 -0.717983 0.629311
1396.709833 -3.03867 -1.66956 -1.73224 -0.156775 -0.252253 -0.715001 0.632902
1396.743149 -3.01563 -1.669 -1.74749 -0.142932 -0.255488 -0.713096 0.637017
1396.776615 -2.99168 -1.66579 -1.76399 -0.129714 -0.2546 -0.708317 0.645476
1396.809932 -2.96698 -1.66482 -1.77915 -0.117023 -0.258695 -0.700421 0.654823
1396.843248 -2.93998 -1.66284 -1.79456 -0.105239 -0.264969 -0.693943 0.661181
1396.876565 -2.91229 -1.66135 -1.80955 -0.0951345 -0.268366 -0.690231 0.665214
1396.909884 -2.88368 -1.66211 -1.82351 -0.0843789 -0.274378 -0.685801 0.668785
1396.943197 -2.85109 -1.66629 -1.83473 -0.0729643 -0.284589 -0.679625 0.672158
1396.976513 -2.81846 -1.67517 -1.8447 -0.0614439 -0.294272 -0.672005 0.676785
1397.009830 -2.78781 -1.68352 -1.85465 -0.0537864 -0.300556 -0.665499 0.681091
1397.043146 -2.75918 -1.69551 -1.86355 -0.0501246 -0.304125 -0.661709 0.683474
1397.076462 -2.73115 -1.70956 -1.87265 -0.0480449 -0.306334 -0.663035 0.681349
1397.109779 -2.70202 -1.72623 -1.87807 -0.044834 -0.311066 -0.668171 0.674371
1397.143245 -2.67355 -1.74466 -1.88048 -0.0400272 -0.321721 -0.670946 0.666877
1397.176561 -2.64425 -1.76402 -1.87795 -0.0360103 -0.335189 -0.668879 0.662535
1397.209878 -2.61745 -1.7826 -1.87478 -0.0316386 -0.34869 -0.664513 0.660179
1397.243194 -2.59165 -1.79929 -1.87037 -0.0290591 -0.361748 -0.661755 0.656029
1397.276510 -2.56581 -1.81471 -1.86494 -0.0249103 -0.374976 -0.663035 0.647424
1397.309827 -2.54123 -1.82893 -1.86025 -0.016208 -0.385487 -0.667624 0.636723
1397.343143 -2.51737 -1.84082 -1.85726 -0.00395032 -0.39027 -0.673238 0.628032
1397.376459 -2.49448 -1.84971 -1.85587 0.0102679 -0.392889 -0.677759 0.62143
1397.409776 -2.47113 -1.85623 -1.85374 0.0247216 -0.396678 -0.678818 0.617447
1397.443092 -2.44664 -1.85914 -1.85115 0.0367706 -0.401741 -0.676834 0.615749
1397.476558 -2.42253 -1.86032 -1.84924 0.0496521 -0.410047 -0.672695 0.613904
1397.509875 -2.3959 -1.86087 -1.84596 0.0654855 -0.418646 -0.666255 0.613637
1397.543191 -2.36756 -1.8618 -1.84348 0.0795864 -0.423139 -0.657927 0.61786
1397.576507 -2.3373 -1.86416 -1.83966 0.0905685 -0.428296 -0.648653 0.622583
1397.609824 -2.30671 -1.85889 -1.83808 0.100385 -0.437359 -0.641307 0.622386
1397.643140 -2.27567 -1.84623 -1.83866 0.113014 -0.447424 -0.636319 0.618173
1397.676456 -2.24513 -1.838 -1.83925 0.12735 -0.456912 -0.628114 0.616836
1397.709773 -2.21502 -1.84018 -1.83806 0.138226 -0.463934 -0.615988 0.621464
1397.743089 -2.18457 -1.83802 -1.83794 0.145371 -0.470739 -0.60912 0.621487
1397.776405 -2.15302 -1.84756 -1.8339 0.155124 -0.4777 -0.603707 0.619093
1397.809722 -2.1246 -1.85247 -1.83232 0.16724 -0.488261 -0.599906 0.611347
1397.843188 -2.09662 -1.85851 -1.82788 0.181775 -0.497129 -0.596426 0.603404
1397.876504 -2.0673 -1.86137 -1.8212 0.194184 -0.502867 -0.594461 0.596685
1397.909821 -2.03775 -1.87018 -1.81492 0.202644 -0.50389 -0.594482 0.592977
1397.943137 -2.00973 -1.88352 -1.80749 0.212179 -0.504517 -0.594955 0.588618
1397.976453 -1.98282 -1.89373 -1.79616 0.223911 -0.509725 -0.593872 0.580827
1398.009770 -1.95674 -1.90623 -1.78582 0.235028 -0.516471 -0.592093 0.572229
1398.043078 -1.93285 -1.92836 -1.78326 0.244727 -0.522534 -0.589475 0.56532
1398.076387 -1.90974 -1.95601 -1.78238 0.255077 -0.527124 -0.586901 0.559127
1398.109695 -1.88662 -1.95459 -1.78359 0.263336 -0.535532 -0.585519 0.548659
1398.143004 -1.86385 -1.96084 -1.78488 0.273413 -0.543373 -0.580627 0.541169
1398.176462 -1.84069 -1.96904 -1.7866 0.284119 -0.551052 -0.572099 0.536956
1398.209771 -1.81844 -1.96693 -1.79391 0.292376 -0.559209 -0.560192 0.536644
1398.243079 -1.79389 -1.96956 -1.79432 0.300829 -0.564723 -0.545414 0.5414
1398.276388 -1.76772 -1.96322 -1.7911 0.308543 -0.570879 -0.529413 0.546462
1398.309697 -1.74414 -1.95031 -1.79483 0.313265 -0.576919 -0.515977 0.55027
1398.343005 -1.71889 -1.94281 -1.78965 0.316199 -0.58165 -0.504421 0.554312
1398.376314 -1.69544 -1.93326 -1.7907 0.319547 -0.587275 -0.49227 0.557376
1398.409622 -1.66924 -1.92535 -1.78393 0.321862 -0.590541 -0.483501 0.560261
1398.442931 -1.63967 -1.91622 -1.76914 0.322774 -0.590192 -0.480177 0.562957
1398.476239 -1.61144 -1.89797 -1.76198 0.323658 -0.591073 -0.47619 0.564908
1398.509698 -1.58409 -1.89142 -1.75872 0.322889 -0.592626 -0.465507 0.572573
1398.543006 -1.55555 -1.87251 -1.75626 0.324448 -0.586444 -0.463862 0.579352
1398.576315 -1.52749 -1.86526 -1.75411 0.324967 -0.585018 -0.454762 0.587657
1398.609623 -1.49902 -1.8657 -1.74876 0.320207 -0.585631 -0.450893 0.592621
1398.642932 -1.47103 -1.86809 -1.7424 0.31431 -0.586931 -0.455176 0.591216
1398.676240 -1.44283 -1.87443 -1.73055 0.313319 -0.587744 -0.461679 0.585867
1398.709549 -1.41628 -1.88207 -1.72134 0.311963 -0.589626 -0.464517 0.582447
1398.742857 -1.3905 -1.8908 -1.70915 0.309727 -0.591539 -0.464865 0.581422
1398.776166 -1.36685 -1.89827 -1.69896 0.308456 -0.594118 -0.465235 0.579167
1398.809475 -1.34356 -1.9058 -1.68605 0.305479 -0.597337 -0.46796 0.575225
1398.842783 -1.32295 -1.91944 -1.67977 0.298356 -0.604664 -0.463684 0.574772
1398.876242 -1.303 -1.92459 -1.67397 0.301753 -0.604447 -0.476575 0.562552
1398.909550 -1.29011 -1.93807 -1.69249 0.305527 -0.607392 -0.483157 0.551622
1398.942859 -1.27423 -1.94759 -1.69882 0.309405 -0.609957 -0.485494 0.544534
1398.976167 -1.25667 -1.94488 -1.70002 0.312232 -0.612388 -0.482737 0.542639
1399.009476 -1.23748 -1.93477 -1.69475 0.319313 -0.615548 -0.471702 0.544644
1399.042792 -1.21215 -1.90825 -1.66518 0.331463 -0.616521 -0.458116 0.547872
1399.076108 -1.18494 -1.87786 -1.63115 0.345369 -0.615258 -0.449649 0.547716
1399.109425 -1.16335 -1.85632 -1.62042 0.357201 -0.615802 -0.439194 0.547999
1399.142741 -1.13981 -1.85674 -1.60489 0.373426 -0.612342 -0.426748 0.550886
1399.176057 -1.1178 -1.82567 -1.59222 0.389287 -0.612672 -0.416688 0.547229
1399.209374 -1.09638 -1.82613 -1.57174 0.405764 -0.611517 -0.410324 0.541329
1399.242840 -1.07775 -1.79987 -1.55315 0.407278 -0.627786 -0.383288 0.541387
1399.276156 -1.0592 -1.79867 -1.52452 0.418756 -0.633768 -0.371627 0.533737
1399.309473 -1.04351 -1.78685 -1.50291 0.430897 -0.643245 -0.357846 0.522024
1399.342790 -1.02707 -1.77912 -1.4781 0.446659 -0.646035 -0.349929 0.510572
1399.376105 -1.01076 -1.77704 -1.45305 0.455151 -0.648199 -0.344782 0.503786
1399.409422 -0.996345 -1.7798 -1.4258 0.464247 -0.652759 -0.341931 0.491389
1399.442738 -0.984505 -1.78638 -1.39476 0.476306 -0.657752 -0.338939 0.474991
1399.476054 -0.974787 -1.79336 -1.3636 0.488216 -0.660944 -0.336313 0.460101
1399.509371 -0.966639 -1.7995 -1.33005 0.498074 -0.663791 -0.333266 0.447478
1399.542687 -0.95958 -1.80495 -1.2969 0.507498 -0.66582 -0.329198 0.43676
1399.576153 -0.95001 -1.83953 -1.26016 0.516283 -0.666729 -0.319421 0.432312
1399.609470 -0.942739 -1.84836 -1.2328 0.52793 -0.664779 -0.31587 0.423775
1399.642786 -0.938685 -1.83043 -1.20533 0.540567 -0.661104 -0.316915 0.412668
1399.676102 -0.935828 -1.81436 -1.17361 0.55064 -0.65993 -0.311917 0.404965
1399.709419 -0.902056 -1.79664 -1.15199 0.56568 -0.662034 -0.297184 0.391661
1399.742735 -0.888793 -1.78947 -1.13645 0.57797 -0.661245 -0.28451 0.384397
1399.776051 -0.882507 -1.77898 -1.10469 0.582641 -0.663812 -0.269735 0.38357
1399.809368 -0.872087 -1.76995 -1.08128 0.582741 -0.669439 -0.250798 0.386477
1399.842684 -0.858861 -1.75771 -1.06444 0.581229 -0.67449 -0.233765 0.390627
1399.876000 -0.844506 -1.74502 -1.04807 0.579272 -0.677917 -0.219504 0.395841
1399.909467 -0.830303 -1.72687 -1.03142 0.575355 -0.682687 -0.209125 0.398965
1399.942783 -0.816288 -1.71092 -1.01026 0.571335 -0.68719 -0.202673 0.400337
1399.976099 -0.797154 -1.70167 -0.992216 0.568707 -0.690314 -0.198088 0.400999
1400.009416 -0.778196 -1.69184 -0.972299 0.565698 -0.692029 -0.196007 0.403314
1400.042732 -0.756359 -1.68223 -0.956973 0.561488 -0.691703 -0.195596 0.409903
1400.076048 -0.735179 -1.67482 -0.940164 0.554412 -0.692137 -0.197244 0.417934
1400.109365 -0.71464 -1.67327 -0.91991 0.546715 -0.697414 -0.199292 0.418329
1400.142681 -0.693842 -1.6734 -0.900785 0.540145 -0.700363 -0.20891 0.417242
1400.175997 -0.672159 -1.67418 -0.885697 0.538476 -0.697326 -0.2239 0.416712
1400.209314 -0.653326 -1.67496 -0.86728 0.539302 -0.694228 -0.23656 0.413813
1400.242630 -0.634305 -1.68029 -0.849569 0.536247 -0.695338 -0.243445 0.41192
1400.276096 -0.617863 -1.68492 -0.83083 0.527977 -0.70004 -0.249236 0.411175
1400.309413 -0.603181 -1.69175 -0.81024 0.521526 -0.704821 -0.256853 0.406527
1400.342729 -0.590365 -1.69871 -0.784721 0.522246 -0.706713 -0.265924 0.396358
1400.376045 -0.577781 -1.70027 -0.759123 0.528936 -0.705434 -0.274511 0.383711
1400.409362 -0.565506 -1.69585 -0.735748 0.534471 -0.703532 -0.28202 0.373962
1400.442678 -0.553915 -1.68845 -0.71255 0.537984 -0.70189 -0.284086 0.37043
1400.475994 -0.542244 -1.67856 -0.690284 0.541483 -0.700468 -0.27668 0.373616
1400.509311 -0.531505 -1.66363 -0.66884 0.544425 -0.69965 -0.263502 0.38034
1400.542627 -0.52343 -1.6428 -0.647767 0.546611 -0.69924 -0.248959 0.387685
1400.575943 -0.515947 -1.61778 -0.627102 0.549368 -0.698292 -0.233013 0.395333
1400.609410 -0.507112 -1.59403 -0.604036 0.55663 -0.694702 -0.216989 0.400585
1400.642726 -0.499867 -1.5682 -0.580433 0.567062 -0.689212 -0.201414 0.403558
1400.676042 -0.492518 -1.54362 -0.55569 0.580056 -0.682907 -0.184939 0.403697
1400.709359 -0.48849 -1.51418 -0.531114 0.590051 -0.680584 -0.167144 0.400884
1400.742675 -0.490899 -1.48734 -0.4998 0.598047 -0.680995 -0.146149 0.396518
1400.775991 -0.492365 -1.46346 -0.471279 0.604746 -0.680688 -0.12333 0.394634
1400.809308 -0.493551 -1.44548 -0.445896 0.609273 -0.678606 -0.103658 0.396907
1400.842624 -0.494733 -1.43354 -0.417275 0.615342 -0.678063 -0.0873632 0.392368
1400.875940 -0.497866 -1.427 -0.386462 0.623724 -0.678818 -0.0741153 0.38037
1400.909257 -0.498486 -1.42528 -0.357342 0.6341 -0.67868 -0.0618774 0.365353
1400.942573 -0.507392 -1.42309 -0.326422 0.644672 -0.67751 -0.0480493 0.350812
1400.976039 -0.518906 -1.42056 -0.29654 0.653307 -0.678401 -0.0309673 0.334669
1401.009356 -0.533747 -1.4159 -0.270305 0.656922 -0.683429 -0.011366 0.318197
1401.042672 -0.542543 -1.42395 -0.239897 0.663832 -0.683675 0.00507572 0.303134
1401.075988 -0.558695 -1.4271 -0.211735 0.668029 -0.687623 0.0173347 0.283923
1401.109305 -0.582787 -1.43512 -0.179032 0.675219 -0.688426 0.0254353 0.26363
1401.142621 -0.607119 -1.45289 -0.13748 0.690077 -0.680799 0.0308502 0.243629
1401.175937 -0.614842 -1.46031 -0.112097 0.701033 -0.675996 0.04069 0.223443
1401.209254 -0.631935 -1.45756 -0.091285 0.70825 -0.672462 0.049058 0.209215
1401.242570 -0.644667 -1.45407 -0.0704697 0.711083 -0.671178 0.0565832 0.20169
1401.275886 -0.65442 -1.44769 -0.0502517 0.71502 -0.668512 0.0651868 0.193879
1401.309353 -0.668175 -1.43378 -0.0323057 0.719378 -0.664671 0.0715175 0.188659
1401.342669 -0.672192 -1.41896 -0.0147206 0.719134 -0.663556 0.0803788 0.189944
1401.375985 -0.673704 -1.40224 0.00252691 0.718366 -0.662913 0.0910354 0.190287
1401.409302 -0.673349 -1.38495 0.019608 0.715472 -0.664679 0.0987425 0.191185
1401.442618 -0.67289 -1.36673 0.0370794 0.711123 -0.668604 0.103029 0.191463
1401.475934 -0.669988 -1.3505 0.0566469 0.707155 -0.672199 0.106393 0.191731
1401.509251 -0.663929 -1.33297 0.0752903 0.70255 -0.674802 0.107796 0.198607
1401.542567 -0.657439 -1.31906 0.0971097 0.695484 -0.67905 0.109691 0.207754
1401.575883 -0.651787 -1.30841 0.120542 0.687263 -0.686599 0.107791 0.211264
1401.609200 -0.64663 -1.3014 0.14662 0.680241 -0.694357 0.0974677 0.213637
1401.642516 -0.639904 -1.298 0.174834 0.677984 -0.696581 0.0816265 0.220113
1401.675982 -0.635789 -1.29817 0.204198 0.681221 -0.693641 0.0671659 0.224253
1401.709299 -0.630736 -1.29895 0.230018 0.681244 -0.694685 0.05673 0.223835
1401.742615 -0.629511 -1.30482 0.257482 0.675998 -0.701382 0.0474893 0.220988
1401.775931 -0.625271 -1.31097 0.282627 0.669555 -0.710229 0.0364204 0.214347
1401.809248 -0.626798 -1.32126 0.310501 0.669859 -0.712903 0.0210005 0.206441
1401.842564 -0.631915 -1.32981 0.336858 0.678788 -0.707566 0.00605455 0.196368
1401.875880 -0.6425 -1.33724 0.363017 0.690345 -0.69944 -0.00629606 0.184845
1401.909197 -0.653729 -1.34153 0.386533 0.697211 -0.695635 -0.0151169 0.17251
1401.942513 -0.671089 -1.34197 0.409326 0.704351 -0.691044 -0.0199754 0.161086
1401.975829 -0.684848 -1.34006 0.428706 0.709428 -0.688061 -0.0151608 0.151836
1402.009296 -0.700787 -1.33535 0.447881 0.718335 -0.680395 -0.00688278 0.144949
1402.042612 -0.710288 -1.32639 0.460644 0.722413 -0.678047 0.00989638 0.135182
1402.075928 -0.719176 -1.3103 0.468688 0.721272 -0.680441 0.036481 0.12424
1402.109245 -0.736329 -1.29557 0.480618 0.724281 -0.676333 0.0626011 0.118623
