2809.832627 -0.0848845 -0.00815406 -0.0110363 -0.707789 0.706423 -0.00119798 0.000383944
2809.865943 -0.0843213 -0.00685523 -0.0106223 -0.707975 0.706237 -0.00105452 0.000701887
2809.899410 -0.0841337 -0.00650357 -0.0105858 -0.707814 0.706397 -0.00114779 0.000746089
2809.932726 -0.084131 -0.0069338 -0.0105456 -0.707951 0.70626 -0.00106535 0.000833069
2809.966043 -0.0828963 -0.00582274 -0.0101948 -0.708379 0.70583 -0.00126448 0.00125839
2809.999359 -0.0841637 -0.00666283 -0.0104366 -0.707864 0.706348 -0.00108028 0.000803552
2810.032675 -0.0840884 -0.00675603 -0.0105491 -0.70775 0.706462 -0.00112065 0.000722047
2810.065991 -0.0829895 -0.00568504 -0.0100714 -0.708233 0.705976 -0.00126914 0.00123625
2810.099308 -0.0839939 -0.00671834 -0.0103882 -0.707846 0.706366 -0.000999545 0.000902625
2810.132624 -0.0839033 -0.00657352 -0.010361 -0.707813 0.706399 -0.00100935 0.000910153
2810.165940 -0.0838884 -0.00654529 -0.0103185 -0.707884 0.706328 -0.0011027 0.000824104
2810.199257 -0.0842488 -0.00736969 -0.0103901 -0.70767 0.706542 -0.00108565 0.000603629
2810.232573 -0.0838435 -0.00651107 -0.0101944 -0.707871 0.70634 -0.0010647 0.00082421
2810.266039 -0.08275 -0.00591193 -0.00972926 -0.708208 0.706002 -0.00127518 0.00104056
2810.299356 -0.0840212 -0.00691306 -0.0100517 -0.707799 0.706413 -0.00118394 0.000434943
2810.332672 -0.084208 -0.00735945 -0.0101591 0.707307 -0.706906 0.000860423 0.000106796
2810.365988 -0.0840788 -0.00717087 -0.0101178 0.707303 -0.70691 0.000339866 0.000172673
2810.399305 -0.0839565 -0.00681779 -0.0100008 0.70724 -0.706973 -0.000413452 0.000957638
2810.432621 -0.0836112 -0.00649797 -0.00999834 0.707047 -0.707163 -0.00126955 0.00175217
2810.465937 -0.0833195 -0.00652863 -0.00972661 0.706868 -0.707337 -0.00193187 0.00280676
2810.499254 -0.0830102 -0.00579015 -0.00945033 0.706827 -0.707372 -0.00172647 0.00421937
2810.532570 -0.0826915 -0.00572739 -0.00885632 0.706751 -0.707437 -0.000823485 0.00592685
2810.565886 -0.0823827 -0.00552375 -0.00857042 0.706728 -0.707444 -0.000666637 0.00758158
2810.599353 -0.0819526 -0.00457152 -0.00811488 0.706793 -0.707357 -0.00161694 0.00939839
2810.632669 -0.0815732 -0.00394929 -0.00770265 0.706896 -0.707213 -0.00388232 0.0115387
2810.665985 -0.0814033 -0.00418673 -0.00751746 0.706824 -0.707205 -0.00747167 0.014326
2810.699302 -0.0809511 -0.00322686 -0.00722021 0.706331 -0.707546 -0.0107201 0.0190024
2810.732618 -0.080209 -0.00173309 -0.00669832 0.706186 -0.707359 -0.0120458 0.0282695
2810.765934 -0.0776947 0.00325661 -0.00564382 0.705465 -0.707452 -0.014902 0.0401103
2810.799251 -0.0764326 0.00807065 -0.004022 0.704903 -0.706802 -0.0145943 0.0577006
2810.832567 -0.0747967 0.0150704 -0.00201294 0.706918 -0.702495 -0.00708725 0.0819588
2810.865883 -0.0744777 0.0206026 8.51927e-07 0.709407 -0.696035 0.00576297 0.110651
2810.899200 -0.0780007 0.0221413 0.000972898 0.706759 -0.69459 0.0164118 0.133297
2810.932516 -0.0824789 0.0192256 0.00144642 0.702843 -0.696704 0.0205634 0.142104
2810.965982 -0.0894539 0.0107574 0.00237433 0.698455 -0.701254 0.0190449 0.141569
2810.999299 -0.0964659 0.000602566 0.0043481 0.694446 -0.705369 0.0192772 0.14081
2811.032615 -0.105999 -0.0118188 0.00804242 0.687598 -0.710942 0.0216683 0.145949
2811.065931 -0.114251 -0.0222441 0.0119283 0.684135 -0.713351 0.0227393 0.150239
2811.099248 -0.123889 -0.0358522 0.0173681 0.681993 -0.713725 0.0241982 0.15779
2811.132564 -0.134075 -0.0499435 0.023734 0.678297 -0.715046 0.0244747 0.167405
2811.165880 -0.1461 -0.0665749 0.0304999 0.676452 -0.713848 0.03215 0.178327
2811.199197 -0.159667 -0.085213 0.037008 0.682432 -0.707694 0.0397122 0.178545
2811.232513 -0.17482 -0.106206 0.0430488 0.686168 -0.705503 0.0375775 0.173284
2811.265829 -0.190716 -0.126796 0.0481722 0.6863 -0.707419 0.033353 0.165644
2811.299296 -0.208419 -0.14996 0.0530195 0.687285 -0.710077 0.0233463 0.151279
2811.332612 -0.225552 -0.172865 0.0578053 0.690707 -0.709932 0.01483 0.13675
2811.365928 -0.244394 -0.19684 0.0629069 0.695066 -0.707629 0.0110656 0.126579
2811.399245 -0.262669 -0.218267 0.0679565 0.697936 -0.706181 0.00862188 0.118823
2811.432561 -0.280421 -0.240121 0.0735312 0.702251 -0.702645 0.0109447 0.114079
2811.465877 -0.299038 -0.260688 0.0785124 0.706691 -0.698604 0.0154426 0.110917
2811.499194 -0.317419 -0.281446 0.0830069 0.712633 -0.693375 0.0179694 0.10518
2811.532510 -0.336186 -0.301905 0.0865438 0.719403 -0.687388 0.0228479 0.0971337
2811.565826 -0.355836 -0.319775 0.0888116 0.722553 -0.685101 0.0275335 0.0882951
2811.599143 -0.376245 -0.337108 0.0907464 0.724772 -0.683849 0.0321874 0.077584
2811.632609 -0.39735 -0.354222 0.0924045 0.728528 -0.680704 0.0385756 0.0663431
2811.665925 -0.417957 -0.369523 0.0940553 0.731547 -0.677675 0.050361 0.0553075
2811.699242 -0.438646 -0.384115 0.0962176 0.737091 -0.671526 0.0628983 0.0423435
2811.732558 -0.45894 -0.394675 0.0971716 0.742588 -0.665179 0.0723155 0.029504
2811.765874 -0.478521 -0.407204 0.098909 0.745824 -0.660601 0.0834616 0.0196672
2811.799191 -0.498501 -0.418126 0.0996413 0.749802 -0.655079 0.0928881 0.00636318
2811.832507 -0.516004 -0.426874 0.101015 -0.754515 0.648199 -0.10234 0.00845183
2811.865823 -0.538202 -0.434043 0.101397 -0.75607 0.644178 -0.114514 0.0167075
2811.899140 -0.558602 -0.438286 0.102632 -0.754971 0.643168 -0.125355 0.0252847
2811.932456 -0.57962 -0.439338 0.104111 -0.753212 0.64272 -0.13601 0.0329213
2811.965772 -0.599089 -0.439138 0.107806 -0.753948 0.637295 -0.154967 0.037451
2811.999239 -0.6197 -0.436968 0.112432 -0.75539 0.630496 -0.174183 0.0390134
2812.032555 -0.63978 -0.43523 0.117938 -0.755579 0.624687 -0.192353 0.0432053
2812.065871 -0.659975 -0.433941 0.123831 -0.754195 0.620677 -0.208135 0.0512865
2812.099188 -0.680675 -0.432842 0.129725 -0.750293 0.619938 -0.221728 0.0597797
2812.132504 -0.701845 -0.432106 0.136112 -0.745438 0.618429 -0.239248 0.0680316
2812.165820 -0.723902 -0.432191 0.141945 -0.740799 0.616922 -0.254234 0.0773859
2812.199137 -0.745224 -0.432511 0.146967 -0.734532 0.616607 -0.269647 0.0868856
2812.232453 -0.768784 -0.43177 0.149944 -0.727519 0.615708 -0.286144 0.0986993
2812.265769 -0.796798 -0.432153 0.15314 -0.722431 0.613144 -0.299655 0.11115
2812.299086 -0.820229 -0.436025 0.159399 -0.718 0.612285 -0.308118 0.12102
2812.332552 -0.845267 -0.439988 0.164787 -0.713966 0.610985 -0.315589 0.131728
2812.365868 -0.873579 -0.445108 0.169941 -0.707962 0.610486 -0.32578 0.141295
2812.399185 -0.899433 -0.45021 0.172727 -0.697369 0.614966 -0.335376 0.151713
2812.432501 -0.926503 -0.456513 0.173547 -0.684254 0.620404 -0.345877 0.165117
2812.465817 -0.953941 -0.465399 0.173441 -0.673468 0.622095 -0.356457 0.179938
2812.499134 -0.980668 -0.475228 0.173307 -0.669535 0.618273 -0.363518 0.193176
2812.532450 -1.00717 -0.488046 0.174993 -0.669313 0.612144 -0.369271 0.202335
2812.565766 -1.03583 -0.501574 0.175481 -0.669894 0.604456 -0.374491 0.213614
2812.599083 -1.06439 -0.515201 0.176009 -0.667961 0.599853 -0.379762 0.223124
2812.632399 -1.09313 -0.529213 0.176329 -0.662118 0.599242 -0.385772 0.231709
2812.665715 -1.12189 -0.545633 0.177975 -0.654921 0.600291 -0.389948 0.242219
2812.699182 -1.1513 -0.562385 0.177814 -0.648126 0.602676 -0.389425 0.255074
2812.732498 -1.181 -0.584569 0.177565 -0.642756 0.601076 -0.389978 0.271091
2812.765814 -1.20987 -0.608274 0.176935 -0.642986 0.595551 -0.387629 0.285714
2812.799131 -1.23693 -0.625689 0.177456 -0.644823 0.589466 -0.384834 0.297718
2812.832447 -1.2635 -0.639449 0.178496 -0.646554 0.584722 -0.380539 0.308639
2812.865764 -1.29165 -0.654205 0.178554 -0.647606 0.582314 -0.375571 0.31696
2812.899080 -1.31813 -0.668655 0.179715 -0.649007 0.582071 -0.369332 0.321834
2812.932396 -1.3433 -0.682847 0.182394 -0.652554 0.581864 -0.362643 0.322642
2812.965712 -1.36778 -0.698458 0.185746 -0.658493 0.576881 -0.360601 0.321811
2812.999029 -1.39181 -0.712173 0.187548 -0.666685 0.569463 -0.356603 0.322609
2813.032495 -1.4159 -0.724965 0.187995 -0.675386 0.559569 -0.352763 0.326028
2813.065811 -1.43914 -0.736144 0.188528 -0.683395 0.548343 -0.351145 0.330133
2813.099128 -1.46114 -0.742664 0.188828 -0.689654 0.540451 -0.348852 0.332553
2813.132444 -1.48219 -0.746522 0.189636 -0.692616 0.536339 -0.348676 0.33324
2813.165760 -1.50416 -0.747358 0.189208 -0.692263 0.534997 -0.352007 0.332627
2813.199077 -1.52336 -0.744334 0.189653 -0.688171 0.537147 -0.358147 0.331095
2813.232393 -1.54333 -0.736989 0.188661 -0.684114 0.539389 -0.364025 0.329443
2813.265709 -1.56337 -0.730323 0.186529 -0.681339 0.538851 -0.369979 0.329442
2813.299026 -1.58402 -0.720227 0.182297 -0.679947 0.535672 -0.374272 0.332638
2813.332342 -1.60343 -0.709312 0.178975 -0.679148 0.53041 -0.380965 0.335095
2813.365658 -1.62296 -0.695819 0.175698 -0.676579 0.526716 -0.392129 0.333234
2813.399125 -1.64226 -0.68235 0.17227 -0.670477 0.526387 -0.40602 0.329432
2813.432441 -1.66326 -0.667239 0.166786 -0.661914 0.528993 -0.418559 0.326872
2813.465757 -1.68569 -0.652733 0.159809 -0.650805 0.533257 -0.431863 0.324937
2813.499074 -1.70993 -0.633481 0.150572 -0.641123 0.53577 -0.445107 0.322168
2813.532390 -1.73506 -0.616584 0.141554 -0.633493 0.536017 -0.457621 0.319305
2813.565706 -1.76306 -0.603536 0.129282 -0.627215 0.531597 -0.470409 0.320502
2813.599023 -1.79109 -0.596055 0.121154 -0.621264 0.525893 -0.483483 0.322044
2813.632339 -1.82008 -0.589303 0.111999 -0.615158 0.521711 -0.494607 0.323671
2813.665655 -1.85031 -0.587421 0.101852 -0.609507 0.515457 -0.504424 0.329184
2813.698972 -1.8807 -0.586977 0.092534 -0.607138 0.504803 -0.513941 0.335293
2813.732438 -1.91822 -0.616176 0.094451 -0.596829 0.496009 -0.530781 0.340648
2813.765754 -1.95691 -0.645328 0.102316 -0.583442 0.487614 -0.547289 0.349718
2813.799071 -1.98904 -0.65298 0.0919214 -0.573073 0.480003 -0.55881 0.359048
2813.832387 -2.02291 -0.666734 0.0872196 -0.564254 0.470495 -0.571205 0.366029
2813.865703 -2.0551 -0.672055 0.0888271 -0.558529 0.461482 -0.580362 0.371832
2813.899020 -2.08536 -0.683844 0.0922172 -0.549907 0.454278 -0.590328 0.377819
2813.932336 -2.11047 -0.698657 0.0810867 -0.541214 0.446988 -0.597133 0.388229
2813.965652 -2.13508 -0.715345 0.0740392 -0.533218 0.439733 -0.601871 0.400082
2813.998969 -2.15877 -0.738875 0.0655007 -0.527253 0.429818 -0.606864 0.411069
2814.032285 -2.18069 -0.750338 0.0463714 -0.524785 0.417486 -0.607924 0.425129
2814.065601 -2.20029 -0.76778 0.0322417 -0.526886 0.40282 -0.610264 0.433249
2814.099068 -2.21971 -0.718027 0.0434003 -0.545214 0.366938 -0.625446 0.420613
2814.132384 -2.24077 -0.705696 0.0432454 -0.549446 0.34825 -0.635003 0.416656
2814.165700 -2.2608 -0.718064 0.022633 -0.54871 0.338517 -0.640236 0.417638
2814.199017 -2.28 -0.752778 -0.00579806 -0.537611 0.342536 -0.638191 0.43169
2814.232333 -2.29803 -0.773577 -0.0267986 -0.533132 0.336278 -0.638484 0.441617
2814.265649 -2.31501 -0.788001 -0.0533929 -0.533189 0.324719 -0.638857 0.449587
2814.298966 -2.33155 -0.803413 -0.0771535 -0.534011 0.313491 -0.638721 0.456718
2814.332282 -2.34816 -0.816059 -0.0997405 -0.533376 0.30446 -0.640174 0.461511
2814.365598 -2.36599 -0.831734 -0.120905 -0.533156 0.293274 -0.644693 0.462716
2814.398915 -2.38383 -0.843991 -0.140476 -0.532628 0.284909 -0.648266 0.463557
2814.432381 -2.403 -0.852334 -0.157026 -0.532231 0.279943 -0.650166 0.464378
2814.465697 -2.42205 -0.861832 -0.174967 -0.535248 0.275372 -0.650873 0.462648
2814.499014 -2.44121 -0.871409 -0.190842 -0.540653 0.267893 -0.649974 0.462019
2814.532330 -2.45953 -0.882584 -0.208559 -0.543824 0.257363 -0.650452 0.463609
2814.565646 -2.47707 -0.89609 -0.225659 -0.542799 0.250955 -0.648892 0.470457
2814.598963 -2.49474 -0.903576 -0.241346 -0.539956 0.252067 -0.64518 0.478176
2814.632279 -2.51236 -0.907708 -0.256892 -0.536727 0.256383 -0.64266 0.482887
2814.665595 -2.52905 -0.90924 -0.27201 -0.532589 0.258799 -0.642558 0.486303
2814.698912 -2.54442 -0.90988 -0.285614 -0.525552 0.260151 -0.644684 0.490407
2814.732228 -2.5574 -0.908846 -0.302452 -0.517005 0.261957 -0.646835 0.49567
2814.765544 -2.57023 -0.906018 -0.316961 -0.505604 0.264128 -0.651752 0.49982
2814.799011 -2.58275 -0.901245 -0.331172 -0.494931 0.266337 -0.65862 0.500328
2814.832327 -2.59389 -0.897015 -0.348269 -0.485053 0.265225 -0.666272 0.500461
2814.865643 -2.60309 -0.889528 -0.368783 -0.47483 0.263397 -0.673704 0.501281
2814.898960 -2.61247 -0.882302 -0.388244 -0.464215 0.262748 -0.681668 0.500796
2814.932276 -2.6207 -0.87213 -0.412801 -0.453525 0.263226 -0.690883 0.497703
2814.965592 -2.62883 -0.861473 -0.436435 -0.44386 0.262438 -0.699597 0.494651
2814.998909 -2.63791 -0.852048 -0.458444 -0.433297 0.2586 -0.708598 0.493222
2815.032225 -2.64677 -0.844125 -0.484986 -0.421941 0.251972 -0.718622 0.491994
2815.065542 -2.65676 -0.837097 -0.510615 -0.408891 0.248967 -0.728852 0.489488
2815.098858 -2.6681 -0.829759 -0.537854 -0.393065 0.248091 -0.738111 0.489022
2815.132324 -2.6815 -0.826793 -0.564646 -0.372775 0.249366 -0.746494 0.491531
2815.165640 -2.70222 -0.827752 -0.578299 -0.34979 0.250594 -0.754195 0.496023
2815.198957 -2.72068 -0.833501 -0.597435 -0.329739 0.249259 -0.76009 0.501404
2815.232273 -2.73531 -0.843554 -0.621856 -0.314365 0.243615 -0.765637 0.505595
2815.265589 -2.74872 -0.858516 -0.64511 -0.301945 0.230236 -0.772635 0.508778
2815.298906 -2.7623 -0.875832 -0.664467 -0.290917 0.214126 -0.779088 0.512387
2815.332222 -2.77559 -0.892836 -0.683188 -0.279955 0.197151 -0.78573 0.515155
2815.365538 -2.78486 -0.909857 -0.704486 -0.270603 0.181208 -0.791953 0.516476
2815.398855 -2.77053 -0.903572 -0.74329 -0.268013 0.166298 -0.791969 0.52278
2815.432171 -2.77134 -0.928293 -0.772017 -0.26377 0.151915 -0.796787 0.521994
2815.465640 -2.76295 -0.958792 -0.81063 -0.262789 0.138799 -0.79914 0.522543
2815.498954 -2.74529 -0.997512 -0.855479 -0.265524 0.125521 -0.798353 0.525712
2815.532270 -2.73084 -1.00559 -0.897029 -0.273567 0.0972396 -0.800185 0.524794
2815.565586 -2.72118 -0.986118 -0.936208 -0.277858 0.0689523 -0.799083 0.528685
2815.598903 -2.78109 -1.06177 -0.933531 -0.258423 0.0537864 -0.800949 0.537407
2815.632219 -2.7932 -1.07526 -0.947045 -0.252294 0.0474398 -0.80296 0.537914
2815.665535 -2.80039 -1.08162 -0.962315 -0.248142 0.0459683 -0.806411 0.534802
2815.698852 -2.81265 -1.08189 -0.97866 -0.243187 0.0396627 -0.81094 0.530719
2815.732168 -2.82599 -1.07588 -0.997437 -0.236136 0.0346315 -0.816337 0.525961
2815.765484 -2.83307 -1.06569 -1.01713 -0.229258 0.0364731 -0.819417 0.524086
2815.798801 -2.84625 -1.05684 -1.03518 -0.21984 0.0426167 -0.818345 0.529306
2815.832267 -2.86082 -1.04549 -1.05263 -0.210239 0.0513026 -0.81471 0.537973
2815.865583 -2.87423 -1.03354 -1.07132 -0.203179 0.0577139 -0.810095 0.546931
2815.898900 -2.88538 -1.01669 -1.09125 -0.196904 0.0663461 -0.805516 0.554952
2815.932216 -2.89913 -1.00393 -1.10947 -0.193553 0.0770988 -0.800795 0.561534
2815.965532 -2.91362 -0.992538 -1.12774 -0.193089 0.0868608 -0.795161 0.568236
2815.998849 -2.92681 -0.985861 -1.14661 -0.196619 0.0934033 -0.790576 0.572369
2816.032164 -2.94231 -0.986148 -1.16431 -0.198622 0.0983365 -0.784541 0.579115
2816.065480 -2.95259 -0.991428 -1.18352 -0.200882 0.10475 -0.776396 0.588118
2816.098795 -2.9663 -0.999495 -1.20174 -0.20144 0.109903 -0.768347 0.597483
2816.132111 -2.97995 -1.01252 -1.22002 -0.20156 0.113427 -0.759756 0.607683
2816.165576 -2.99166 -1.02531 -1.23736 -0.207646 0.11717 -0.751691 0.61491
2816.198891 -3.00322 -1.03604 -1.25375 -0.220633 0.119253 -0.748635 0.613715
2816.232207 -3.01347 -1.04961 -1.26887 -0.235643 0.120008 -0.748098 0.608621
2816.265522 -3.02299 -1.06534 -1.28318 -0.249939 0.118834 -0.745907 0.605831
2816.298838 -3.03204 -1.08237 -1.29738 -0.25819 0.1164 -0.743685 0.605575
2816.332153 -3.03759 -1.10523 -1.31156 -0.262765 0.115871 -0.739682 0.608605
2816.365468 -3.04029 -1.12364 -1.3254 -0.268383 0.117409 -0.731793 0.615357
2816.398784 -3.04247 -1.14225 -1.33906 -0.274015 0.117415 -0.724518 0.621453
2816.432099 -3.04656 -1.15935 -1.353 -0.278261 0.112594 -0.718885 0.626975
2816.465415 -3.04663 -1.17258 -1.36886 -0.282914 0.106593 -0.716525 0.628641
2816.498730 -3.04884 -1.18135 -1.38551 -0.284342 0.0977831 -0.716923 0.628975
2816.532195 -3.05002 -1.18569 -1.40607 -0.277652 0.088113 -0.719317 0.630657
2816.565511 -3.04495 -1.18365 -1.43164 -0.267076 0.081917 -0.724002 0.630699
2816.598826 -3.03831 -1.18199 -1.45788 -0.255148 0.075778 -0.729442 0.630136
2816.632142 -3.03093 -1.17773 -1.48529 -0.240337 0.0676582 -0.73452 0.630984
2816.665457 -3.01838 -1.17587 -1.514 -0.225741 0.0586438 -0.738871 0.632195
2816.698772 -3.00705 -1.17622 -1.54183 -0.207677 0.048291 -0.741603 0.636053
2816.732088 -2.99551 -1.17849 -1.56863 -0.18764 0.0393726 -0.744066 0.640006
2816.765403 -2.9789 -1.18505 -1.59612 -0.166841 0.031709 -0.747463 0.642229
2816.798719 -2.96902 -1.19196 -1.62191 -0.14491 0.0237274 -0.749672 0.645314
2816.832034 -2.94798 -1.19523 -1.64767 -0.123685 0.0137548 -0.746769 0.653337
2816.865499 -2.9241 -1.19899 -1.67525 -0.10652 -0.00193438 -0.743798 0.659859
2816.898815 -2.89795 -1.20333 -1.70245 -0.0904795 -0.0182186 -0.743187 0.662687
2816.932130 -2.87827 -1.20781 -1.72857 -0.0740549 -0.0346579 -0.74612 0.660773
2816.965446 -2.86739 -1.22445 -1.74537 -0.054953 -0.0476801 -0.746613 0.661268
2816.998761 -2.85834 -1.23964 -1.76302 -0.0370927 -0.0601612 -0.745028 0.663278
2817.032077 -2.83826 -1.26123 -1.7785 -0.0223216 -0.0759207 -0.74269 0.664943
2817.065393 -2.81777 -1.28673 -1.79103 -0.0122623 -0.095666 -0.739814 0.665863
2817.098710 -2.78777 -1.31649 -1.80141 -0.00620596 -0.116971 -0.739639 0.662732
2817.132026 -2.77198 -1.33867 -1.81193 -0.00198011 -0.139196 -0.736555 0.661896
2817.165342 -2.75263 -1.35115 -1.82425 0.00368382 -0.157529 -0.733513 0.661157
2817.198659 -2.74312 -1.36803 -1.83292 0.0122345 -0.169915 -0.733769 0.657695
2817.232125 -2.72963 -1.38251 -1.84143 0.0194529 -0.178969 -0.733959 0.654901
2817.265441 -2.71697 -1.39422 -1.84969 0.0228384 -0.189214 -0.734397 0.651412
2817.298758 -2.70417 -1.40851 -1.85695 0.0262614 -0.200261 -0.734866 0.647439
2817.332074 -2.69276 -1.41634 -1.86666 0.0314778 -0.210336 -0.736204 0.642473
2817.365390 -2.68087 -1.42397 -1.87662 0.0371792 -0.217829 -0.735682 0.640265
2817.398707 -2.6693 -1.42648 -1.88931 0.0437227 -0.222082 -0.736799 0.637099
2817.432023 -2.65708 -1.42542 -1.90249 0.0498671 -0.224426 -0.737497 0.635015
2817.465339 -2.64464 -1.42169 -1.91608 0.0565139 -0.227462 -0.735801 0.635345
2817.498656 -2.63387 -1.41637 -1.93145 0.0633798 -0.226913 -0.731854 0.639439
2817.531972 -2.62133 -1.40776 -1.9471 0.0684039 -0.222953 -0.725087 0.647967
2817.565438 -2.61069 -1.39876 -1.96394 0.0723708 -0.219331 -0.719524 0.654936
2817.598755 -2.59946 -1.39232 -1.98081 0.0743438 -0.215491 -0.717296 0.658425
2817.632071 -2.58797 -1.38885 -1.99828 0.0764583 -0.21084 -0.715333 0.661815
2817.665387 -2.57829 -1.38516 -2.01762 0.0765401 -0.204334 -0.714004 0.665272
2817.698704 -2.56831 -1.38188 -2.03753 0.073198 -0.197278 -0.71327 0.668557
2817.732020 -2.55826 -1.38283 -2.05717 0.0689106 -0.189238 -0.714705 0.669804
2817.765336 -2.54861 -1.38632 -2.07596 0.0656315 -0.183399 -0.715662 0.670735
2817.798653 -2.53918 -1.3904 -2.0944 0.0609136 -0.178102 -0.715521 0.672755
2817.831969 -2.52946 -1.39726 -2.11167 0.0538096 -0.171518 -0.716986 0.673511
2817.865285 -2.52044 -1.40641 -2.12817 0.0438492 -0.16645 -0.723457 0.668567
2817.898602 -2.51159 -1.41731 -2.14321 0.0331183 -0.163598 -0.731206 0.66142
2817.932068 -2.50165 -1.43028 -2.15542 0.0227978 -0.164691 -0.736135 0.656096
2817.965384 -2.4901 -1.44558 -2.1651 0.0162677 -0.166925 -0.737807 0.653844
2817.998701 -2.47775 -1.46144 -2.17348 0.0124707 -0.168174 -0.737111 0.654393
2818.032019 -2.46413 -1.47718 -2.17992 0.00798617 -0.171531 -0.733569 0.657563
2818.065333 -2.44881 -1.49413 -2.18364 0.00306536 -0.177199 -0.728755 0.661443
2818.098650 -2.4324 -1.50831 -2.1867 -0.000877834 -0.185636 -0.724651 0.663641
2818.131966 -2.41473 -1.52016 -2.1893 -0.00119113 -0.196327 -0.720492 0.665091
2818.165282 -2.39614 -1.52929 -2.1919 0.00159613 -0.20462 -0.716591 0.666803
2818.198599 -2.37635 -1.53367 -2.19596 0.00780693 -0.210245 -0.713426 0.668401
2818.231915 -2.35485 -1.53583 -2.19917 0.0193652 -0.216712 -0.711357 0.668306
2818.265381 -2.3329 -1.53531 -2.20135 0.0336994 -0.2264 -0.710101 0.665856
2818.298698 -2.30944 -1.53378 -2.20199 0.050103 -0.236825 -0.707705 0.663745
2818.332014 -2.28413 -1.53062 -2.20168 0.0669892 -0.246347 -0.703895 0.66284
2818.365330 -2.25823 -1.52723 -2.20175 0.0862248 -0.254206 -0.700704 0.661028
2818.398647 -2.23134 -1.52455 -2.20165 0.10623 -0.260076 -0.69738 0.659345
2818.431963 -2.20265 -1.52046 -2.20035 0.126079 -0.266128 -0.6925 0.658577
2818.465279 -2.17341 -1.51588 -2.19816 0.146011 -0.273155 -0.686139 0.658241
2818.498596 -2.14614 -1.5055 -2.19598 0.164737 -0.282344 -0.682125 0.654102
2818.531912 -2.11568 -1.50116 -2.18999 0.183201 -0.291569 -0.677101 0.650353
2818.565228 -2.08537 -1.49897 -2.1837 0.200174 -0.301032 -0.673246 0.64502
2818.598695 -2.05537 -1.50006 -2.1773 0.216347 -0.311334 -0.668228 0.640108
2818.632011 -2.02551 -1.50459 -2.17057 0.230413 -0.32279 -0.661132 0.636883
2818.665327 -1.99368 -1.52297 -2.16347 0.245634 -0.332474 -0.652864 0.634739
2818.698644 -1.96679 -1.53319 -2.15864 0.260593 -0.344817 -0.646691 0.628477
2818.731960 -1.94237 -1.54588 -2.15565 0.27388 -0.356798 -0.639502 0.623476
2818.765276 -1.91556 -1.56519 -2.1498 0.284382 -0.366132 -0.633525 0.619452
2818.798593 -1.8911 -1.57906 -2.14208 0.29104 -0.377433 -0.633793 0.609218
2818.831909 -1.86852 -1.59633 -2.13293 0.297185 -0.390934 -0.633246 0.598207
2818.865225 -1.84836 -1.61339 -2.12279 0.301241 -0.407302 -0.628867 0.589818
2818.898542 -1.83059 -1.6327 -2.11791 0.304794 -0.424496 -0.622637 0.582432
2818.931858 -1.81406 -1.64354 -2.11481 0.306635 -0.440603 -0.617979 0.57441
2818.965324 -1.80004 -1.66875 -2.12492 0.312636 -0.451427 -0.610906 0.570322
2818.998641 -1.78555 -1.68398 -2.12795 0.318249 -0.457202 -0.606856 0.56693
2819.031957 -1.77183 -1.67445 -2.12712 0.320481 -0.462666 -0.606576 0.561515
2819.065273 -1.7598 -1.68566 -2.13561 0.32611 -0.469142 -0.60595 0.553518
2819.098590 -1.74714 -1.68893 -2.13906 0.331654 -0.474705 -0.60761 0.543572
2819.131906 -1.73322 -1.68971 -2.14245 0.338497 -0.477894 -0.608924 0.535022
2819.165222 -1.71984 -1.69111 -2.15458 0.345844 -0.479651 -0.604287 0.534007
2819.198539 -1.70416 -1.68729 -2.16105 0.351145 -0.477512 -0.598822 0.538601
2819.231855 -1.68754 -1.67344 -2.16617 0.355727 -0.474218 -0.595064 0.542656
2819.265171 -1.67171 -1.65912 -2.17422 0.362049 -0.472474 -0.591179 0.544238
2819.298638 -1.65467 -1.65166 -2.17934 0.365999 -0.469426 -0.587334 0.548382
2819.331954 -1.63742 -1.64186 -2.18349 0.367214 -0.468449 -0.582839 0.553179
2819.365270 -1.61979 -1.63212 -2.18896 0.370116 -0.466634 -0.57907 0.556727
2819.398587 -1.60051 -1.62031 -2.19059 0.371151 -0.461855 -0.576105 0.563063
2819.431903 -1.58063 -1.61086 -2.19187 0.370417 -0.457655 -0.573925 0.569169
2819.465219 -1.56081 -1.60529 -2.19485 0.369401 -0.452919 -0.572364 0.575158
2819.498536 -1.54057 -1.60533 -2.19762 0.366667 -0.448136 -0.572205 0.580784
2819.531852 -1.51984 -1.60119 -2.19825 0.361935 -0.445894 -0.572484 0.585186
2819.565168 -1.49859 -1.5993 -2.19741 0.356479 -0.442755 -0.573505 0.589901
2819.598485 -1.47769 -1.60428 -2.19881 0.3512 -0.437596 -0.574895 0.595536
2819.631801 -1.45658 -1.60717 -2.19782 0.345164 -0.43189 -0.577113 0.601061
2819.665268 -1.43611 -1.61565 -2.19766 0.339321 -0.425402 -0.58223 0.604072
2819.698584 -1.416 -1.62711 -2.19436 0.332338 -0.421221 -0.591223 0.602146
2819.731900 -1.39628 -1.63384 -2.18824 0.325886 -0.420301 -0.602943 0.594647
2819.765216 -1.37685 -1.64595 -2.18089 0.319782 -0.422318 -0.612287 0.586934
2819.798533 -1.35724 -1.65364 -2.16935 0.31377 -0.425857 -0.619693 0.579805
2819.831849 -1.33864 -1.65943 -2.16158 0.311491 -0.431075 -0.622544 0.574097
2819.865165 -1.31986 -1.66741 -2.15326 0.314679 -0.436345 -0.620629 0.570438
2819.898482 -1.30175 -1.6727 -2.14555 0.319549 -0.44227 -0.614811 0.569467
2819.931798 -1.2836 -1.67941 -2.13651 0.325923 -0.450122 -0.60721 0.567856
2819.965114 -1.26574 -1.68492 -2.12684 0.335234 -0.459345 -0.598825 0.56394
2819.998581 -1.24826 -1.68268 -2.11816 0.346759 -0.467289 -0.591219 0.558443
2820.031897 -1.22941 -1.69258 -2.10343 0.361975 -0.472765 -0.584722 0.550969
2820.065213 -1.21505 -1.66602 -2.10423 0.374671 -0.482335 -0.570541 0.549052
2820.098530 -1.19583 -1.65705 -2.0795 0.3923 -0.486257 -0.558612 0.545534
2820.131846 -1.17516 -1.63518 -2.04153 0.406041 -0.491425 -0.544246 0.545371
2820.165162 -1.15555 -1.62355 -2.00796 0.417567 -0.500971 -0.522527 0.54921
2820.198479 -1.13965 -1.61164 -1.98993 0.438537 -0.500333 -0.517105 0.538475
2820.231795 -1.1267 -1.60373 -1.98495 0.468649 -0.490113 -0.526401 0.512893
2820.265111 -1.11119 -1.59673 -1.9662 0.485752 -0.495239 -0.514614 0.50394
2820.298428 -1.09559 -1.59204 -1.94633 0.502956 -0.499797 -0.503474 0.493712
2820.331744 -1.07906 -1.59229 -1.92401 0.518122 -0.503355 -0.492151 0.485769
2820.365210 -1.06313 -1.59192 -1.89904 0.529666 -0.512819 -0.476785 0.478693
2820.398527 -1.04848 -1.59349 -1.87397 0.540644 -0.523521 -0.463436 0.467821
2820.431843 -1.03406 -1.59791 -1.84601 0.548833 -0.535448 -0.448218 0.459542
2820.465159 -1.01972 -1.61028 -1.81094 0.554367 -0.549859 -0.429463 0.453756
2820.498476 -1.0088 -1.58984 -1.78309 0.564853 -0.557745 -0.426007 0.434027
2820.531792 -0.998382 -1.58963 -1.76046 0.570755 -0.568618 -0.418434 0.419316
2820.565108 -0.988562 -1.60176 -1.73991 0.576492 -0.578143 -0.412765 0.403773
2820.598425 -0.98011 -1.62058 -1.71885 0.58064 -0.586989 -0.409826 0.387741
2820.631741 -0.973189 -1.64164 -1.69783 0.583764 -0.59542 -0.40785 0.371958
2820.665057 -0.967464 -1.66629 -1.67733 0.586622 -0.602766 -0.405702 0.357706
2820.698524 -0.962234 -1.69249 -1.65601 0.590834 -0.60676 -0.403834 0.345941
2820.731840 -0.955605 -1.72203 -1.63841 0.597189 -0.608097 -0.39957 0.337531
2820.765156 -0.9485 -1.74475 -1.62345 0.60386 -0.60797 -0.395176 0.331
2820.798473 -0.941946 -1.75749 -1.60828 0.609613 -0.606915 -0.393236 0.32464
2820.831789 -0.935266 -1.76675 -1.59387 0.617394 -0.603777 -0.392586 0.316472
2820.865105 -0.934216 -1.7651 -1.56478 0.624307 -0.60017 -0.393593 0.308417
2820.898422 -0.924922 -1.75574 -1.55872 0.63157 -0.600796 -0.387651 0.299818
2820.931738 -0.922045 -1.73906 -1.53182 0.634613 -0.602493 -0.381111 0.298367
2820.965054 -0.912512 -1.73769 -1.51193 0.637196 -0.605905 -0.367863 0.302549
2820.998371 -0.896473 -1.73106 -1.49789 0.639307 -0.609537 -0.354569 0.306646
2821.031687 -0.879872 -1.72194 -1.49029 0.641741 -0.610793 -0.342569 0.312645
2821.065153 -0.865488 -1.70878 -1.47951 0.643929 -0.6095 -0.334614 0.319215
2821.098470 -0.850227 -1.69261 -1.46945 0.644441 -0.608004 -0.328002 0.327783
2821.131786 -0.834497 -1.67778 -1.45814 0.642675 -0.607701 -0.322266 0.337362
2821.165102 -0.817664 -1.66298 -1.44889 0.639229 -0.608003 -0.31958 0.345813
2821.198419 -0.801175 -1.65064 -1.43796 0.637174 -0.605997 -0.319852 0.352806
2821.231735 -0.783204 -1.64066 -1.4277 0.635179 -0.603182 -0.320549 0.36051
2821.265051 -0.76386 -1.63176 -1.4204 0.631779 -0.599592 -0.325213 0.368212
2821.298368 -0.745073 -1.62726 -1.41011 0.630004 -0.595565 -0.329365 0.374054
2821.331684 -0.72698 -1.62407 -1.40003 0.625031 -0.594155 -0.33233 0.381933
2821.365000 -0.708122 -1.62395 -1.39208 0.618888 -0.590822 -0.336972 0.392884
2821.398467 -0.690671 -1.62586 -1.3812 0.613375 -0.587009 -0.343035 0.401894
2821.431783 -0.674585 -1.63205 -1.36971 0.607859 -0.584043 -0.351249 0.407462
2821.465099 -0.659697 -1.63874 -1.35944 0.602237 -0.582564 -0.362199 0.408341
2821.498416 -0.647446 -1.6501 -1.34546 0.598 -0.581563 -0.373344 0.405948
2821.531732 -0.637806 -1.66061 -1.33022 0.59569 -0.582152 -0.381377 0.401004
2821.565048 -0.629932 -1.66987 -1.31509 0.592214 -0.585255 -0.385285 0.397889
2821.598365 -0.624908 -1.67903 -1.29723 0.587964 -0.59079 -0.38563 0.395671
2821.631681 -0.622553 -1.69011 -1.2763 0.584126 -0.597635 -0.384086 0.392566
2821.664997 -0.624075 -1.70284 -1.25239 0.582657 -0.603127 -0.38184 0.38852
2821.698314 -0.624418 -1.71142 -1.22742 0.583783 -0.606267 -0.380701 0.383019
2821.731780 -0.623923 -1.71784 -1.20229 0.588002 -0.607489 -0.379235 0.37602
2821.765096 -0.624023 -1.72186 -1.17387 0.595407 -0.607852 -0.37473 0.368217
2821.798413 -0.624086 -1.72103 -1.14521 0.604717 -0.607506 -0.36732 0.361011
2821.831729 -0.624578 -1.72002 -1.11736 0.615271 -0.608659 -0.354141 0.354343
2821.865045 -0.623954 -1.71576 -1.08918 0.626478 -0.610603 -0.336428 0.348578
2821.898362 -0.611239 -1.82258 -1.07459 0.642255 -0.61023 -0.308507 0.346341
2821.931678 -0.620936 -1.70194 -1.04237 0.646424 -0.614828 -0.298657 0.339006
2821.964994 -0.621396 -1.67901 -0.998408 0.658189 -0.614932 -0.286816 0.326164
2821.998311 -0.620487 -1.66305 -0.957524 0.669016 -0.614355 -0.272676 0.317228
2822.031627 -0.627396 -1.65249 -0.915596 0.676914 -0.615457 -0.256808 0.311528
2822.064943 -0.635321 -1.64283 -0.871626 0.682612 -0.620081 -0.239527 0.303589
2822.098410 -0.641073 -1.63802 -0.832633 0.687622 -0.625519 -0.220704 0.295282
2822.131726 -0.644978 -1.63656 -0.797222 0.691722 -0.630113 -0.202918 0.288624
2822.165042 -0.646958 -1.63838 -0.762839 0.697003 -0.633385 -0.184867 0.280777
2822.198359 -0.647661 -1.64297 -0.730962 0.701146 -0.637477 -0.168662 0.271239
2822.231675 -0.645281 -1.65307 -0.700255 0.708176 -0.637827 -0.154623 0.2603
2822.264991 -0.640661 -1.66138 -0.671629 0.714925 -0.638744 -0.139085 0.248079
2822.298308 -0.638914 -1.66769 -0.644939 0.716033 -0.644502 -0.12518 0.23716
2822.331624 -0.635173 -1.67673 -0.619825 0.717929 -0.648292 -0.115321 0.225826
2822.364940 -0.633697 -1.68596 -0.595916 0.720284 -0.651114 -0.110594 0.212159
2822.398257 -0.632524 -1.70165 -0.572927 0.723416 -0.653014 -0.107588 0.19664
2822.431723 -0.629319 -1.7249 -0.551236 0.726822 -0.654304 -0.103544 0.181368
2822.465039 -0.627989 -1.74699 -0.531486 0.728231 -0.657371 -0.100502 0.16566
2822.498356 -0.634781 -1.76321 -0.513057 0.724801 -0.665434 -0.0957232 0.150661
2822.531672 -0.640804 -1.77619 -0.496016 0.721699 -0.672316 -0.088963 0.138665
2822.564988 -0.647165 -1.78768 -0.480417 0.721179 -0.675408 -0.0846038 0.128714
2822.598305 -0.648782 -1.80129 -0.465612 0.720093 -0.678933 -0.0795589 0.119107
2822.631621 -0.647116 -1.8013 -0.453651 0.720978 -0.680152 -0.0780036 0.107233
2822.664937 -0.645063 -1.80367 -0.440952 0.723423 -0.678835 -0.0761476 0.100216
2822.698254 -0.633894 -1.80732 -0.427257 0.725853 -0.67727 -0.0693388 0.0981555
2822.731570 -0.629271 -1.79898 -0.414159 0.726234 -0.676678 -0.0647157 0.102486
2822.764886 -0.620602 -1.78392 -0.402736 0.724515 -0.67806 -0.0600745 0.108185
2822.798353 -0.607574 -1.77419 -0.389902 0.724718 -0.677054 -0.0537095 0.116175
2822.831669 -0.595104 -1.75783 -0.377403 0.724674 -0.675314 -0.0505832 0.127435
2822.864985 -0.580761 -1.74225 -0.365661 0.722455 -0.674943 -0.0504395 0.1413
2822.898302 -0.565907 -1.72876 -0.354321 0.719598 -0.675526 -0.0524587 0.151956
2822.931618 -0.551192 -1.71722 -0.343056 0.716196 -0.677256 -0.0564679 0.158742
2822.964934 -0.535249 -1.70742 -0.331799 0.713522 -0.67745 -0.0638799 0.166933
2822.998251 -0.519611 -1.69828 -0.319859 0.711225 -0.677003 -0.0734727 0.174436
2823.031567 -0.502979 -1.69271 -0.306475 0.709854 -0.675546 -0.0837625 0.180911
2823.064883 -0.486107 -1.68893 -0.291714 0.706452 -0.675588 -0.0941731 0.188779
2823.098200 -0.469694 -1.68648 -0.275507 0.702429 -0.675928 -0.10447 0.196979
2823.131666 -0.454014 -1.68601 -0.258293 0.698847 -0.676086 -0.112347 0.204689
2823.164982 -0.438345 -1.68825 -0.240883 0.694029 -0.677099 -0.121464 0.212386
2823.198299 -0.424172 -1.69335 -0.222345 0.691791 -0.674599 -0.132515 0.220864
2823.231615 -0.412021 -1.7012 -0.203467 0.691821 -0.669988 -0.145977 0.226255
2823.264931 -0.400966 -1.71308 -0.185145 0.691387 -0.666349 -0.162926 0.226756
2823.298248 -0.391952 -1.7255 -0.166719 0.69096 -0.663319 -0.181072 0.223146
2823.331564 -0.385131 -1.73895 -0.14821 0.690201 -0.661492 -0.196926 0.217418
2823.364880 -0.380966 -1.75261 -0.129296 0.689355 -0.66001 -0.20969 0.212619
2823.398197 -0.377364 -1.76516 -0.111417 0.686754 -0.66078 -0.219284 0.208936
2823.431513 -0.376283 -1.77708 -0.0935471 0.68363 -0.663302 -0.224967 0.205109
2823.464829 -0.37764 -1.78552 -0.0763328 0.680769 -0.667135 -0.226308 0.200672
2823.498296 -0.381564 -1.79185 -0.0591444 0.679011 -0.670701 -0.224551 0.196674
2823.531612 -0.387536 -1.79503 -0.0418381 0.676344 -0.675974 -0.220604 0.192227
2823.564928 -0.393785 -1.79321 -0.0243777 0.676589 -0.679621 -0.213481 0.186462
2823.598245 -0.399687 -1.78765 -0.00708197 0.679163 -0.681223 -0.2042 0.181593
2823.631561 -0.406338 -1.78048 0.0110978 0.684415 -0.680252 -0.192771 0.177966
2823.664877 -0.415212 -1.77314 0.0290783 0.689771 -0.680056 -0.179208 0.172117
2823.698194 -0.427466 -1.765 0.0472102 0.695438 -0.680402 -0.161818 0.165028
2823.731510 -0.444099 -1.75548 0.0666722 0.699042 -0.682439 -0.142145 0.15941
2823.764826 -0.458867 -1.74554 0.0845046 0.701312 -0.685451 -0.121464 0.15351
2823.798143 -0.475312 -1.73903 0.102833 0.706193 -0.685868 -0.100781 0.143942
2823.831609 -0.491042 -1.73458 0.121642 0.712183 -0.684224 -0.0807509 0.134583
2823.864925 -0.506955 -1.73053 0.140582 0.718508 -0.681182 -0.0611065 0.126505
2823.898242 -0.524532 -1.7269 0.159648 0.72217 -0.680032 -0.0413444 0.119657
2823.931558 -0.543363 -1.7269 0.178606 0.725164 -0.679308 -0.0230692 0.110203
2823.964874 -0.562734 -1.73073 0.196185 0.729388 -0.677272 -0.00672535 0.0961761
2823.998191 -0.582312 -1.73803 0.212328 0.734587 -0.673807 0.00809598 0.0793711
2824.031507 -0.60336 -1.7493 0.227254 0.738489 -0.671193 0.0241665 0.0595817
2824.064823 -0.624342 -1.76049 0.240844 0.740176 -0.669526 0.0464687 0.0414184
2824.098140 -0.646469 -1.77038 0.253838 0.739523 -0.669001 0.0691829 0.027512
2824.131456 -0.669798 -1.78406 0.266579 0.735614 -0.670896 0.0923578 0.0155157
2824.164772 -0.68939 -1.79876 0.27478 -0.732406 0.671767 -0.110945 0.000733653
2824.198239 -0.714109 -1.81162 0.281532 -0.731381 0.670103 -0.124533 0.0231341
2824.231555 -0.780446 -1.82221 0.297679 -0.731749 0.66624 -0.134682 0.0502765
2824.264871 -0.800812 -1.83568 0.298642 -0.728902 0.664784 -0.145358 0.0750713
2824.298190 -0.823084 -1.84676 0.299663 -0.725006 0.66401 -0.155909 0.0956525
2824.331504 -0.844945 -1.8554 0.300695 -0.721359 0.662698 -0.167187 0.111898
2824.364820 -0.863333 -1.8632 0.301621 -0.718915 0.660274 -0.177666 0.125038
2824.398137 -0.881165 -1.86909 0.302815 -0.719582 0.654879 -0.185464 0.137615
2824.431453 -0.898004 -1.87424 0.304789 -0.72329 0.645875 -0.193215 0.149552
2824.464769 -0.91356 -1.87832 0.307349 -0.727191 0.636387 -0.201346 0.160199
2824.498086 -0.9284 -1.87986 0.310408 -0.728524 0.629632 -0.210065 0.169379
2824.531552 -0.944929 -1.87575 0.314247 -0.725048 0.629001 -0.218702 0.175594
2824.564868 -0.95755 -1.87134 0.319546 -0.718257 0.632906 -0.227769 0.177929
2824.598185 -0.969604 -1.86426 0.326774 -0.711913 0.63655 -0.236477 0.179059
2824.631501 -0.979718 -1.85585 0.33596 -0.706187 0.640379 -0.24491 0.176732
2824.664817 -0.990888 -1.84175 0.346678 -0.699947 0.64713 -0.24986 0.1699
2824.698134 -0.9992 -1.82934 0.358295 -0.693478 0.655059 -0.252137 0.162517
2824.731450 -1.00749 -1.81811 0.371252 -0.687578 0.662539 -0.252173 0.15712
2824.764766 -1.01436 -1.80878 0.386354 -0.682384 0.670473 -0.249409 0.150374
2824.798083 -1.01965 -1.80054 0.402081 -0.678053 0.678839 -0.243793 0.141372
2824.831399 -1.02676 -1.79337 0.418472 -0.67633 0.684582 -0.236023 0.134972
