1932.138334 -0.0848845 -0.00815406 -0.0110363 -0.707789 0.706423 -0.00119798 0.000383944
1932.171650 -0.0850439 -0.00785074 -0.0101255 -0.707869 0.706343 -0.00046476 0.00063932
1932.204967 -0.0852503 -0.00734128 -0.00958836 -0.708585 0.705625 -5.86448e-05 0.000551083
1932.238283 -0.0855085 -0.00689942 -0.00863681 -0.709098 0.70511 0.000487252 0.000197536
1932.271599 -0.0868504 -0.00604163 -0.00773595 0.709394 -0.704811 -0.00117844 0.000701437
1932.304915 -0.0842225 -0.00454984 -0.00646983 0.709427 -0.704778 -0.000664462 0.001106
1932.338232 -0.0831189 -0.00505839 -0.00533045 0.71008 -0.704119 -0.000130792 0.00166085
1932.371548 -0.0825935 -0.00447662 -0.00438088 0.710927 -0.703263 0.000149055 0.00170157
1932.404864 -0.08522 -0.00517013 -0.00301398 0.711216 -0.702969 0.000400021 0.00238731
1932.438331 -0.0840323 -0.00469298 -0.00185827 0.711368 -0.702816 0.000951449 0.0021256
1932.471647 -0.0863005 -0.00451278 -0.000823624 0.710863 -0.703326 0.00106012 0.00233533
1932.504963 -0.0859324 -0.00454987 0.000300585 0.71066 -0.703531 0.00198303 0.00145256
1932.538280 -0.0867641 -0.00536207 0.00124725 0.710297 -0.703899 0.0022057 0.000250799
1932.571596 -0.0854937 -0.00592495 0.00230424 -0.710559 0.703629 -0.00320834 0.00151534
1932.604912 -0.0858004 -0.00678718 0.00328183 -0.709763 0.704427 -0.00321207 0.003007
1932.671545 -0.0883474 -0.00956562 0.00515215 -0.709113 0.705067 -0.000303252 0.00621354
1932.704862 -0.0862239 -0.0102619 0.0064181 -0.708319 0.705865 0.000624344 0.00618699
1932.738178 -0.0882101 -0.0107072 0.00814702 -0.707869 0.706325 0.0012186 0.00501852
1932.771494 -0.0856169 -0.0106527 0.0105739 -0.707996 0.706203 0.000286743 0.00430619
1932.804961 -0.0872573 -0.0105241 0.0133048 -0.708068 0.70614 -0.000365489 0.00224514
1932.838277 -0.0881124 -0.0101909 0.0161588 -0.7081 0.706111 -0.000468328 0.000539165
1932.871593 -0.0883677 -0.00895927 0.0190262 0.708366 -0.705845 0.000768289 0.000419704
1932.904912 -0.0863695 -0.00737106 0.0220638 0.707854 -0.70635 0.00312774 0.00135738
1932.938226 -0.088871 -0.00596306 0.0252305 0.706811 -0.707378 0.00508838 0.00295245
1932.971542 -0.0885191 -0.00581939 0.0284931 0.705299 -0.708853 0.00833543 0.00329297
1933.004858 -0.0902658 -0.0053425 0.0316457 0.703873 -0.710236 0.0111315 0.002032
1933.038175 -0.0923045 -0.00555135 0.034799 0.70302 -0.711033 0.0139969 0.000352929
1933.071491 -0.0960722 -0.00610256 0.0379681 -0.703193 0.710828 -0.0153879 0.00264168
1933.104807 -0.0975217 -0.00663352 0.0414704 -0.704409 0.709543 -0.0182457 0.00489492
1933.138274 -0.101414 -0.00798574 0.0452752 -0.706306 0.707567 -0.0211668 0.00571888
1933.171590 -0.101586 -0.00954111 0.0493567 -0.70859 0.705136 -0.0249533 0.00785566
1933.204907 -0.106313 -0.00939968 0.0528407 -0.709489 0.704117 -0.0273771 0.0096844
1933.238223 -0.109207 -0.0103404 0.0562022 -0.711835 0.701615 -0.0296523 0.012185
1933.271539 -0.111918 -0.0114415 0.0595677 -0.71477 0.6984 -0.0333738 0.0150939
1933.304855 -0.113383 -0.0137676 0.0627348 -0.717682 0.695155 -0.0369043 0.0182029
1933.338172 -0.117652 -0.0161953 0.0654786 -0.72005 0.692488 -0.03906 0.0215159
1933.371488 -0.12137 -0.0194854 0.0684186 -0.723307 0.688823 -0.0408584 0.0260863
1933.404805 -0.124202 -0.0233434 0.071215 -0.725565 0.686145 -0.0423346 0.0311193
1933.438121 -0.125138 -0.0277462 0.073863 -0.72665 0.684727 -0.0421388 0.0367901
1933.471587 -0.127735 -0.0327861 0.0764132 -0.726517 0.684582 -0.041048 0.0428502
1933.504903 -0.129555 -0.0384879 0.0792761 -0.725993 0.684817 -0.0400472 0.0485444
1933.538220 -0.130961 -0.0433239 0.0821288 -0.724701 0.685879 -0.0387848 0.0536133
1933.571536 -0.130314 -0.0487516 0.0852515 -0.723108 0.687285 -0.0359666 0.0588278
1933.604852 -0.130853 -0.0543701 0.0884278 -0.720904 0.689467 -0.0325855 0.0622163
1933.638169 -0.128874 -0.0602231 0.0913743 -0.718383 0.691963 -0.0284738 0.065595
1933.671485 -0.127115 -0.0665772 0.0941774 -0.71706 0.693189 -0.0246883 0.0685845
1933.704801 -0.123952 -0.0722796 0.097373 -0.71677 0.693418 -0.0210047 0.0705004
1933.738118 -0.118657 -0.0774665 0.100966 -0.716996 0.693254 -0.0148365 0.071379
1933.771434 -0.114833 -0.0823725 0.104261 -0.717842 0.692544 -0.00827518 0.0708317
1933.804751 -0.107824 -0.0858897 0.107343 -0.718742 0.691845 -0.00178502 0.0689792
1933.838217 -0.103107 -0.0901941 0.10996 -0.719925 0.690989 0.00464124 0.064967
1933.871533 -0.0970269 -0.0923354 0.112805 -0.720408 0.690795 0.0099626 0.0609514
1933.904849 -0.0888868 -0.0937034 0.114884 -0.720945 0.690488 0.016545 0.0564932
1933.938166 -0.0828343 -0.0934165 0.116501 -0.720687 0.690979 0.0230628 0.0512504
1933.971482 -0.07473 -0.0919684 0.117983 -0.72059 0.691234 0.0284873 0.0461944
1934.004799 -0.0661269 -0.0901419 0.118744 -0.720422 0.691479 0.0352818 0.0400498
1934.038115 -0.0573209 -0.0877011 0.119178 -0.720318 0.691638 0.0407016 0.0335051
1934.071431 -0.0473764 -0.0836566 0.118657 -0.720653 0.691211 0.0460584 0.027664
1934.138064 -0.0235851 -0.0743582 0.117229 -0.720229 0.691353 0.0558532 0.0135106
1934.171530 -0.0122566 -0.0693738 0.115789 -0.720431 0.690719 0.0619955 0.00652799
1934.204846 -0.00129306 -0.0646456 0.114121 0.72129 -0.689344 -0.067423 0.000149866
1934.238163 0.00863112 -0.0599853 0.112327 0.721761 -0.688325 -0.0722176 0.00732612
1934.271479 0.019819 -0.0541296 0.10991 0.720577 -0.688809 -0.0781226 0.0144102
1934.338112 0.0377196 -0.0423917 0.105189 0.718018 -0.689877 -0.0877385 0.0286583
1934.371428 0.0466264 -0.0358269 0.102491 0.716595 -0.690588 -0.0915122 0.0347201
1934.404744 0.0536917 -0.0283182 0.0997767 0.713992 -0.69245 -0.0943731 0.0426936
1934.438061 0.0610568 -0.0187131 0.0972357 0.711487 -0.69421 -0.0962996 0.0508362
1934.471380 0.0653946 -0.00915673 0.0953747 0.710279 -0.694872 -0.0957009 0.0591473
1934.504694 0.069689 -0.00777218 0.0941221 0.709204 -0.695503 -0.0943028 0.0664176
1934.538160 0.072824 -0.00575508 0.0924749 0.707972 -0.696339 -0.0936771 0.071499
1934.571476 0.0745976 -0.000398132 0.090422 0.706643 -0.697486 -0.0928231 0.0745098
1934.604793 0.0741856 0.00422622 0.0888245 0.705267 -0.698695 -0.0919743 0.07723
1934.671425 0.0734123 0.0174273 0.0861675 0.704594 -0.699423 -0.0877347 0.0815937
1934.738058 0.0679526 0.031953 0.0851318 0.702716 -0.702069 -0.0760887 0.0866012
1934.771374 0.0657422 0.0412282 0.0848786 0.699866 -0.705384 -0.0674668 0.089826
1934.804690 0.060163 0.0496071 0.0856808 0.697163 -0.708452 -0.0571733 0.0937589
1934.871473 0.0498641 0.0662852 0.086927 0.690464 -0.71573 -0.0400917 0.0968633
1934.904790 0.0442689 0.0719903 0.0869625 0.689197 -0.717512 -0.0300349 0.0963457
1935.071371 -0.000162348 0.0934834 0.0946787 0.682355 -0.72563 0.0198869 0.0863591
1935.104688 -0.0117887 0.0944123 0.0965006 0.681761 -0.726319 0.0284766 0.082777
1935.138004 -0.0249116 0.0963963 0.0985813 0.682049 -0.726328 0.0347638 0.0777746
1935.171320 -0.037504 0.0958848 0.100879 0.682747 -0.725957 0.0404138 0.0721798
1935.238103 -0.0602114 0.0910347 0.104973 0.684975 -0.724333 0.0515765 0.0590874
1935.271419 -0.0699714 0.0864849 0.107563 0.685255 -0.724202 0.0569668 0.0520783
1935.338052 -0.0874682 0.0761602 0.111478 0.686031 -0.723922 0.0632799 0.0359752
1935.371368 -0.094726 0.0701332 0.113477 0.687294 -0.722943 0.0646098 0.0283755
1935.404684 -0.100771 0.0632108 0.11654 0.68877 -0.721725 0.0649597 0.0221142
1935.438001 -0.106995 0.0544291 0.119632 0.691413 -0.719537 0.0628032 0.0164495
1935.471317 -0.111703 0.0465197 0.122492 0.695235 -0.716267 0.0591254 0.0106661
1935.537950 -0.117246 0.0293476 0.127607 0.702528 -0.709781 0.05157 0.0022933
1935.571416 -0.118876 0.0206213 0.130175 -0.70598 0.706685 -0.0467794 0.000323752
1935.604733 -0.118727 0.0131168 0.132638 -0.710132 0.702828 -0.0416751 0.00281785
1935.638049 -0.115821 0.00746558 0.134686 -0.713391 0.699803 -0.0363711 0.00499197
1935.671365 -0.11451 0.00250434 0.136257 -0.715185 0.698274 -0.0297892 0.00606504
1935.737998 -0.109924 -0.00543757 0.138251 -0.718094 0.695711 -0.0167316 0.00683724
1935.771314 -0.105389 -0.00776215 0.13905 -0.718254 0.695672 -0.0106519 0.00620472
1935.804631 -0.102521 -0.00974642 0.139054 -0.717693 0.696329 -0.00527197 0.00387959
1935.837947 -0.0964706 -0.0113528 0.138911 -0.717511 0.696545 -9.29971e-05 0.00145386
1935.871263 -0.0921909 -0.0118986 0.138694 0.717394 -0.696648 -0.00495121 0.00146206
1935.904579 -0.0860697 -0.0119762 0.138172 0.71697 -0.697021 -0.00970863 0.00472269
1935.938046 -0.0790781 -0.0104414 0.137494 0.715539 -0.698401 -0.0133988 0.00773728
1935.971362 -0.075974 -0.00909579 0.136608 0.71305 -0.700815 -0.0171404 0.0111908
1936.037995 -0.0646782 -0.00570927 0.134655 0.708262 -0.705369 -0.0226712 0.0174792
1936.071311 -0.0575998 -0.00315759 0.133469 0.706292 -0.707162 -0.0250525 0.0211129
1936.104628 -0.050623 -0.000658898 0.132101 0.704369 -0.708865 -0.0278971 0.0244338
1936.137944 -0.0441814 0.00210952 0.13114 0.702216 -0.710768 -0.0294614 0.0288541
1936.171264 -0.0383112 0.00557083 0.130129 0.699015 -0.713573 -0.0307943 0.0352601
1936.237893 -0.0224375 0.0143889 0.126741 0.694576 -0.717026 -0.0348963 0.0471262
1936.437941 0.0207907 0.04717 0.115162 0.688007 -0.719103 -0.0414727 0.0884177
1936.737938 0.0482509 0.112547 0.0946684 0.673541 -0.725715 -0.0133428 0.139648
1936.904520 0.0425939 0.140685 0.0878275 0.672329 -0.724248 0.0179723 0.152039
1936.937836 0.037376 0.145154 0.0874949 0.670415 -0.725696 0.0252623 0.152545
1936.971302 0.0327525 0.149108 0.0867532 0.669727 -0.726281 0.0318234 0.151554
1937.004619 0.0269491 0.15275 0.0867348 0.670223 -0.72584 0.0382474 0.149979
1937.037935 0.0221475 0.156385 0.0861584 0.670827 -0.725464 0.0449335 0.147221
1937.104567 0.00455385 0.160315 0.0877857 0.669926 -0.726128 0.059001 0.143027
1937.137884 -0.00362074 0.161362 0.0886042 0.66955 -0.726561 0.0668092 0.139097
1937.171200 -0.0143934 0.162137 0.0895627 0.669397 -0.726954 0.0732281 0.134471
1937.204516 -0.0229281 0.16249 0.0902681 0.669244 -0.72744 0.0789657 0.129259
1937.237833 -0.03328 0.162774 0.0913255 0.669419 -0.727527 0.0844276 0.124321
1937.271149 -0.042159 0.160864 0.0924817 0.670064 -0.727148 0.0897954 0.119188
1937.304615 -0.0507963 0.159149 0.0932704 0.670601 -0.726917 0.0940368 0.114207
1937.337932 -0.058805 0.156926 0.0942368 0.67168 -0.726084 0.098128 0.109631
1937.371248 -0.0651174 0.153006 0.0950959 0.674628 -0.723618 0.101024 0.10511
1937.404565 -0.0704885 0.148349 0.0955926 0.677721 -0.72119 0.103202 0.0996402
1937.437881 -0.0771342 0.143363 0.096426 0.680012 -0.719769 0.104592 0.0926141
1937.504513 -0.0866227 0.132055 0.0983171 0.683278 -0.718019 0.107987 0.0769341
1937.537830 -0.09151 0.126667 0.0988299 0.683591 -0.718421 0.108749 0.0689088
1937.571146 -0.0976215 0.120177 0.0998189 0.684273 -0.718431 0.108592 0.0619366
1937.604463 -0.0999522 0.114119 0.101431 0.685968 -0.717493 0.107888 0.054885
1937.637779 -0.104731 0.107169 0.102826 0.688526 -0.715661 0.106179 0.0498792
1937.671245 -0.104004 0.10128 0.104362 0.690882 -0.714061 0.104118 0.0442583
1937.704562 -0.106441 0.0941089 0.105776 0.693596 -0.712182 0.100512 0.0402448
1937.737878 -0.109364 0.087021 0.10701 0.695871 -0.710693 0.096309 0.0374537
1937.771194 -0.108797 0.0811238 0.108321 0.69861 -0.708653 0.0925644 0.0344514
1937.804510 -0.106171 0.0754714 0.11021 0.700959 -0.706862 0.0892622 0.0321817
1937.837827 -0.105194 0.069628 0.111733 0.702998 -0.705361 0.0855761 0.0305889
1937.871143 -0.104878 0.0643561 0.112808 0.704358 -0.704635 0.0805896 0.0295815
1937.904460 -0.10112 0.0603628 0.113977 0.705413 -0.704084 0.0765475 0.0282679
1937.937776 -0.101114 0.0565939 0.114551 0.705808 -0.704187 0.0719773 0.0278504
1937.971092 -0.0963565 0.0525833 0.115623 0.706442 -0.703983 0.0678923 0.0271853
1938.004558 -0.0918388 0.049784 0.116356 0.706542 -0.704357 0.0628922 0.0269033
1938.037875 -0.0873801 0.0469516 0.117396 0.706479 -0.704819 0.0579067 0.0276473
1938.071191 -0.0844226 0.0439787 0.118388 0.706291 -0.705488 0.0502855 0.0301914
1938.104507 -0.0804185 0.044024 0.119956 0.707075 -0.705202 0.0409665 0.0325049
1938.137824 -0.0698486 0.0413748 0.121076 0.707728 -0.704739 0.0341306 0.0360456
1938.171140 -0.0607378 0.0403375 0.122509 0.708017 -0.704501 0.0263176 0.0411968
1938.204456 -0.0502408 0.0401186 0.123464 0.707979 -0.704382 0.0195001 0.0472385
1938.237773 -0.0399491 0.0429283 0.123685 0.707503 -0.70453 0.0130742 0.0539112
1938.271089 -0.032103 0.0472416 0.123029 0.706836 -0.7047 0.00588262 0.061206
1938.304406 -0.0188826 0.052809 0.121899 0.705973 -0.705045 -2.22154e-06 0.0671821
1938.337722 -0.00228729 0.0575526 0.120196 0.704899 -0.705526 -0.00453397 0.0730076
1938.371188 0.00765266 0.0600452 0.118797 0.702936 -0.706621 -0.00865302 0.0805786
1938.571086 0.0591625 0.0985449 0.107526 0.699961 -0.701319 -0.0201128 0.133426
1938.637719 0.0705535 0.113474 0.101985 0.703427 -0.693943 -0.0179703 0.152676
1938.704501 0.0773692 0.130754 0.0960817 0.70352 -0.690183 -0.0124889 0.168971
1938.737818 0.0773521 0.13925 0.0939946 0.702321 -0.689652 -0.00815655 0.176234
1938.771134 0.0796224 0.14743 0.0910673 0.701661 -0.689112 -0.00348615 0.181064
1938.837767 0.0756399 0.161231 0.0884522 0.704051 -0.68375 0.00932726 0.191601
1938.871083 0.0720759 0.166971 0.0877959 0.707305 -0.6787 0.0183049 0.196853
1938.904399 0.0685033 0.172384 0.0871413 0.708558 -0.676254 0.027271 0.199707
1938.937716 0.0617003 0.177721 0.0874973 0.7088 -0.675387 0.0341723 0.200719
1939.004349 0.0485301 0.183818 0.0881006 0.709103 -0.675431 0.0483415 0.196543
1939.071131 0.0333674 0.185396 0.0900707 0.710621 -0.67513 0.0615343 0.188229
1939.104448 0.0241103 0.185703 0.0912929 0.710964 -0.675703 0.066895 0.182978
1939.137764 0.0117426 0.185579 0.0937127 0.712356 -0.675351 0.0717558 0.176918
1939.171080 0.00117498 0.184104 0.0963715 0.713138 -0.675419 0.077459 0.171006
1939.204396 -0.00850791 0.182604 0.0992507 0.714281 -0.675273 0.0828471 0.16415
1939.237713 -0.0177529 0.179429 0.101771 0.716088 -0.674255 0.0883285 0.157466
1939.271029 -0.0277473 0.176311 0.104441 0.717921 -0.6735 0.092174 0.149975
1939.304346 -0.0377701 0.170353 0.107523 0.718934 -0.673509 0.0956869 0.142701
1939.337662 -0.0443353 0.165145 0.110125 0.720601 -0.673124 0.0982685 0.134096
1939.370978 -0.0527564 0.157883 0.113187 0.72211 -0.672859 0.0998647 0.125875
1939.404444 -0.060158 0.151273 0.115903 0.722849 -0.673714 0.100297 0.116356
1939.437761 -0.0669554 0.143568 0.118906 0.722571 -0.675415 0.100145 0.108054
1939.471077 -0.0706411 0.136416 0.122013 0.722921 -0.676555 0.0988076 0.099471
1939.504393 -0.0743932 0.128567 0.125162 0.723213 -0.677489 0.0969309 0.0926054
1939.537710 -0.0764916 0.121089 0.128403 0.724301 -0.677587 0.094308 0.0858522
1939.571026 -0.0774294 0.113523 0.131468 0.72618 -0.676859 0.0902778 0.0798392
1939.604342 -0.0785854 0.105508 0.13485 0.728204 -0.675781 0.0858092 0.0753401
1939.637659 -0.0775278 0.0982774 0.137827 0.730972 -0.673838 0.0810672 0.071068
1939.670975 -0.0756972 0.0908791 0.140507 0.733444 -0.672054 0.0761852 0.0678135
1939.704291 -0.0738741 0.0844433 0.142915 0.734855 -0.671488 0.070511 0.0641904
1939.737758 -0.0734784 0.0783862 0.145033 0.735527 -0.671607 0.0641503 0.0618705
1939.771074 -0.0693652 0.0739234 0.146934 0.736491 -0.671329 0.0581908 0.0592703
1939.804391 -0.0673272 0.0691923 0.148532 0.736705 -0.671671 0.0520145 0.0584663
1939.837707 -0.060392 0.0649437 0.149718 0.736134 -0.67287 0.0451838 0.0575454
1939.871023 -0.0548528 0.0611524 0.150717 0.735038 -0.674479 0.0382023 0.0577699
1939.904340 -0.0491276 0.0594696 0.150746 0.73432 -0.675464 0.0317022 0.0593058
1939.937656 -0.0412877 0.0589444 0.150265 0.734938 -0.674891 0.0254338 0.0611631
1939.970972 -0.0350892 0.0595829 0.149398 0.734661 -0.675179 0.0189663 0.0636127
1940.004288 -0.0262844 0.0594589 0.148344 0.733161 -0.676689 0.0125244 0.0664175
1940.037605 -0.0181072 0.0582502 0.146917 0.73106 -0.678639 0.00702689 0.0703641
1940.070921 -0.0102579 0.0589436 0.145616 0.728522 -0.680877 0.00183305 0.0752303
1940.104388 -0.0014897 0.0614299 0.143533 0.725578 -0.683429 -0.00417932 0.0802801
1940.137704 0.00777493 0.0651361 0.14083 0.722503 -0.685996 -0.00958793 0.0854802
1940.171020 0.0185033 0.069158 0.137192 0.718675 -0.689148 -0.0144202 0.0915049
1940.204336 0.0287672 0.0724562 0.133406 0.715757 -0.691242 -0.0205993 0.0972236
1940.237653 0.0361317 0.0761431 0.129556 0.713923 -0.691904 -0.0261276 0.104402
1940.270969 0.0460077 0.081022 0.1253 0.712697 -0.691626 -0.0300226 0.113202
1940.304286 0.0552401 0.0866087 0.120487 0.712086 -0.690523 -0.032941 0.122581
1940.370918 0.0697132 0.0988861 0.110543 0.711068 -0.688419 -0.0363504 0.138347
1940.471017 0.0809704 0.116652 0.0966767 0.713523 -0.682148 -0.0319805 0.156645
1940.504333 0.0829694 0.122938 0.0923097 0.713993 -0.681057 -0.0278292 0.160006
1940.537650 0.0812198 0.129522 0.0892301 0.712277 -0.682468 -0.0231122 0.162375
1940.570966 0.0774909 0.135533 0.0871897 0.709348 -0.685017 -0.0178837 0.165099
1940.604283 0.0758164 0.141438 0.0840966 0.707766 -0.686639 -0.0131358 0.165594
1940.637599 0.0715717 0.147395 0.0822643 0.707722 -0.686792 -0.00768255 0.165493
1940.670915 0.0647862 0.152634 0.0811462 0.709037 -0.685566 -0.000930312 0.165119
1940.804331 0.0329544 0.170208 0.0810873 0.706804 -0.689517 0.0371176 0.153677
1940.837647 0.0211485 0.172562 0.0835135 0.705912 -0.690882 0.0475845 0.148683
1940.870963 0.0106851 0.173729 0.0859102 0.704966 -0.692063 0.0587722 0.143589
1940.904279 -0.000483841 0.174998 0.0882928 0.704599 -0.692758 0.0667255 0.138472
1940.937596 -0.0117787 0.173751 0.0908944 0.704786 -0.693026 0.0749893 0.131789
1940.970912 -0.0240529 0.170903 0.093607 0.704666 -0.693819 0.0828347 0.123287
1941.004229 -0.0330733 0.167726 0.0960098 0.704034 -0.695329 0.089879 0.113031
1941.037545 -0.0455277 0.162035 0.0992926 0.703505 -0.696423 0.09616 0.104063
1941.070861 -0.0532353 0.155128 0.101256 0.703824 -0.697201 0.101545 0.0907231
1941.104177 -0.0621125 0.147822 0.103493 0.703648 -0.698393 0.105874 0.0769298
1941.137644 -0.0676755 0.141349 0.105587 0.701756 -0.701231 0.109217 0.0623252
1941.170960 -0.0744117 0.133854 0.108065 0.699352 -0.704402 0.110984 0.0490627
1941.204276 -0.0786653 0.127127 0.110391 0.696851 -0.707545 0.110581 0.0393881
1941.237593 -0.08051 0.119367 0.11312 0.698309 -0.707073 0.106965 0.0311534
1941.270909 -0.0811408 0.111762 0.116059 0.704941 -0.701175 0.103255 0.0273735
1941.304225 -0.0767846 0.106013 0.119831 0.71136 -0.69547 0.0977392 0.0271029
1941.337542 -0.0722439 0.101434 0.123256 0.715014 -0.692886 0.0888389 0.0277899
1941.370858 -0.0666085 0.097555 0.126814 0.717418 -0.691109 0.0829612 0.0282344
1941.404174 -0.0615819 0.0951221 0.13046 0.72023 -0.688628 0.0781867 0.0307598
1941.437491 -0.0536891 0.0952767 0.134268 0.720962 -0.688252 0.0736777 0.0330837
1941.470807 -0.0464788 0.0956697 0.136994 0.72213 -0.687593 0.0676721 0.0341271
1941.504273 -0.0399205 0.0956862 0.138882 0.727741 -0.682325 0.0616943 0.0319253
1941.537590 -0.0344652 0.0975083 0.139875 0.730146 -0.680728 0.0515162 0.0290228
1941.570906 -0.0277579 0.103403 0.139266 0.724324 -0.688038 0.0323485 0.0302102
1941.604223 -0.0209471 0.108897 0.141244 0.714089 -0.698903 0.0182102 0.0357789
1941.637539 -0.011334 0.115388 0.142087 0.700312 -0.712523 0.00342721 0.0431622
1941.670855 -0.0112055 0.125905 0.142033 0.691849 -0.720446 -0.0131485 0.046147
1941.704171 -0.00365088 0.132617 0.141121 0.690581 -0.721387 -0.02486 0.0456158
1941.737488 0.00354148 0.140592 0.140046 0.693381 -0.718212 -0.0328077 0.0481477
1941.770804 0.00690921 0.147704 0.139922 0.699184 -0.712519 -0.0348499 0.047369
1941.970852 0.0096389 0.196916 0.13831 0.714226 -0.698307 -0.0166975 0.0443811
1942.004168 0.0109228 0.20383 0.137818 0.710807 -0.701995 -0.0152879 0.0415023
1942.037485 0.00934026 0.211798 0.136335 0.70457 -0.708498 -0.0212151 0.0340864
1942.070801 0.00718071 0.217092 0.1354 0.69821 -0.714887 -0.0257718 0.0278363
1942.137434 0.00505675 0.228222 0.135126 0.694738 -0.718448 -0.0286307 0.0187606
1942.170750 0.00592197 0.233432 0.135319 0.6983 -0.715152 -0.0267391 0.0148239
1942.204217 0.00781867 0.239319 0.134982 0.703578 -0.709933 -0.0274502 0.0148244
1942.270849 0.0138611 0.255093 0.135899 0.713335 -0.7001 -0.0221782 0.0228398
1942.304165 0.0196074 0.261271 0.136301 0.719701 -0.693483 -0.0210877 0.0258313
1942.337482 0.0218389 0.266326 0.136729 0.726824 -0.686067 -0.0174134 0.0271128
1942.370799 0.022496 0.269648 0.136687 0.731213 -0.681437 -0.0166939 0.0263233
1942.404115 0.026219 0.271621 0.136657 0.737753 -0.674483 -0.0150655 0.0237939
1942.537530 0.0208634 0.276387 0.135334 0.759507 -0.650399 -0.00164395 0.0113189
1942.570846 0.0190383 0.27707 0.133715 0.756522 -0.653869 0.00740919 0.00865605
1942.604163 0.01243 0.280203 0.133599 0.753098 -0.657774 0.012973 0.00298021
1942.637479 0.00546979 0.28529 0.13382 -0.75138 0.659609 -0.0185014 0.0011392
1942.670795 0.00262208 0.286759 0.133013 -0.751732 0.659087 -0.0220158 0.00442562
1942.704111 -0.00166616 0.28852 0.133002 -0.750715 0.660063 -0.0267575 0.00529955
1942.737428 -0.00481845 0.28968 0.132239 -0.748902 0.661971 -0.0299915 0.00641613
1942.770744 -0.00603881 0.294499 0.132206 -0.745401 0.665807 -0.0321331 0.00680416
1942.804060 -0.0115243 0.295673 0.131675 -0.74366 0.667678 -0.0337276 0.00614802
1942.837377 -0.0109656 0.300488 0.132427 -0.744888 0.666235 -0.03537 0.00458267
1942.870843 -0.0138905 0.302807 0.132016 -0.74424 0.666894 -0.0366268 0.00425854
1942.904160 -0.0105345 0.306855 0.132341 -0.745705 0.665244 -0.0366755 0.0053624
1942.937476 -0.0139235 0.308247 0.131922 -0.745303 0.665744 -0.0360022 0.00356116
1942.970792 -0.0123849 0.310187 0.13191 -0.743632 0.667684 -0.0346076 0.00353898
1943.004108 -0.00842381 0.315682 0.131933 -0.743798 0.667527 -0.0339599 0.00434817
1943.037425 -0.0144277 0.314476 0.130294 -0.740962 0.67048 -0.0377492 0.00260398
1943.070741 -0.0182057 0.314074 0.129871 -0.7355 0.676401 -0.0388564 0.00335207
1943.104058 -0.0177754 0.321118 0.130616 -0.725482 0.686907 -0.0427873 0.00209257
1943.137374 -0.0160173 0.32237 0.133168 -0.713071 0.698997 -0.054123 0.00223416
1943.170690 -0.0246065 0.327868 0.133364 0.714257 -0.696011 0.0734448 0.00338
1943.204007 -0.0234024 0.327725 0.132543 0.713571 -0.697272 0.0675573 0.00797737
1943.237473 -0.0216772 0.331501 0.133983 0.715303 -0.69604 0.0599285 0.0166878
1943.270789 -0.0275423 0.331704 0.134109 0.714952 -0.696751 0.0535566 0.0226335
1943.304106 -0.0179817 0.337083 0.134454 0.71361 -0.698536 0.0460325 0.0262637
1943.337422 -0.0169108 0.346102 0.137304 0.714165 -0.698101 0.0409963 0.0307085
1943.370738 -0.0126736 0.336751 0.138098 0.711765 -0.700493 0.039315 0.0339736
1943.404054 -0.016573 0.329307 0.138102 0.711186 -0.70097 0.0384623 0.0370912
1943.437371 -0.012722 0.337087 0.138165 0.712297 -0.699915 0.0385395 0.0355955
1943.470687 -0.0114193 0.338218 0.138347 0.712884 -0.699357 0.0385114 0.0348199
1943.504003 -0.0125291 0.335123 0.138023 0.712515 -0.699694 0.0388332 0.0352554
1943.537320 -0.0181659 0.335232 0.138075 0.712214 -0.699987 0.0386263 0.0357523
1943.570786 -0.0140432 0.345316 0.138217 0.713546 -0.698713 0.0389003 0.0337554
1943.604103 -0.0176273 0.336636 0.138322 0.711997 -0.700216 0.0386743 0.0355384
1943.637419 -0.0165941 0.338927 0.138223 0.712933 -0.699297 0.0386369 0.0348867
1943.670735 -0.0155111 0.33724 0.137691 0.712872 -0.699343 0.0394849 0.0342535
1943.704052 -0.0135131 0.337406 0.137831 0.713032 -0.699179 0.0398729 0.0338131
1943.737368 -0.0115327 0.339139 0.137555 0.712973 -0.699282 0.0399175 0.0328872
1943.770684 -0.0139386 0.338365 0.13805 0.712189 -0.700082 0.0400358 0.0326918
1943.804001 -0.017383 0.34099 0.137835 0.713391 -0.698863 0.0400414 0.0325751
1943.837317 -0.0179026 0.336165 0.138129 0.711701 -0.700565 0.0403017 0.0326352
1943.870633 -0.0136601 0.336702 0.137521 0.711807 -0.700454 0.0410166 0.0318283
1943.903949 -0.0148215 0.335384 0.13745 0.712223 -0.70002 0.041092 0.0319565
1943.937416 -0.013418 0.335871 0.137395 0.712227 -0.700025 0.0411524 0.031704
1943.970732 -0.0181692 0.338284 0.138046 0.712723 -0.699539 0.0403509 0.0322883
1944.004049 -0.0139148 0.345963 0.137193 0.713464 -0.69883 0.0411449 0.0302059
1944.037365 -0.0129177 0.339947 0.137051 0.712548 -0.699733 0.04192 0.0298415
1944.070681 -0.0188717 0.344038 0.13636 0.714311 -0.697891 0.0421496 0.0305222
1944.103998 -0.0154125 0.339264 0.136485 0.713644 -0.698559 0.0429548 0.0297041
1944.137314 -0.0173472 0.33991 0.136806 0.712824 -0.699427 0.0422588 0.0299727
1944.170631 -0.0163477 0.343098 0.136371 0.713498 -0.698719 0.0426366 0.0299228
1944.203947 -0.0172397 0.341281 0.136957 0.712916 -0.699349 0.0420781 0.0298635
1944.237263 -0.0160514 0.340039 0.136595 0.713456 -0.69876 0.0426892 0.0298735
1944.270729 -0.0149456 0.33779 0.136422 0.712827 -0.699387 0.0428432 0.0300101
1944.304046 -0.0151708 0.344574 0.136 0.714604 -0.697608 0.042823 0.0291636
1944.337363 -0.0155678 0.340311 0.136535 0.713308 -0.698918 0.0426397 0.029781
1944.370678 -0.0155064 0.340287 0.136524 0.713267 -0.698953 0.0426707 0.029891
1944.403995 -0.013601 0.341649 0.136359 0.713274 -0.69896 0.0428304 0.0293519
1944.437311 -0.0171321 0.343918 0.136503 0.71394 -0.698282 0.0424486 0.0298291
1944.470627 -0.0161613 0.340712 0.136956 0.712704 -0.699562 0.0421614 0.0297996
1944.503943 -0.0135117 0.340602 0.136214 0.713388 -0.698831 0.0429908 0.0294036
1944.537260 -0.0159783 0.337876 0.136241 0.713509 -0.698676 0.0429695 0.0301695
1944.570576 -0.0144701 0.345763 0.13622 0.714325 -0.697907 0.0427053 0.0290055
1944.603893 -0.0172046 0.340125 0.136403 0.713345 -0.698872 0.0425314 0.0301413
1944.637359 -0.0163542 0.338923 0.136301 0.713775 -0.698408 0.0429516 0.0301093
1944.670675 -0.0183189 0.341518 0.136493 0.713598 -0.698637 0.0422343 0.0299949
1944.703992 -0.0153089 0.339598 0.136473 0.713357 -0.698865 0.0427028 0.0297807
1944.737308 -0.0163154 0.343761 0.136197 0.714199 -0.69802 0.0425606 0.0295897
1944.770624 -0.014067 0.34186 0.136149 0.714035 -0.698193 0.0427599 0.0291908
1944.803940 -0.0137462 0.340149 0.136025 0.713855 -0.69836 0.0429488 0.0293362
1944.837257 -0.0162877 0.339517 0.13627 0.713458 -0.698757 0.0426132 0.0300099
1944.870573 -0.0138052 0.340311 0.136092 0.713588 -0.698629 0.0429592 0.0293947
1944.903890 -0.0176695 0.336815 0.136266 0.712697 -0.69953 0.0422633 0.0305886
1944.937206 -0.0161512 0.339574 0.13613 0.713321 -0.698887 0.0427355 0.0300616
1944.970672 -0.0184836 0.337363 0.136422 0.712811 -0.699414 0.0422548 0.0305837
1945.003989 -0.0176017 0.341156 0.136064 0.713898 -0.6983 0.0425663 0.0302364
1945.037305 -0.0167921 0.341569 0.13608 0.713865 -0.698356 0.0425138 0.0298078
1945.070621 -0.0135553 0.340449 0.135886 0.713885 -0.698335 0.0429285 0.0292329
1945.103937 -0.0166844 0.339561 0.136264 0.713221 -0.699009 0.042513 0.0299189
1945.137254 -0.0162374 0.343016 0.136181 0.714068 -0.698169 0.0426416 0.0291275
1945.170570 -0.0135373 0.34425 0.135937 0.71417 -0.698089 0.0427681 0.0283588
1945.203887 -0.013945 0.345094 0.13606 0.714118 -0.69815 0.042625 0.0283742
1945.237203 -0.0172428 0.342374 0.136136 0.713695 -0.698545 0.0425148 0.0294327
1945.270519 -0.016066 0.343049 0.135902 0.714235 -0.697988 0.0427793 0.0291608
1945.303836 -0.0164232 0.343322 0.135983 0.714253 -0.69798 0.0426499 0.0291092
1945.337302 -0.015433 0.340698 0.13604 0.71352 -0.698716 0.0427879 0.0292392
1945.370618 -0.0139327 0.344807 0.135766 0.714252 -0.697994 0.042876 0.0284615
1945.403935 -0.0137317 0.344365 0.135913 0.714359 -0.6979 0.0427399 0.0282913
1945.437251 -0.0159604 0.342951 0.135881 0.714089 -0.698141 0.0427843 0.0290819
1945.470567 -0.0139513 0.349492 0.135839 0.714868 -0.697392 0.0426439 0.0280896
1945.503884 -0.0135168 0.345312 0.135472 0.714282 -0.697958 0.0430338 0.0283576
1945.537200 -0.0158802 0.33831 0.135607 0.71285 -0.699344 0.0431891 0.0299438
1945.570516 -0.0126026 0.340621 0.135574 0.713068 -0.699156 0.0433629 0.028887
1945.603832 -0.0159534 0.341485 0.135699 0.71328 -0.698936 0.0429465 0.029588
1945.637149 -0.0150422 0.341454 0.135627 0.713136 -0.699079 0.0431345 0.0294159
1945.670615 -0.0146848 0.339705 0.135739 0.712681 -0.699537 0.0431782 0.0294793
1945.703931 -0.0168779 0.338056 0.136321 0.712614 -0.699596 0.0429563 0.030023
1945.737248 -0.0162687 0.340841 0.135464 0.713083 -0.699112 0.043566 0.0292595
1945.770564 -0.0153639 0.341073 0.135341 0.713337 -0.698837 0.0440918 0.0288641
1945.803881 -0.0160813 0.341797 0.135123 0.713613 -0.698536 0.0442587 0.0290682
1945.837197 -0.0178301 0.341693 0.135255 0.713382 -0.698759 0.0441808 0.0295067
1945.870514 -0.0155057 0.338404 0.1353 0.712509 -0.699638 0.0443915 0.0294334
1945.903829 -0.0169201 0.344263 0.135707 0.713387 -0.698789 0.043476 0.0297141
1945.937146 -0.0154947 0.337983 0.136349 0.712274 -0.699907 0.0432847 0.0303809
1945.970462 -0.0164422 0.33814 0.135899 0.712219 -0.699923 0.0432787 0.0312908
1946.003928 -0.0183329 0.338779 0.136719 0.711843 -0.70032 0.0425206 0.0319899
1946.037243 -0.0153322 0.340713 0.136314 0.71252 -0.699689 0.0426138 0.0305782
1946.070557 -0.0179283 0.338539 0.13657 0.712194 -0.699984 0.0423819 0.0317122
1946.103870 -0.0162394 0.340369 0.136952 0.712571 -0.699624 0.0414972 0.0323676
1946.137184 -0.0158015 0.342726 0.137011 0.71257 -0.699644 0.0403797 0.0333456
1946.170498 -0.017543 0.337859 0.137396 0.712358 -0.699808 0.0399447 0.0349317
1946.203812 -0.0170423 0.34107 0.137567 0.712359 -0.699816 0.0400114 0.0346572
1946.237126 -0.0163383 0.339185 0.137568 0.712123 -0.700026 0.0394894 0.035859
1946.270439 -0.0180102 0.334939 0.136488 0.712384 -0.699683 0.0381725 0.0386765
1946.303753 -0.0194686 0.336307 0.135354 0.709284 -0.702956 0.0369398 0.0374701
1946.337067 -0.0209527 0.337586 0.134838 0.701562 -0.710902 0.0365866 0.0330259
1946.370531 -0.0202035 0.33489 0.133131 0.691904 -0.720399 0.0380486 0.0290972
1946.437158 -0.0231781 0.322835 0.131704 0.69824 -0.714396 0.0384233 0.0249598
1946.470472 -0.0306757 0.315297 0.129992 0.70203 -0.710867 0.0330884 0.0269644
1946.503786 -0.0351856 0.315846 0.129433 0.704248 -0.708833 0.0278189 0.0285804
1946.537100 -0.0382508 0.310568 0.12936 0.70757 -0.705458 0.0264403 0.0312067
1946.570414 -0.0401645 0.303307 0.129551 0.711098 -0.701592 0.032165 0.0327629
1946.903702 -0.0581788 0.201886 0.11052 0.747138 -0.664395 0.00677192 0.0178404
1946.937015 -0.0587263 0.189353 0.109035 0.748273 -0.663098 0.00678759 0.0184916
1946.970329 -0.0593116 0.178425 0.107971 0.750838 -0.660087 0.0076877 0.0216274
1947.003643 -0.0586469 0.166716 0.107046 0.750798 -0.660173 0.00614796 0.0208943
1947.036959 -0.0623542 0.152006 0.105916 0.748266 -0.663113 0.00431808 0.0189902
1947.070425 -0.0636157 0.136191 0.104673 0.748589 -0.662891 0.00137847 0.0136977
1947.103742 -0.0641269 0.122911 0.103295 0.7515 -0.659663 -0.0036991 0.00891623
1947.137058 -0.0628227 0.111377 0.101858 0.755327 -0.655285 -0.00814684 0.00396437
1947.170374 -0.0629133 0.0969354 0.101259 -0.761534 0.64806 0.00917548 0.0006036
1947.203691 -0.0615685 0.0834389 0.100174 -0.765616 0.6432 0.00846397 0.00738855
1947.237007 -0.0619244 0.071768 0.0989485 -0.765764 0.642933 0.00625904 0.0142827
1947.270323 -0.0582515 0.06292 0.0979595 -0.764167 0.64467 0.00466813 0.0207097
1947.303640 -0.0588433 0.0526781 0.097818 -0.763639 0.645131 -0.0024429 0.0256085
1947.336956 -0.0575972 0.0429729 0.0963608 -0.762247 0.646215 -0.0118504 0.0352872
1947.370272 -0.0557908 0.0335851 0.0942127 -0.760638 0.646628 -0.0173137 0.0547952
1947.403738 -0.0539798 0.0237473 0.0905227 -0.763156 0.640479 -0.0198164 0.0835913
1947.437055 -0.0580224 0.0133859 0.0852793 -0.769692 0.628634 -0.0211235 0.109306
1947.470371 -0.0600494 0.00778935 0.080238 -0.778123 0.614606 -0.0168354 0.128459
1947.503688 -0.0586568 -0.00111738 0.0764958 -0.783188 0.604493 -0.0163422 0.144696
1947.537004 -0.0600329 -0.00527676 0.0741099 -0.784438 0.600186 -0.020801 0.154924
1947.603637 -0.0587219 -0.00916154 0.0722723 -0.779118 0.607794 -0.0261746 0.151247
1947.636953 -0.0586959 -0.0113968 0.0711986 -0.779055 0.607403 -0.0292051 0.152586
1947.670269 -0.0579233 -0.0143533 0.0695108 -0.778032 0.60751 -0.0256726 0.157918
1947.703586 -0.0585012 -0.0155022 0.0682462 -0.777636 0.606873 -0.0211519 0.162911
1947.837001 -0.0706056 -0.0254221 0.0621563 -0.765441 0.609727 0.0595269 0.196949
1947.870317 -0.0714093 -0.0295122 0.0643847 -0.763296 0.61447 0.049282 0.193332
1947.903634 -0.0695629 -0.0355857 0.067977 -0.764574 0.6156 0.0307465 0.188464
1947.936950 -0.0668298 -0.0413084 0.0718972 -0.765263 0.615993 0.0210891 0.185689
1947.970266 -0.0677171 -0.0442552 0.0758905 -0.761862 0.620371 0.0212439 0.185082
1948.003582 -0.0666476 -0.0502941 0.0807364 -0.758022 0.625328 0.0210096 0.18419
1948.036899 -0.0668081 -0.0581705 0.0859083 -0.755815 0.6286 0.0172006 0.182509
1948.136998 -0.064801 -0.0835272 0.103789 -0.758421 0.626745 0.0065103 0.178734
1948.170314 -0.0612816 -0.0928381 0.111637 -0.761822 0.624081 -0.00666849 0.17351
1948.203630 -0.056876 -0.101424 0.119378 -0.764591 0.621694 -0.0188922 0.168939
1948.236947 -0.0536338 -0.110706 0.126005 -0.768216 0.617237 -0.0236 0.168242
1948.270263 -0.0527789 -0.119087 0.132024 -0.771513 0.61193 -0.0255651 0.172211
1948.303580 -0.049942 -0.130263 0.138262 -0.772825 0.608739 -0.0298278 0.176887
1948.336896 -0.0468287 -0.138382 0.144813 -0.773236 0.607502 -0.034776 0.17843
1948.370212 -0.0439919 -0.146002 0.151142 -0.77422 0.605888 -0.0376819 0.179064
1948.403529 -0.0399473 -0.152433 0.158163 -0.775897 0.603268 -0.0424311 0.179585
1948.436845 -0.0364082 -0.157145 0.165485 -0.778276 0.600078 -0.0518321 0.177501
1948.470311 -0.0313137 -0.16044 0.172857 -0.780779 0.596782 -0.0619944 0.174332
1948.503628 -0.0259992 -0.16143 0.179623 -0.783939 0.592549 -0.0685253 0.172131
1948.570260 -0.0178041 -0.160663 0.191247 -0.785813 0.590473 -0.0785789 0.166325
1948.636893 -0.00991283 -0.153139 0.199781 -0.784809 0.592177 -0.0922598 0.157765
1948.703526 -0.00322382 -0.138921 0.204328 -0.784229 0.592377 -0.107135 0.15032
1948.736842 -0.00178115 -0.132521 0.204887 -0.783933 0.592142 -0.114242 0.147531
1948.770158 -0.000187159 -0.124416 0.204469 -0.783086 0.59208 -0.122456 0.145678
1948.803624 0.000631243 -0.116592 0.203442 -0.781086 0.592972 -0.130198 0.146075
1948.870257 -0.00205644 -0.100528 0.197685 -0.77151 0.601093 -0.148614 0.146197
1948.903573 -0.0029424 -0.0941001 0.193811 -0.765202 0.606204 -0.161637 0.144417
1948.936890 -0.00547759 -0.090757 0.189287 -0.758157 0.612167 -0.174116 0.141893
1948.970206 -0.00926987 -0.0843357 0.18425 -0.751481 0.617548 -0.183007 0.142894
1949.003523 -0.0146953 -0.0816738 0.17921 -0.744739 0.622895 -0.190834 0.144737
1949.036839 -0.0193307 -0.079762 0.174335 -0.73884 0.627518 -0.198546 0.144621
1949.070155 -0.0258656 -0.0750553 0.168424 -0.735636 0.629229 -0.2058 0.143377
1949.103472 -0.0295981 -0.0709852 0.163739 -0.733087 0.629607 -0.213531 0.143467
1949.170254 -0.0378562 -0.069326 0.15584 -0.731597 0.625498 -0.231105 0.141806
1949.203570 -0.0430157 -0.0712476 0.150671 -0.731678 0.621055 -0.241215 0.144059
1949.236887 -0.0469903 -0.069369 0.145594 -0.733393 0.614556 -0.249357 0.149252
1949.270203 -0.0542051 -0.0702653 0.140903 -0.733161 0.611298 -0.255787 0.152848
1949.303520 -0.0605855 -0.0731896 0.136971 -0.733983 0.606246 -0.263624 0.155684
1949.336836 -0.0668876 -0.0782573 0.133728 -0.73535 0.601078 -0.269181 0.159711
1949.370152 -0.0731495 -0.0825324 0.13138 -0.737446 0.596828 -0.270292 0.164048
1949.403469 -0.0805455 -0.0884048 0.129359 -0.738826 0.593582 -0.271354 0.167819
1949.436785 -0.0869248 -0.0921853 0.128278 -0.7393 0.590665 -0.274963 0.170134
1949.470101 -0.0933346 -0.0964752 0.128362 -0.740026 0.588994 -0.27662 0.170087
1949.503567 -0.0975903 -0.0970442 0.128565 -0.742672 0.586094 -0.275432 0.170498
1949.536884 -0.104387 -0.101868 0.129301 -0.744788 0.583094 -0.274971 0.172287
1949.570200 -0.109578 -0.104402 0.130478 -0.747682 0.578548 -0.275072 0.174899
1949.603517 -0.113825 -0.108915 0.132863 -0.750096 0.575296 -0.274311 0.176473
1949.636833 -0.118721 -0.11112 0.135021 -0.753911 0.57132 -0.272174 0.176445
1949.670149 -0.122799 -0.11471 0.139115 -0.757608 0.56722 -0.271014 0.175624
1949.703465 -0.126282 -0.115377 0.14256 -0.760711 0.563559 -0.270421 0.174904
1949.736782 -0.129009 -0.117371 0.147697 -0.763077 0.561093 -0.269935 0.17327
1949.770098 -0.130661 -0.119203 0.15321 -0.765862 0.558962 -0.267145 0.172194
1949.803415 -0.131578 -0.119948 0.159453 -0.768601 0.557054 -0.264141 0.1708
1949.836881 -0.129303 -0.11889 0.166887 -0.771679 0.555093 -0.260857 0.168336
1949.870197 -0.129192 -0.119497 0.173893 -0.774225 0.554625 -0.256157 0.16538
1949.903513 -0.128033 -0.121447 0.181451 -0.776036 0.5551 -0.250991 0.163204
1949.936830 -0.12614 -0.121356 0.188976 -0.777833 0.555824 -0.244277 0.16237
1949.970146 -0.121707 -0.120466 0.196719 -0.779919 0.5563 -0.236769 0.161856
1950.003462 -0.11949 -0.120426 0.204213 -0.78199 0.557121 -0.228939 0.160293
1950.036779 -0.116674 -0.121163 0.212087 -0.783813 0.558223 -0.221801 0.157573
1950.070095 -0.112348 -0.120217 0.219957 -0.785733 0.558422 -0.216231 0.155027
1950.103411 -0.107525 -0.118991 0.227564 -0.787088 0.558733 -0.212004 0.152854
1950.136728 -0.102468 -0.117024 0.234888 -0.788056 0.560257 -0.206572 0.149691
1950.170044 -0.0948198 -0.114107 0.242948 -0.789709 0.561601 -0.199373 0.145652
1950.203511 -0.0897997 -0.111977 0.248715 -0.791128 0.56285 -0.192194 0.142753
1950.236827 -0.0832854 -0.108178 0.254922 -0.791835 0.564073 -0.187202 0.140625
1950.270143 -0.0761109 -0.104703 0.260736 -0.791683 0.566403 -0.18336 0.137128
1950.303459 -0.068257 -0.0999697 0.266669 -0.79143 0.569565 -0.177856 0.132668
1950.336776 -0.0609046 -0.095208 0.271561 -0.791704 0.572205 -0.171419 0.128072
1950.370092 -0.053043 -0.0909102 0.276065 -0.791691 0.574478 -0.166796 0.124011
1950.436725 -0.0381361 -0.0808258 0.284227 -0.790955 0.580544 -0.156707 0.113145
1950.470041 -0.03027 -0.0757741 0.288022 -0.790182 0.583737 -0.15284 0.107256
1950.503357 -0.0232911 -0.0704242 0.290847 -0.788862 0.587562 -0.149025 0.101287
1950.536824 -0.0160311 -0.0653343 0.293204 -0.786782 0.592011 -0.145714 0.0962518
1950.570140 -0.00811481 -0.0580237 0.295327 -0.785217 0.595259 -0.144313 0.0909642
1950.670089 0.00912718 -0.0408081 0.297555 -0.781097 0.603162 -0.143556 0.0739941
1950.703405 0.0140703 -0.034209 0.297094 -0.779262 0.605889 -0.144285 0.0695072
1950.736722 0.0180242 -0.0286238 0.295821 -0.776704 0.609092 -0.146123 0.0662316
1950.770038 0.0209062 -0.0229394 0.294253 -0.773921 0.612583 -0.147133 0.0643437
1950.803355 0.0224969 -0.017671 0.292369 -0.770481 0.617152 -0.147355 0.0613935
1950.836671 0.0245992 -0.0126158 0.290467 -0.767708 0.620925 -0.147258 0.0582405
1950.869987 0.0258869 -0.00850651 0.288505 -0.765641 0.623471 -0.147894 0.0566102
1950.903454 0.026149 -0.00522481 0.286435 -0.763913 0.625873 -0.14765 0.0540274
1950.936771 0.0269216 -0.00196675 0.284283 -0.76306 0.62757 -0.146192 0.050224
1950.970086 0.0258015 0.000136884 0.281482 -0.761886 0.629077 -0.146103 0.0494436
1951.003402 0.0227384 0.00207287 0.277998 -0.759102 0.632387 -0.145679 0.0512803
1951.036719 0.020353 0.00380797 0.27481 -0.755913 0.636308 -0.145561 0.0501912
1951.070035 0.0189623 0.00482403 0.271938 -0.754564 0.638139 -0.144785 0.0494918
1951.103351 0.0146866 0.00364628 0.267725 -0.754739 0.638546 -0.141223 0.0518112
1951.136668 0.0117316 0.00277486 0.264004 -0.754144 0.639937 -0.13694 0.0547158
1951.169984 0.0102806 0.00383572 0.260761 -0.751553 0.643411 -0.135352 0.0535674
1951.203300 0.00817613 0.00353401 0.257769 -0.749626 0.645851 -0.136495 0.0480318
1951.236767 0.00552621 0.00277505 0.255239 -0.749122 0.646436 -0.137427 0.0452796
1951.270083 0.00227568 0.000968259 0.252655 -0.748059 0.647582 -0.136875 0.0480807
1951.303399 -0.000874192 -0.00134328 0.249925 -0.745569 0.650099 -0.136707 0.0530058
1951.336716 -0.00556377 -0.00286893 0.247047 -0.742609 0.652943 -0.137395 0.0576216
1951.370032 -0.0086115 -0.00385159 0.244842 -0.739877 0.655681 -0.138031 0.0601015
1951.403349 -0.0115078 -0.00412954 0.242842 -0.739039 0.656798 -0.136995 0.060582
1951.503297 -0.0216599 0.000519965 0.237078 -0.735839 0.659588 -0.141002 0.0600343
1951.536614 -0.0258188 0.00230091 0.235141 -0.734177 0.661112 -0.142482 0.0601225
1951.569930 -0.0292316 0.00423334 0.233322 -0.732357 0.662803 -0.143659 0.0608923
1951.603397 -0.0317913 0.00684369 0.231733 -0.731028 0.663949 -0.144854 0.0615376
1951.636713 -0.034941 0.00851115 0.230201 -0.730552 0.664127 -0.146756 0.0607519
1951.670029 -0.0371523 0.0112523 0.229038 -0.730442 0.663809 -0.149244 0.059479
1951.703345 -0.039626 0.0127604 0.228184 -0.729772 0.663931 -0.152233 0.0587666
1951.736662 -0.0415855 0.0137037 0.22715 -0.728401 0.664907 -0.153896 0.0603868
1951.769978 -0.0437143 0.0138563 0.226202 -0.727165 0.6659 -0.154503 0.0627393
1951.803294 -0.0451122 0.0135591 0.225991 -0.726611 0.666252 -0.155126 0.0638796
1951.836611 -0.0468949 0.0142515 0.225324 -0.727074 0.665677 -0.15555 0.0635801
1951.869927 -0.0469723 0.0143111 0.225551 -0.728037 0.66422 -0.157293 0.063499
1951.903243 -0.0453028 0.0138486 0.226225 -0.728395 0.663395 -0.158506 0.064987
1951.936710 -0.0465468 0.012749 0.225984 -0.728761 0.662977 -0.158253 0.0657708
1951.970026 -0.0458779 0.0127694 0.226524 -0.729274 0.662323 -0.158327 0.0664806
1952.003343 -0.0452031 0.0126165 0.227199 -0.729686 0.661764 -0.158878 0.0662208
1952.036659 -0.0446795 0.0130959 0.227928 -0.730149 0.661319 -0.159085 0.0650465
1952.069975 -0.0428313 0.0141341 0.229167 -0.730273 0.661252 -0.159165 0.064141
1952.103291 -0.0417776 0.0143954 0.23014 -0.730738 0.660986 -0.158459 0.063323
1952.136608 -0.0402278 0.014789 0.231157 -0.731345 0.660474 -0.157953 0.0629175
1952.169924 -0.0382372 0.0148201 0.232613 -0.731524 0.660207 -0.158497 0.0622764
1952.203240 -0.0368962 0.0152168 0.233683 -0.731992 0.659873 -0.157939 0.0617269
1952.236557 -0.0337574 0.01623 0.235521 -0.732208 0.659589 -0.158158 0.0616359
1952.270023 -0.0332249 0.0164529 0.236518 -0.732363 0.659582 -0.157978 0.060318
1952.303340 -0.0313775 0.0170118 0.237972 -0.732451 0.659782 -0.157196 0.0590975
1952.336656 -0.0298137 0.0174026 0.239282 -0.732774 0.659684 -0.156366 0.0583849
1952.369972 -0.0281719 0.0179256 0.2406 -0.733192 0.659291 -0.156052 0.0584165
1952.403288 -0.0260175 0.0184553 0.242292 -0.733344 0.659229 -0.155955 0.0574594
1952.436605 -0.0249076 0.0196042 0.243987 -0.733903 0.658877 -0.155419 0.0557892
1952.469921 -0.0233646 0.0207181 0.245729 -0.733771 0.659119 -0.155515 0.0543737
1952.503238 -0.0221213 0.0212857 0.24759 -0.733299 0.660095 -0.154273 0.0524104
1952.536554 -0.0203862 0.0216823 0.249678 -0.733555 0.660542 -0.151819 0.0503137
1952.569870 -0.0184784 0.023067 0.251378 -0.733863 0.660578 -0.150728 0.0486109
1952.603187 -0.0170515 0.0238322 0.253267 -0.733613 0.661029 -0.150476 0.0470067
1952.636653 -0.0153198 0.0248669 0.254845 -0.733405 0.661713 -0.148913 0.0455808
1952.669969 -0.0133851 0.026567 0.256629 -0.732754 0.662895 -0.147354 0.0439248
1952.703286 -0.0119009 0.0292317 0.258084 -0.731657 0.664549 -0.146055 0.0414842
1952.736602 -0.00999215 0.0325386 0.259231 -0.7303 0.666537 -0.144642 0.0383356
1952.769918 -0.00859474 0.0372217 0.2595 -0.729018 0.668599 -0.142338 0.0353364
1952.803235 -0.00635938 0.0440351 0.25891 -0.727964 0.670434 -0.140328 0.0299237
1952.836551 -0.0049088 0.053428 0.256842 -0.7268 0.672494 -0.138419 0.0187925
1952.869867 -0.00330292 0.0650013 0.251792 -0.726743 0.674189 -0.131319 0.00835139
1952.903183 -0.00290633 0.0769238 0.242447 -0.726151 0.676755 -0.121206 0.00404445
1952.936501 -0.00264956 0.0892399 0.228639 -0.723057 0.681082 -0.115369 0.00253962
1952.969966 -0.00246707 0.102731 0.210317 -0.717034 0.685771 -0.12475 0.00421118
1953.003282 -0.00147282 0.117139 0.188314 -0.709787 0.689141 -0.145584 0.00960914
1953.036599 -0.000240594 0.130893 0.165632 -0.703275 0.690878 -0.16656 0.0186745
1953.069915 0.00112039 0.144728 0.143269 -0.696438 0.694248 -0.179494 0.0278627
1953.103232 0.002474 0.159174 0.123733 -0.69072 0.69825 -0.185402 0.0312876
1953.136548 0.00591979 0.17218 0.107441 -0.687481 0.701926 -0.183942 0.0289033
1953.169864 0.00868288 0.183859 0.0943952 -0.687227 0.704515 -0.17591 0.0208037
1953.203180 0.01217 0.195374 0.0844909 -0.689916 0.703466 -0.170494 0.00916087
1953.236497 0.0176428 0.205153 0.0771103 0.693547 -0.69955 0.172046 0.0046649
1953.269813 0.0219332 0.213374 0.0709862 0.694805 -0.698179 0.172005 0.0143343
1953.303130 0.0260119 0.221105 0.0656475 0.691292 -0.702283 0.168994 0.0188501
1953.336596 0.0304113 0.227563 0.0621779 0.685035 -0.709004 0.165597 0.0248322
1953.369912 0.0325346 0.232732 0.0601183 0.686045 -0.708719 0.161216 0.0326909
1953.403228 0.0361085 0.235729 0.0595106 0.693506 -0.701771 0.157971 0.0401415
1953.436545 0.0362713 0.235282 0.0594062 0.698622 -0.697575 0.152527 0.0452871
1953.469862 0.036897 0.234055 0.0598112 0.699617 -0.697684 0.146992 0.0465423
1953.503177 0.0344236 0.232049 0.0612687 0.69795 -0.699931 0.143933 0.0473929
1953.536494 0.029906 0.229862 0.0627518 0.697256 -0.700687 0.143227 0.0485546
1953.569810 0.0253719 0.224584 0.0663306 0.696251 -0.700778 0.146964 0.05046
1953.603126 0.0204955 0.219633 0.0706914 0.693868 -0.702955 0.148568 0.0482673
1953.636443 0.0151476 0.212719 0.0763289 0.692182 -0.705168 0.147676 0.0425853
1953.669909 0.0102445 0.205567 0.0834901 0.691 -0.706778 0.146959 0.0372561
1953.703225 0.00432298 0.19891 0.0918827 0.691267 -0.706452 0.147931 0.0345397
1953.736542 -0.000915036 0.191636 0.101753 0.692121 -0.70548 0.148643 0.0342341
1953.769858 -0.0059525 0.183751 0.112713 0.694327 -0.703417 0.148185 0.0339944
1953.803174 -0.0111153 0.173336 0.123923 0.698945 -0.699916 0.143818 0.0301691
1953.836491 -0.0156237 0.161433 0.135009 0.704114 -0.696205 0.137649 0.0239625
1953.869807 -0.0197909 0.149938 0.145986 0.708165 -0.693402 0.132001 0.0164792
1953.903123 -0.0243313 0.138182 0.156524 0.710613 -0.692104 0.126333 0.0078724
1953.936440 -0.0287923 0.125962 0.1669 -0.712829 0.691154 -0.11908 9.7534e-05
1953.969756 -0.0336193 0.113742 0.177057 -0.713991 0.691085 -0.112128 0.0068194
1954.003073 -0.0377654 0.101934 0.187194 -0.715839 0.690287 -0.104665 0.0111715
1954.036539 -0.0418332 0.0904232 0.197099 -0.719183 0.687797 -0.09762 0.0134985
1954.069856 -0.0453167 0.0789994 0.206562 -0.722968 0.684577 -0.0917147 0.0161376
1954.103172 -0.0490017 0.0676512 0.215352 -0.72618 0.681824 -0.0861867 0.0187191
1954.136488 -0.0528375 0.0570164 0.223592 -0.729354 0.678942 -0.0817505 0.0199595
1954.169804 -0.0565639 0.0465272 0.23107 -0.731842 0.676613 -0.0782067 0.0220582
1954.203121 -0.0609445 0.0355936 0.237401 -0.736049 0.672637 -0.0715599 0.0258856
1954.236437 -0.0649395 0.0248011 0.242595 -0.740893 0.667698 -0.0662997 0.029345
1954.269753 -0.0698733 0.0143145 0.2469 -0.745489 0.662647 -0.0642337 0.0319164
1954.303069 -0.0741152 0.0045262 0.25006 -0.748906 0.658785 -0.0631922 0.0338832
1954.336386 -0.0788445 -0.00519409 0.251689 -0.751919 0.655337 -0.0625987 0.0351049
1954.369852 -0.0847414 -0.0144818 0.251511 -0.75577 0.650465 -0.0645702 0.0392178
1954.403169 -0.0915903 -0.0247088 0.249849 -0.759323 0.645231 -0.0703171 0.0464938
1954.436485 -0.0977561 -0.0329924 0.246509 -0.760399 0.642446 -0.0779182 0.054638
1954.469801 -0.106904 -0.040834 0.241251 -0.759932 0.641472 -0.0841409 0.0627539
1954.503118 -0.115505 -0.046625 0.234963 -0.757771 0.641849 -0.0923483 0.0726949
1954.536434 -0.124923 -0.05058 0.227783 -0.753657 0.644102 -0.102116 0.0818925
1954.569750 -0.13279 -0.0536559 0.220078 -0.74956 0.646371 -0.111646 0.0888757
1954.603067 -0.140404 -0.0537185 0.211645 -0.746419 0.647065 -0.123153 0.0948626
1954.636383 -0.146836 -0.0533595 0.203195 -0.743441 0.647219 -0.135506 0.100204
1954.669699 -0.152803 -0.0513748 0.195229 -0.740702 0.647362 -0.147635 0.102403
1954.703015 -0.156956 -0.0473304 0.188034 -0.736795 0.648831 -0.160161 0.10247
1954.736482 -0.15919 -0.0407233 0.181039 -0.732094 0.651581 -0.171092 0.101034
1954.769798 -0.159882 -0.0315997 0.174731 -0.726676 0.655417 -0.181084 0.097871
1954.803114 -0.159457 -0.0226629 0.169326 -0.721011 0.659842 -0.189756 0.0935121
1954.836431 -0.158077 -0.0103838 0.164316 -0.717055 0.662689 -0.196969 0.0887618
1954.869747 -0.154664 0.000317806 0.16049 -0.711656 0.667435 -0.202616 0.0838067
1954.903063 -0.152033 0.0102528 0.157251 -0.705084 0.67363 -0.20663 0.0798977
1954.936380 -0.149133 0.0194935 0.154903 -0.697928 0.68063 -0.209353 0.0762275
1954.969696 -0.14531 0.0285696 0.153883 -0.69129 0.687355 -0.210931 0.0718972
1955.003013 -0.140342 0.0360283 0.153925 -0.686101 0.692954 -0.211233 0.0667912
1955.036329 -0.135007 0.0425751 0.154789 -0.68346 0.696004 -0.211316 0.0616955
1955.069795 -0.128242 0.0479131 0.156525 -0.683133 0.696759 -0.211441 0.0561177
1955.103112 -0.122677 0.0518744 0.1588 -0.68254 0.698071 -0.210627 0.049727
1955.136428 -0.11785 0.0551113 0.161079 -0.681462 0.700288 -0.207968 0.0442169
1955.169744 -0.111922 0.0569419 0.164217 -0.680236 0.702637 -0.204985 0.0395022
1955.203060 -0.106822 0.0583476 0.167445 -0.679063 0.705203 -0.200869 0.0348268
1955.236377 -0.101578 0.0591945 0.171086 -0.6784 0.707659 -0.195232 0.0296268
1955.269693 -0.0952094 0.058391 0.175839 -0.679391 0.708316 -0.190054 0.0243918
1955.303009 -0.0899748 0.0579376 0.180539 -0.680947 0.708561 -0.184097 0.0189755
1955.336326 -0.0838309 0.0566934 0.186017 -0.683231 0.708108 -0.177845 0.012183
1955.369642 -0.0779991 0.055723 0.191996 -0.68509 0.708432 -0.169551 0.00526904
1955.403110 -0.0720393 0.0543611 0.198365 0.686642 -0.709124 0.160203 0.000851167
1955.436425 -0.0663066 0.0527877 0.205362 0.688481 -0.709334 0.150951 0.00723527
1955.469741 -0.0610272 0.0513326 0.21288 0.689946 -0.709753 0.141509 0.0141509
1955.503057 -0.0562154 0.0489554 0.220386 0.692281 -0.709285 0.131198 0.0211549
1955.536374 -0.0519491 0.0452768 0.22765 0.694703 -0.708504 0.121517 0.0253678
1955.569690 -0.0484552 0.041289 0.234044 0.696336 -0.708401 0.112173 0.0264851
1955.603006 -0.045517 0.0368132 0.24028 0.697541 -0.708573 0.103257 0.0264193
1955.636323 -0.0435086 0.0318632 0.246317 0.69982 -0.707429 0.0952862 0.0267654
1955.669639 -0.0410451 0.0263951 0.252076 0.704215 -0.703801 0.0894662 0.0272353
1955.702955 -0.040261 0.02062 0.257383 0.709454 -0.698942 0.0860927 0.0272648
1955.736272 -0.0405027 0.0150621 0.26228 0.713911 -0.694816 0.0831788 0.0253682
1955.769738 -0.0411791 0.00970138 0.266599 0.717386 -0.691651 0.0804937 0.022294
1955.803055 -0.0431436 0.0048491 0.270953 0.720108 -0.689266 0.0773782 0.0192283
1955.836371 -0.0460033 -0.000646664 0.274848 0.723509 -0.686089 0.0746938 0.0153885
1955.869687 -0.0491776 -0.00757187 0.278552 0.728431 -0.681022 0.0740111 0.0109105
1955.903004 -0.0537107 -0.0143642 0.281632 0.732832 -0.676295 0.0744363 0.00645669
1955.936320 -0.0576317 -0.021455 0.284354 -0.738178 0.670299 -0.0761099 3.10618e-05
1955.969636 -0.0617476 -0.0273531 0.28674 -0.743229 0.664384 -0.0784562 0.00693204
1956.002952 -0.0673217 -0.0340177 0.289136 -0.747619 0.659107 -0.0804657 0.0129972
1956.036269 -0.0732724 -0.0405555 0.291293 -0.750685 0.655177 -0.0825552 0.0200047
1956.069585 -0.0798573 -0.0462784 0.293016 -0.751865 0.653165 -0.0854751 0.0277069
1956.103052 -0.0867167 -0.0530256 0.294178 -0.753848 0.650031 -0.0888409 0.0357898
1956.136368 -0.0940163 -0.0608573 0.294605 -0.756558 0.645091 -0.096703 0.0461226
1956.169684 -0.101467 -0.0692296 0.295189 -0.760217 0.638136 -0.107637 0.0571575
1956.203000 -0.108809 -0.0757027 0.295587 -0.764449 0.630857 -0.11436 0.0675165
1956.236317 -0.117502 -0.0831311 0.295119 -0.76651 0.626106 -0.119846 0.0780387
1956.269633 -0.126975 -0.0890598 0.294344 -0.765693 0.624116 -0.127271 0.089414
1956.302949 -0.136467 -0.0961172 0.293746 -0.763597 0.623727 -0.1342 0.0993729
1956.336266 -0.147364 -0.101721 0.292917 -0.760546 0.624177 -0.141532 0.109283
1956.369582 -0.157599 -0.107898 0.292587 -0.756752 0.624716 -0.150343 0.120218
1956.402899 -0.170643 -0.113212 0.291854 -0.75333 0.624233 -0.161162 0.129819
1956.436215 -0.183263 -0.118772 0.292411 -0.749711 0.623531 -0.175896 0.134916
1956.469681 -0.194917 -0.121805 0.29398 -0.745083 0.624319 -0.192141 0.134758
1956.502997 -0.205681 -0.12278 0.296471 -0.741154 0.626327 -0.202406 0.132052
1956.536314 -0.215268 -0.122571 0.298783 -0.738533 0.625926 -0.213014 0.131948
1956.569630 -0.226239 -0.122663 0.300124 -0.734499 0.625096 -0.227223 0.13467
1956.669579 -0.252812 -0.117261 0.304076 -0.722852 0.626576 -0.254783 0.141329
1956.702895 -0.261236 -0.114346 0.304089 -0.719367 0.62616 -0.265082 0.142007
1956.736212 -0.269436 -0.112693 0.303496 -0.716697 0.623795 -0.277373 0.142442
1956.769528 -0.276612 -0.109664 0.301593 -0.715231 0.620044 -0.288081 0.144908
1956.802994 -0.282457 -0.106269 0.299814 -0.71267 0.618275 -0.29818 0.144658
1956.836311 -0.289381 -0.103106 0.296719 -0.70795 0.618392 -0.309452 0.143659
1956.869627 -0.296447 -0.0999965 0.291544 -0.702326 0.618452 -0.321518 0.144505
1956.902944 -0.301842 -0.0962138 0.284294 -0.695896 0.619447 -0.33272 0.145983
1956.936260 -0.308381 -0.0953683 0.275078 -0.687613 0.620436 -0.346997 0.147788
1956.969576 -0.313617 -0.0926405 0.265085 -0.680606 0.620022 -0.362073 0.145779
1957.002892 -0.318395 -0.0907278 0.254148 -0.675991 0.618598 -0.374476 0.141914
1957.036209 -0.322429 -0.0940492 0.243737 -0.673664 0.615812 -0.383708 0.140429
1957.336206 -0.315447 -0.11094 0.151375 -0.688411 0.549863 -0.455696 0.126817
1957.502937 -0.297036 -0.129993 0.115197 -0.692753 0.526701 -0.475162 0.130002
1957.569570 -0.282423 -0.128637 0.110848 -0.691121 0.525972 -0.482125 0.115157
1957.602887 -0.277718 -0.125205 0.107225 -0.691191 0.527168 -0.481086 0.113601
1957.636203 -0.275909 -0.127055 0.104678 -0.688462 0.532526 -0.479437 0.112145
1957.669519 -0.273128 -0.127315 0.102403 -0.684762 0.538421 -0.478287 0.111555
1957.702835 -0.271822 -0.127196 0.100759 -0.68207 0.544603 -0.475968 0.1079
1957.736152 -0.269922 -0.129452 0.100122 -0.68082 0.5454 -0.47759 0.104552
1957.769468 -0.269113 -0.130589 0.097938 -0.680617 0.543881 -0.479018 0.107221
1957.802785 -0.268468 -0.131357 0.0965097 -0.679645 0.546113 -0.477723 0.107816
1957.869567 -0.265471 -0.129336 0.0967571 -0.673135 0.556427 -0.476537 0.100952
1957.902883 -0.264089 -0.125263 0.0981484 -0.667721 0.564685 -0.476209 0.0922193
1958.002833 -0.261826 -0.111662 0.105595 -0.653912 0.582213 -0.477695 0.0723493
1958.069465 -0.260258 -0.0983367 0.111301 -0.642738 0.598656 -0.474472 0.0580933
1958.102781 -0.257624 -0.0926136 0.116158 -0.640175 0.604545 -0.471313 0.0506505
1958.136098 -0.255309 -0.0870509 0.120525 -0.639093 0.607554 -0.469275 0.0471105
1958.169414 -0.253706 -0.0822645 0.124754 -0.637375 0.613659 -0.464078 0.0424978
1958.236197 -0.25087 -0.0747406 0.133033 -0.637196 0.621019 -0.455524 0.0285436
1958.269513 -0.249663 -0.0726288 0.135726 -0.638261 0.623191 -0.451231 0.0254241
1958.302830 -0.248259 -0.069348 0.136373 -0.639882 0.624721 -0.446925 0.023099
1958.336146 -0.247499 -0.0675466 0.136042 -0.640142 0.627143 -0.443155 0.0228819
1958.369462 -0.247479 -0.0675853 0.136022 -0.640998 0.630295 -0.437389 0.0232561
1958.469411 -0.244413 -0.0649563 0.136855 -0.646792 0.636726 -0.419356 0.0194967
1958.569510 -0.238005 -0.0565733 0.139731 -0.657944 0.640759 -0.395518 0.0101516
1958.702776 -0.240354 -0.0658262 0.147237 0.673704 -0.64235 0.365358 0.00478578
1958.736092 -0.238446 -0.0674738 0.149269 0.676556 -0.643416 0.358119 0.00616824
1958.836041 -0.237331 -0.0742437 0.159806 0.681883 -0.649227 0.336562 0.0162805
1958.902824 -0.231936 -0.0727446 0.170389 0.683617 -0.65457 0.321983 0.0230943
1959.169354 -0.219529 -0.0840126 0.222829 0.677269 -0.671222 0.299253 0.0348704
1959.236140 -0.218796 -0.0949408 0.232569 0.685189 -0.661816 0.302371 0.0329616
1959.336086 -0.221245 -0.113447 0.242287 0.69585 -0.651111 0.302035 0.0249269
1959.369402 -0.22229 -0.118972 0.245605 0.700517 -0.645115 0.304044 0.0256935
1959.502668 -0.229284 -0.136097 0.254111 0.709054 -0.638141 0.299935 0.0075834
1959.736032 -0.2574 -0.141914 0.24662 -0.695755 0.656594 -0.289385 0.0326356
1959.969396 -0.306432 -0.135774 0.228446 -0.691002 0.661398 -0.286537 0.054455
1960.002713 -0.314879 -0.133883 0.226139 -0.692071 0.659309 -0.288559 0.0555241
1960.036029 -0.324654 -0.132045 0.224278 -0.692034 0.656087 -0.296121 0.0543271
1960.069345 -0.336173 -0.130678 0.221604 -0.691607 0.651913 -0.305982 0.0553583
1960.102661 -0.348187 -0.126627 0.217609 -0.690384 0.648048 -0.315975 0.0596925
1960.135978 -0.36095 -0.121473 0.213537 -0.686234 0.64703 -0.326064 0.064177
1960.169294 -0.374503 -0.115667 0.209034 -0.6809 0.649022 -0.332719 0.0666645
1960.235927 -0.401457 -0.105953 0.198967 -0.671527 0.651274 -0.346127 0.0713445
1960.269243 -0.415023 -0.103332 0.192706 -0.669215 0.649222 -0.353226 0.0767768
1960.302710 -0.428643 -0.102742 0.186456 -0.668142 0.645416 -0.360554 0.0838197
1960.336026 -0.441657 -0.101475 0.179657 -0.668701 0.640076 -0.36731 0.0906907
1960.369342 -0.45528 -0.101663 0.172861 -0.668041 0.635903 -0.374364 0.0959189
1960.402658 -0.469368 -0.101247 0.165153 -0.66596 0.632947 -0.381603 0.10126
1960.435975 -0.483734 -0.100829 0.15621 -0.664621 0.62896 -0.388831 0.107233
1960.469291 -0.498161 -0.100658 0.14617 -0.663479 0.623824 -0.397052 0.113971
1960.502608 -0.512105 -0.10121 0.134726 -0.662376 0.617602 -0.406269 0.121534
1960.535924 -0.52663 -0.104945 0.123664 -0.660365 0.611283 -0.416429 0.129762
1960.569240 -0.539093 -0.106227 0.11109 -0.65836 0.605089 -0.425977 0.137744
1960.602556 -0.549102 -0.110297 0.0999162 -0.655595 0.599367 -0.435946 0.144588
1960.636023 -0.562294 -0.117542 0.0889392 -0.65207 0.594269 -0.445646 0.151819
1960.669339 -0.572134 -0.125254 0.077611 -0.649374 0.588268 -0.454458 0.160381
1960.702655 -0.588678 -0.137536 0.068221 -0.64691 0.582258 -0.46211 0.170112
1960.735972 -0.598945 -0.146874 0.0566087 -0.645748 0.576066 -0.467899 0.179521
1960.769288 -0.608036 -0.155685 0.0452959 -0.645326 0.569231 -0.473558 0.187811
1960.802604 -0.617548 -0.167001 0.0347725 -0.643745 0.562773 -0.47967 0.196967
1960.835921 -0.631165 -0.17981 0.0253086 -0.641282 0.55824 -0.48435 0.206228
1960.935870 -0.664576 -0.212061 -0.00107145 -0.641307 0.546827 -0.486525 0.230215
1960.969186 -0.673686 -0.22666 -0.00813982 -0.643184 0.543566 -0.484586 0.236702
1961.002653 -0.685096 -0.242423 -0.0135062 -0.64514 0.540699 -0.482903 0.241336
1961.035964 -0.694352 -0.258277 -0.0181603 -0.647572 0.537409 -0.481224 0.245489
1961.069274 -0.700641 -0.274025 -0.0210315 -0.65072 0.534115 -0.478658 0.249342
1961.135895 -0.708016 -0.288779 -0.0236818 -0.660444 0.52535 -0.469614 0.259392
1961.169205 -0.710671 -0.297266 -0.0232334 -0.665908 0.522115 -0.463122 0.263591
1961.235826 -0.703374 -0.317633 -0.0161017 -0.676079 0.517989 -0.449575 0.269234
1961.269136 -0.690207 -0.314733 -0.0137939 -0.684104 0.513991 -0.440261 0.272003
1961.302446 -0.686499 -0.318009 -0.00837626 -0.69064 0.511589 -0.432447 0.272548
1961.335907 -0.678461 -0.316974 -0.000754453 -0.697826 0.508544 -0.424081 0.273088
1961.369217 -0.67684 -0.325218 0.00729578 -0.703684 0.507488 -0.416441 0.271775
1961.402527 -0.670287 -0.327775 0.0173082 -0.708129 0.506306 -0.410121 0.272046
1961.435837 -0.663786 -0.33256 0.0240291 -0.712089 0.508042 -0.401552 0.271254
1961.469148 -0.659194 -0.33755 0.0327467 -0.716101 0.510089 -0.392486 0.270116
1961.502458 -0.643657 -0.337594 0.0432865 -0.720422 0.511142 -0.383869 0.269018
1961.535768 -0.636532 -0.338646 0.0512491 -0.723618 0.514327 -0.37576 0.265799
1961.569078 -0.632264 -0.339895 0.0585731 -0.726347 0.517118 -0.368673 0.262849
1961.602389 -0.622061 -0.337629 0.0673396 -0.727103 0.519408 -0.364065 0.262664
1961.635699 -0.614647 -0.336398 0.0748188 -0.726393 0.52364 -0.359561 0.262432
1961.669159 -0.606775 -0.334608 0.0825334 -0.723764 0.530567 -0.357266 0.258894
1961.702470 -0.600552 -0.332463 0.0905099 -0.7218 0.538117 -0.352904 0.254743
1961.735780 -0.594087 -0.329136 0.0962801 -0.718718 0.546515 -0.348702 0.251343
1961.769090 -0.586034 -0.327244 0.102066 -0.715683 0.55349 -0.346188 0.248196
1961.802403 -0.579781 -0.325987 0.107087 -0.713641 0.55878 -0.344245 0.244903
1961.835711 -0.574433 -0.320068 0.113524 -0.711458 0.563098 -0.343626 0.242218
1961.869021 -0.570779 -0.310598 0.116567 -0.708315 0.568521 -0.343352 0.23913
1961.902331 -0.567868 -0.300467 0.119875 -0.70394 0.574409 -0.344881 0.235753
1961.935641 -0.564354 -0.290186 0.122222 -0.699949 0.580869 -0.344985 0.23162
1961.968952 -0.562429 -0.279434 0.124846 -0.695456 0.586283 -0.347348 0.227953
1962.002262 -0.560579 -0.269044 0.125199 -0.689792 0.591042 -0.351872 0.225926
1962.035727 -0.560529 -0.259249 0.124622 -0.684445 0.594864 -0.356124 0.225496
