25498.490983 -0.0848845 -0.00815406 -0.0110363 -0.707789 0.706423 -0.00119798 0.000383944
25498.524299 -0.0847267 -0.00715732 -0.0108324 -0.708038 0.706174 -0.0011006 0.000608366
25498.557615 -0.0852278 -0.00682556 -0.0107887 -0.707977 0.706235 -0.000970394 0.000417993
25498.590932 -0.0847521 -0.00644403 -0.0107047 -0.708144 0.706067 -0.00104594 0.000733933
25498.624248 -0.0848371 -0.00646742 -0.0106071 -0.708047 0.706164 -0.00105936 0.000566133
25498.657564 -0.0848545 -0.00642335 -0.0105975 -0.707987 0.706225 -0.00107098 0.000537853
25498.690881 -0.0848112 -0.00631616 -0.0105847 -0.708186 0.706025 -0.00101368 0.000662235
25498.724197 -0.084681 -0.00586537 -0.0106072 -0.707983 0.706228 -0.0010135 0.000843751
25498.757663 -0.084643 -0.00599837 -0.010541 -0.708081 0.70613 -0.00101732 0.000753418
25498.790980 -0.0846997 -0.00577545 -0.0105384 -0.708097 0.706114 -0.000977394 0.000789873
25498.824296 -0.0846692 -0.00570912 -0.0105411 -0.708044 0.706167 -0.000973068 0.000815865
25498.857612 -0.0846244 -0.00552524 -0.0104768 -0.708119 0.706092 -0.000941219 0.000840453
25498.890929 -0.0847446 -0.00563603 -0.0104689 -0.708104 0.706107 -0.000942729 0.000761116
25498.924245 -0.0848239 -0.00576602 -0.0104226 -0.708265 0.705945 -0.000976782 0.000669007
25498.957561 -0.0847925 -0.0056417 -0.0104181 -0.708278 0.705932 -0.000961051 0.000703987
25498.990878 -0.0847087 -0.00536468 -0.0104395 -0.708114 0.706097 -0.000933298 0.000881111
25499.024194 -0.0846383 -0.00525919 -0.0103859 -0.708206 0.706005 -0.000937276 0.000867186
25499.057510 -0.0848101 -0.00560793 -0.0103452 -0.708237 0.705974 -0.000985982 0.000652351
25499.090827 -0.0848946 -0.00554073 -0.0103751 -0.708525 0.705685 -0.00096136 0.000724621
25499.124293 -0.0848008 -0.00534122 -0.0103871 -0.708136 0.706075 -0.00091971 0.000798332
25499.157609 -0.0848631 -0.00553289 -0.0103024 -0.708257 0.705954 -0.000990001 0.00062229
25499.190926 -0.0849093 -0.00562921 -0.0103584 -0.708286 0.705924 -0.000919107 0.000721592
25499.224242 -0.0852527 -0.00578462 -0.0104029 -0.708272 0.705939 -0.000928633 0.000444122
25499.257558 -0.0847009 -0.00511829 -0.0103426 -0.708176 0.706035 -0.000898749 0.000905966
25499.290875 -0.0846572 -0.00568251 -0.0103127 -0.708453 0.705757 -0.00103873 0.000748006
25499.324191 -0.0848969 -0.00558665 -0.0102644 -0.708298 0.705913 -0.001028 0.000526694
25499.357511 -0.0848948 -0.00554836 -0.0102999 -0.708272 0.705938 -0.0010526 0.000501973
25499.390824 -0.0847672 -0.0054255 -0.0103854 -0.708379 0.705831 -0.00107253 0.000656519
25499.424140 -0.0847607 -0.00538623 -0.0104016 -0.708316 0.705894 -0.00106628 0.000627687
25499.457606 -0.0851837 -0.00540608 -0.0103511 -0.708353 0.705858 -0.000966798 0.000439829
25499.490923 -0.0849113 -0.00562099 -0.0102802 -0.708245 0.705965 -0.00101307 0.000561173
25499.524239 -0.0847814 -0.00533919 -0.0103758 -0.708321 0.70589 -0.00104615 0.000677436
25499.557555 -0.0847013 -0.00542064 -0.0103754 -0.708155 0.706056 -0.000998145 0.000739219
25499.590872 -0.0846734 -0.00514836 -0.0103114 -0.70831 0.7059 -0.000958715 0.000796177
25499.624188 -0.0845366 -0.00508978 -0.0103205 -0.708165 0.706045 -0.000969587 0.00089317
25499.657504 -0.084529 -0.00506971 -0.0103221 -0.708348 0.705862 -0.00102589 0.000827575
25499.690821 -0.0846174 -0.00529885 -0.0102651 -0.708388 0.705822 -0.00103316 0.000641269
25499.724137 -0.0848138 -0.00537148 -0.0102652 -0.70834 0.70587 -0.000942248 0.000715823
25499.757453 -0.0845459 -0.00490909 -0.0101653 -0.708301 0.70591 -0.000828557 0.000770185
25499.790920 -0.0844733 -0.00503599 -0.0101387 -0.708323 0.705887 -0.000563575 0.000893933
25499.824236 -0.0847429 -0.00475957 -0.0101408 -0.708509 0.705701 -0.000318323 0.000864072
25499.857552 -0.0848829 -0.00482769 -0.0102067 -0.708258 0.705953 -0.000462656 8.06025e-05
25499.890869 -0.0853776 -0.00514026 -0.0100666 0.707643 -0.706567 -0.000336752 0.00228599
25499.924185 -0.0850888 -0.00519519 -0.00994578 0.707728 -0.706479 -2.00696e-05 0.00302559
25499.957501 -0.0853249 -0.00522754 -0.00988144 0.707917 -0.70628 -0.000511216 0.00455657
25499.990818 -0.0856791 -0.00577572 -0.00969416 0.707674 -0.706504 -0.000446311 0.0069704
25500.024134 -0.0860143 -0.00596885 -0.00950566 0.708152 -0.706009 0.000602741 0.00844406
25500.057450 -0.0866937 -0.00678509 -0.00957559 0.70774 -0.706361 0.00576148 0.0111761
25500.090767 -0.0877499 -0.00799446 -0.0100963 0.707123 -0.706847 0.0133638 0.0128717
25500.124083 -0.0881004 -0.0100018 -0.0108749 0.706906 -0.706842 0.021776 0.0135268
25500.157549 -0.0884681 -0.0119863 -0.0124934 0.706592 -0.707145 0.0249991 0.00705776
25500.190866 -0.0893175 -0.0156988 -0.0141547 -0.707912 0.705774 -0.0272386 0.00129315
25500.224182 -0.0906865 -0.0199882 -0.0150476 -0.709902 0.703671 -0.0289828 0.00679076
25500.257498 -0.0911493 -0.0238454 -0.0159099 -0.711029 0.702453 -0.0299801 0.00988222
25500.290815 -0.0911629 -0.0290329 -0.0166131 -0.710165 0.703313 -0.0296657 0.011709
25500.324131 -0.090735 -0.0354452 -0.0169427 -0.711669 0.701895 -0.0262727 0.0134317
25500.357447 -0.0927076 -0.0417839 -0.018202 -0.713645 0.700089 -0.0190477 0.0149453
25500.390764 -0.0938185 -0.0456721 -0.0192235 -0.714605 0.699251 -0.0120534 0.0155749
25500.424080 -0.0930195 -0.0538388 -0.0194703 -0.7154 0.698531 -0.00804992 0.013843
25500.457396 -0.0912186 -0.0629852 -0.0194979 -0.71507 0.698922 -0.00480267 0.0126342
25500.490863 -0.0890165 -0.0712855 -0.0196701 -0.713562 0.700478 -0.00170274 0.0125084
25500.524179 -0.0877277 -0.0801776 -0.0202805 -0.711481 0.702602 0.00127865 0.0119674
25500.557495 -0.0875129 -0.088662 -0.0211923 -0.710065 0.704028 0.00504361 0.0113078
25500.590812 -0.0873143 -0.0965918 -0.0222775 -0.709706 0.704385 0.00775803 0.00997409
25500.624128 -0.0869435 -0.103792 -0.0234759 -0.710509 0.703558 0.0105108 0.00850925
25500.657445 -0.0863558 -0.111723 -0.0246598 -0.711511 0.702542 0.0116956 0.00712852
25500.690761 -0.0857625 -0.118357 -0.0259292 -0.711672 0.702349 0.0134502 0.00697156
25500.724077 -0.0852584 -0.126007 -0.0272189 -0.710235 0.703817 0.0132333 0.00579175
25500.757393 -0.0846321 -0.132419 -0.0286085 -0.708962 0.705117 0.0128301 0.00428644
25500.790710 -0.0839292 -0.137758 -0.0300344 -0.709046 0.705054 0.0121067 0.00237072
25500.824026 -0.0827013 -0.143427 -0.031431 0.708766 -0.705346 -0.0117267 0.000581837
25500.857492 -0.0815353 -0.149412 -0.0329354 0.708718 -0.705404 -0.0108001 0.00283854
25500.890809 -0.0800522 -0.155653 -0.0345575 0.709096 -0.705006 -0.0112566 0.00487268
25500.924125 -0.0792744 -0.162333 -0.036269 0.710933 -0.703124 -0.0124911 0.00595217
25500.957441 -0.0783491 -0.168386 -0.0381266 0.711276 -0.702749 -0.0133982 0.00716639
25500.990758 -0.0781055 -0.174927 -0.0400959 0.710418 -0.703613 -0.0134979 0.00729255
25501.024074 -0.0780392 -0.181142 -0.0421871 0.707995 -0.706084 -0.0115444 0.0074782
25501.057390 -0.0790687 -0.186744 -0.0447848 0.705129 -0.709004 -0.00822247 0.00626295
25501.090707 -0.0800845 -0.191788 -0.0473414 0.702233 -0.711919 -0.00337152 0.00537702
25501.124023 -0.0799269 -0.195955 -0.0499584 0.699637 -0.714484 0.000232149 0.00452522
25501.157339 -0.0793745 -0.20107 -0.0525668 0.697292 -0.716761 0.00280873 0.00545367
25501.190806 -0.0782655 -0.204949 -0.0553719 0.696326 -0.71768 0.00561781 0.00584544
25501.224122 -0.0773143 -0.209863 -0.0580294 0.695898 -0.718045 0.00798693 0.00857301
25501.257438 -0.0756149 -0.21285 -0.0607608 0.696247 -0.717647 0.00887266 0.0120218
25501.290755 -0.0737241 -0.21791 -0.0638563 0.697394 -0.716431 0.0107039 0.0159353
25501.324071 -0.0714859 -0.223534 -0.0670492 0.698644 -0.715203 0.0110583 0.0160899
25501.357387 -0.0698023 -0.229271 -0.0700885 0.698469 -0.715364 0.0112886 0.0163814
25501.390704 -0.0679823 -0.235979 -0.0729125 0.697395 -0.716416 0.00960932 0.0172044
25501.424020 -0.0657822 -0.242579 -0.0757138 0.694509 -0.719212 0.00811321 0.0180417
25501.457336 -0.0636206 -0.249186 -0.0782895 0.691429 -0.722143 0.00563461 0.0201026
25501.490653 -0.0612313 -0.256011 -0.080707 0.688327 -0.725024 0.00317098 0.0231657
25501.523969 -0.0582817 -0.262836 -0.0830551 0.68772 -0.725575 0.00105012 0.0241085
25501.557435 -0.0555793 -0.271928 -0.0856499 0.688757 -0.724746 -0.00272522 0.0187062
25501.590752 -0.0535796 -0.283569 -0.0881936 0.691153 -0.722611 -0.00744338 0.00923626
25501.624068 -0.0525004 -0.295751 -0.0900158 -0.694816 0.719063 0.0133465 0.000836608
25501.657384 -0.0493189 -0.304493 -0.0912565 -0.69958 0.714339 0.0154483 0.0083478
25501.690701 -0.046214 -0.310588 -0.0918754 -0.699306 0.714655 0.0118441 0.00997005
25501.724017 -0.0428053 -0.31602 -0.0923154 -0.692121 0.721593 0.0136684 0.00917514
25501.757333 -0.0387547 -0.32068 -0.0918231 -0.68392 0.729314 0.0177322 0.00625208
25501.790650 -0.0337195 -0.323066 -0.0909487 -0.67556 0.73698 0.0217018 0.00298328
25501.823966 -0.0268055 -0.323596 -0.0897433 0.666442 -0.745319 -0.0176134 0.00665542
25501.857282 -0.022102 -0.322278 -0.0888073 0.655839 -0.754456 -0.0186187 0.0180248
25501.890749 -0.0161762 -0.319974 -0.0876273 0.641472 -0.766233 -0.023004 0.0295269
25501.924065 -0.0107117 -0.318051 -0.0862624 0.629602 -0.775272 -0.0312202 0.039748
25501.957381 -0.0050704 -0.316723 -0.0849577 0.624101 -0.778796 -0.0440119 0.0451331
25501.990698 -0.00138539 -0.31325 -0.0832033 0.619984 -0.780325 -0.0636756 0.0515519
25502.024013 0.00130096 -0.310362 -0.0828645 0.615745 -0.781204 -0.0840274 0.0593095
25502.057328 0.00589151 -0.310585 -0.0833595 0.610697 -0.783368 -0.0924023 0.0696031
25502.090643 0.00914752 -0.306712 -0.0830587 0.604026 -0.787525 -0.0916136 0.0810205
25502.123958 0.0109252 -0.30028 -0.0823945 0.594759 -0.793479 -0.0907507 0.0917472
25502.157272 0.014218 -0.292609 -0.082878 0.587276 -0.798132 -0.0900266 0.099933
25502.190587 0.0163933 -0.285633 -0.0845252 0.581461 -0.801024 -0.0921914 0.108462
25502.224052 0.0178779 -0.276935 -0.0860286 0.576177 -0.803267 -0.092333 0.119397
25502.257367 0.0183904 -0.267363 -0.0881956 0.569272 -0.806643 -0.0900141 0.13097
25502.290681 0.0183054 -0.25806 -0.0907098 0.561957 -0.810544 -0.087166 0.14009
25502.323996 0.0161743 -0.247364 -0.0930366 0.552265 -0.815971 -0.0793627 0.151317
25502.357311 0.0125098 -0.237203 -0.09492 0.537284 -0.824557 -0.0708368 0.162523
25502.390626 0.00827295 -0.228068 -0.0962651 0.519718 -0.834601 -0.0633482 0.171234
25502.423940 0.00217652 -0.220314 -0.0976202 0.503182 -0.844566 -0.0548705 0.174656
25502.457255 -0.00434891 -0.213179 -0.0987743 0.48549 -0.855038 -0.0455042 0.176459
25502.490570 -0.0106895 -0.205387 -0.0996674 0.467966 -0.864024 -0.0363946 0.182059
25502.523884 -0.0191155 -0.200523 -0.10083 0.453979 -0.870031 -0.0307441 0.189744
25502.557199 -0.0276571 -0.197982 -0.101199 0.448142 -0.872709 -0.0304149 0.191374
25502.590664 -0.0374541 -0.197227 -0.101423 0.446572 -0.873155 -0.0289352 0.193225
25502.623979 -0.0470857 -0.196356 -0.10126 0.444971 -0.87348 -0.0271231 0.195698
25502.657293 -0.0570782 -0.196392 -0.100188 0.447768 -0.871951 -0.0230616 0.196658
25502.690608 -0.0666723 -0.19846 -0.0990262 0.457093 -0.868171 -0.0168753 0.192512
25502.723923 -0.0771186 -0.204064 -0.0979351 0.471355 -0.862348 -0.0125878 0.184452
25502.757238 -0.0874528 -0.212052 -0.0972433 0.487295 -0.855229 -0.0139723 0.175875
25502.790552 -0.0970922 -0.221507 -0.0960856 0.501294 -0.848696 -0.0198259 0.167413
25502.823867 -0.105597 -0.2322 -0.094809 0.51891 -0.839869 -0.0248365 0.157276
25502.857182 -0.112738 -0.244269 -0.0933111 0.540644 -0.827914 -0.0284593 0.146468
25502.890497 -0.118472 -0.257581 -0.0916919 0.564791 -0.813964 -0.0356082 0.13117
25502.923961 -0.123485 -0.273367 -0.0900217 0.583914 -0.8028 -0.0470297 0.11111
25502.957276 -0.126076 -0.289513 -0.0889112 0.599582 -0.793114 -0.0543306 0.0923035
25502.990591 -0.127947 -0.305943 -0.0877356 0.615207 -0.782567 -0.061459 0.073021
25503.023906 -0.128193 -0.321734 -0.0865593 0.630487 -0.771123 -0.0696037 0.054868
25503.057222 -0.127084 -0.336515 -0.0849867 0.645259 -0.758474 -0.0810069 0.0423855
25503.090539 -0.125544 -0.352948 -0.08373 0.654132 -0.749857 -0.0953662 0.0270407
25503.123855 -0.12404 -0.368183 -0.0829204 0.666901 -0.737394 -0.106543 0.0118834
25503.157171 -0.119215 -0.379701 -0.0822078 -0.678221 0.7255 0.116878 0.00249676
25503.190488 -0.111056 -0.390993 -0.0820881 -0.685446 0.718063 0.119979 0.0124321
25503.223804 -0.106122 -0.400412 -0.0818434 -0.690496 0.712874 0.120395 0.023026
25503.257120 -0.0993152 -0.411483 -0.0825578 -0.698411 0.706333 0.110012 0.0348306
25503.290587 -0.0874721 -0.41966 -0.084332 -0.709287 0.698102 0.0858487 0.0468464
25503.323904 -0.0742913 -0.429447 -0.0869248 -0.719599 0.690209 0.0549611 0.0526069
25503.357219 -0.0619895 -0.434332 -0.0874551 -0.730214 0.680316 0.0289956 0.0558352
25503.390536 -0.0524251 -0.433602 -0.0852494 -0.728767 0.68155 0.0317422 0.0581413
25503.423852 -0.0374929 -0.429054 -0.0826393 -0.726014 0.684746 0.0319606 0.0548075
25503.457168 -0.0259704 -0.425119 -0.0793638 -0.729877 0.681872 0.0214128 0.0432602
25503.490485 -0.0122795 -0.418475 -0.0768756 -0.728304 0.684479 0.0130761 0.0298409
25503.523801 0.000319593 -0.40547 -0.0737405 -0.725836 0.687513 0.0103674 0.0195193
25503.557117 0.0131762 -0.391616 -0.0709351 -0.726982 0.686484 0.00818075 0.0130895
25503.590434 0.0253302 -0.374862 -0.068558 -0.728608 0.684913 0.00440272 0.00224388
25503.623900 0.035301 -0.358269 -0.0651607 0.726596 -0.686896 0.000890062 0.0151966
25503.657216 0.0437837 -0.339497 -0.063116 0.727671 -0.685306 0.00857498 0.0278736
25503.690533 0.0503681 -0.323503 -0.0617278 0.729523 -0.682732 0.0207145 0.0352776
25503.723849 0.0541355 -0.309408 -0.0611899 0.730106 -0.681569 0.0329889 0.036338
25503.757165 0.0563265 -0.295974 -0.0612915 0.732822 -0.678113 0.0439705 0.0346693
25503.790482 0.0573843 -0.283761 -0.0614416 0.736326 -0.673032 0.0589614 0.0370772
25503.823798 0.0559757 -0.27251 -0.0620986 0.736729 -0.671188 0.0718503 0.0396878
25503.857114 0.0533001 -0.26366 -0.0626531 0.736966 -0.669275 0.0850769 0.0414095
25503.890431 0.0491726 -0.256947 -0.0632566 0.739467 -0.664408 0.0998832 0.0421221
25503.923747 0.0427652 -0.251568 -0.0643873 0.739872 -0.662186 0.111382 0.0411489
25503.957063 0.034321 -0.248722 -0.0658355 0.74032 -0.659561 0.123911 0.0393777
25503.990530 0.0268455 -0.24789 -0.0672745 0.742398 -0.655685 0.133484 0.0332288
25504.023846 0.0168968 -0.251243 -0.0688795 0.747444 -0.649277 0.138436 0.0245407
25504.057162 0.00809262 -0.257803 -0.0692309 0.753182 -0.641732 0.14368 0.0159437
25504.090479 -0.000714406 -0.265137 -0.0700023 0.756365 -0.637516 0.146449 0.00607112
25504.123795 -0.0108505 -0.275064 -0.0704051 -0.757983 0.634646 -0.150558 0.00432029
25504.157111 -0.0191907 -0.286156 -0.0700114 -0.758022 0.634082 -0.151872 0.0166308
25504.190428 -0.0280652 -0.29857 -0.0697214 -0.758498 0.632744 -0.153384 0.0281018
25504.223744 -0.0347046 -0.312707 -0.0686095 -0.759581 0.630568 -0.154397 0.0397917
25504.257060 -0.0415151 -0.328468 -0.0675906 -0.76187 0.627177 -0.153207 0.0522569
25504.290377 -0.0470003 -0.345424 -0.066396 -0.763882 0.624483 -0.149449 0.0645798
25504.323843 -0.0512503 -0.361827 -0.0651377 -0.7648 0.623687 -0.143197 0.0747608
25504.357159 -0.052825 -0.375917 -0.0636803 -0.765368 0.622744 -0.139393 0.0834911
25504.390476 -0.0522042 -0.389237 -0.0618363 -0.765531 0.62201 -0.137797 0.0898714
25504.423792 -0.0497317 -0.398132 -0.0597179 -0.7633 0.625153 -0.133698 0.0931802
25504.457108 -0.044777 -0.404654 -0.0571002 -0.761776 0.627591 -0.129872 0.0946611
25504.490426 -0.0385037 -0.41021 -0.054051 -0.761423 0.628439 -0.128073 0.0943206
25504.523741 -0.0308648 -0.413956 -0.0506305 -0.760907 0.629692 -0.12556 0.0935071
25504.557057 -0.0229065 -0.413773 -0.0468891 -0.759828 0.632071 -0.122487 0.0902479
25504.590374 -0.0145096 -0.410938 -0.0428631 -0.757807 0.636303 -0.117691 0.0836387
25504.623690 -0.00419957 -0.40478 -0.0388954 -0.756525 0.639619 -0.113618 0.0751576
25504.657006 0.0041265 -0.397746 -0.0360863 -0.756327 0.64148 -0.110934 0.0645404
25504.690473 0.0141501 -0.388775 -0.0337985 -0.755474 0.644031 -0.108073 0.0529567
25504.723789 0.0232237 -0.377619 -0.0321871 -0.754427 0.646631 -0.105841 0.0388097
25504.757105 0.0312971 -0.365881 -0.0315395 -0.752956 0.649028 -0.105932 0.0244758
25504.790422 0.0386818 -0.352959 -0.0318705 -0.750759 0.651788 -0.106829 0.0110224
25504.823738 0.0437562 -0.340663 -0.0335785 0.746977 -0.655399 0.111691 0.00127772
25504.857054 0.047971 -0.328166 -0.0350505 0.741969 -0.660333 0.115313 0.0120437
25504.890371 0.0518102 -0.315748 -0.0366795 0.739225 -0.66273 0.117318 0.0239206
25504.923687 0.0539268 -0.303134 -0.0386837 0.7346 -0.666103 0.123804 0.0366293
25504.957003 0.0551048 -0.291051 -0.041048 0.730508 -0.668663 0.131011 0.0456577
25504.990320 0.0539678 -0.280385 -0.0432876 0.727267 -0.670202 0.138209 0.0530177
25505.023786 0.0520008 -0.269839 -0.0456465 0.723804 -0.671736 0.146836 0.0576063
25505.057102 0.0483712 -0.261067 -0.0482742 0.720096 -0.673465 0.155819 0.0602169
25505.090419 0.0431498 -0.252429 -0.0516058 0.716599 -0.674977 0.164759 0.0612002
25505.123735 0.0370873 -0.246028 -0.0549906 0.716053 -0.67331 0.174021 0.0603151
25505.157051 0.0290383 -0.24176 -0.0590017 0.716857 -0.670939 0.180549 0.0579617
25505.190368 0.0209937 -0.23814 -0.0631158 0.717402 -0.668601 0.187864 0.0549015
25505.223684 0.0116976 -0.236747 -0.0673334 0.718811 -0.665263 0.195064 0.0518242
25505.257000 0.00200591 -0.238224 -0.0709481 0.7204 -0.66242 0.200047 0.0469509
25505.290317 -0.00902227 -0.242346 -0.0750004 0.722304 -0.6591 0.205727 0.0392412
25505.323633 -0.0204582 -0.247925 -0.0788393 0.722817 -0.657543 0.210138 0.0318665
25505.356949 -0.0311856 -0.255722 -0.0822019 0.723502 -0.656208 0.212947 0.024266
25505.390416 -0.0414821 -0.266647 -0.0852072 0.727645 -0.651205 0.215099 0.014023
25505.423732 -0.0498543 -0.280086 -0.0868138 0.734425 -0.643801 0.214757 0.00437145
25505.457048 -0.0555906 -0.294502 -0.087193 -0.741537 0.636462 -0.212173 0.00479332
25505.490365 -0.0592671 -0.308786 -0.0866591 -0.744526 0.634575 -0.206915 0.0134702
25505.523681 -0.0616286 -0.32263 -0.085481 -0.744144 0.637039 -0.199877 0.0219138
25505.556997 -0.0623024 -0.336126 -0.0835349 -0.744177 0.638926 -0.192725 0.0288314
25505.590314 -0.0623474 -0.349215 -0.081509 -0.742978 0.642545 -0.184099 0.035031
25505.623630 -0.0613617 -0.361508 -0.0790308 -0.74056 0.648031 -0.173173 0.0404724
25505.656946 -0.0594767 -0.373037 -0.0763008 -0.737186 0.654859 -0.161097 0.0420048
25505.690263 -0.0560175 -0.381629 -0.0730158 -0.733248 0.662507 -0.1477 0.0402176
25505.723729 -0.0511186 -0.388869 -0.068995 -0.730277 0.669288 -0.132441 0.0347671
25505.757045 -0.0453195 -0.393463 -0.065185 -0.72591 0.677291 -0.116568 0.0272574
25505.790362 -0.0387138 -0.396894 -0.0610119 -0.724281 0.68179 -0.101158 0.0185976
25505.823678 -0.0310752 -0.397531 -0.0565503 -0.724097 0.683997 -0.0879183 0.0100817
25505.856994 -0.0232354 -0.396698 -0.0523046 0.722681 -0.68707 0.0752345 0.00245209
25505.890311 -0.0158855 -0.393264 -0.0480359 0.721129 -0.689637 0.0638857 0.0170936
25505.923627 -0.00774407 -0.389212 -0.0440658 0.717886 -0.693342 0.0539259 0.0317556
25505.956943 8.3074e-05 -0.383616 -0.0406562 0.714079 -0.697088 0.0451829 0.046027
25505.990260 0.00707175 -0.377565 -0.0377861 0.71331 -0.697318 0.0397549 0.0579255
25506.023576 0.0136305 -0.370685 -0.0357179 0.715423 -0.694524 0.0360659 0.0671302
25506.057042 0.0198854 -0.362718 -0.0343072 0.716179 -0.692693 0.0338933 0.0782027
25506.090359 0.0252948 -0.354507 -0.0335578 0.714099 -0.693574 0.031178 0.089694
25506.123675 0.0300164 -0.346524 -0.033506 0.712758 -0.694055 0.0286168 0.0971812
25506.156991 0.033603 -0.338747 -0.0341575 0.71319 -0.693007 0.0302052 0.100941
25506.190308 0.0358031 -0.331716 -0.0353454 0.715875 -0.689519 0.0334001 0.10474
25506.223624 0.0377546 -0.323616 -0.0357675 0.716253 -0.688292 0.0366147 0.109065
25506.256940 0.0380673 -0.315422 -0.03633 0.71336 -0.689438 0.0410092 0.11879
25506.290257 0.0368524 -0.30678 -0.0365297 0.706134 -0.694532 0.0445042 0.130458
25506.323573 0.0349351 -0.297159 -0.0370773 0.699462 -0.698652 0.0500487 0.141894
25506.356889 0.0317542 -0.288023 -0.0373878 0.694923 -0.699875 0.0571515 0.154886
25506.390206 0.0271671 -0.279976 -0.0381023 0.690756 -0.701354 0.0646692 0.163637
25506.423672 0.0218192 -0.273112 -0.03912 0.690459 -0.700201 0.0712333 0.167065
25506.456988 0.0151321 -0.266797 -0.0403583 0.692211 -0.697247 0.078254 0.169021
25506.490305 0.00676303 -0.260623 -0.0416132 0.690501 -0.697427 0.0884482 0.17024
25506.523621 -0.00291981 -0.255315 -0.0428839 0.68747 -0.699202 0.0995137 0.169111
25506.556937 -0.0131298 -0.250678 -0.0440489 0.688125 -0.697619 0.109708 0.16666
25506.590254 -0.0238833 -0.248338 -0.0447771 0.691269 -0.693746 0.118482 0.163785
25506.623570 -0.0352132 -0.247735 -0.0455593 0.691947 -0.692709 0.12591 0.159718
25506.656886 -0.0464935 -0.24949 -0.0459352 0.693156 -0.691727 0.131878 0.15381
25506.690203 -0.0576583 -0.253858 -0.0456057 0.695625 -0.690151 0.135385 0.146522
25506.723519 -0.0681486 -0.260105 -0.0450904 0.698319 -0.688312 0.139643 0.138121
25506.756985 -0.0781294 -0.268395 -0.044036 0.699555 -0.688402 0.142533 0.128098
25506.790302 -0.0876266 -0.278532 -0.042482 0.701221 -0.688354 0.14361 0.117617
25506.823618 -0.0952074 -0.28977 -0.0408867 0.703605 -0.688026 0.141937 0.106836
25506.856934 -0.102787 -0.302415 -0.0387995 0.704916 -0.688874 0.138622 0.0965936
25506.890251 -0.108842 -0.315388 -0.0370176 0.706365 -0.689099 0.136303 0.0872439
25506.923567 -0.112883 -0.328817 -0.0353409 0.709075 -0.688477 0.130887 0.0779766
25506.956883 -0.115503 -0.342566 -0.0334021 0.712475 -0.687201 0.123122 0.0705344
25506.990200 -0.11596 -0.355146 -0.0318762 0.716011 -0.68539 0.115972 0.0641894
25507.023516 -0.115188 -0.366725 -0.0305233 0.718848 -0.684041 0.108796 0.0592286
25507.056832 -0.112368 -0.377819 -0.0290624 0.719368 -0.685019 0.101016 0.0552722
25507.090149 -0.108715 -0.388134 -0.0281239 0.718683 -0.687649 0.0892462 0.0516565
25507.123615 -0.102465 -0.396233 -0.0272631 0.718511 -0.689303 0.0785301 0.0493567
25507.156931 -0.094561 -0.402925 -0.026691 0.718645 -0.690205 0.0692125 0.0487433
25507.190248 -0.0855049 -0.406604 -0.0267307 0.717573 -0.692155 0.0591695 0.0500851
25507.223564 -0.0747218 -0.407787 -0.0265168 0.716532 -0.69369 0.0491063 0.0544416
25507.256880 -0.0628071 -0.407026 -0.026479 0.717904 -0.692483 0.0391268 0.0595863
25507.290197 -0.0506787 -0.404136 -0.0267609 0.718628 -0.691622 0.0297346 0.0659368
25507.323513 -0.0386725 -0.399215 -0.0270887 0.718638 -0.691005 0.0238033 0.0741877
25507.356829 -0.0265899 -0.392973 -0.0276282 0.716464 -0.69218 0.0216293 0.0842491
25507.390146 -0.0150731 -0.387431 -0.0280498 0.718107 -0.689747 0.0190203 0.0906042
25507.423462 -0.00300797 -0.382255 -0.0291289 0.72358 -0.683899 0.011574 0.0926333
25507.456928 0.00860816 -0.375845 -0.0306099 0.72786 -0.678719 0.00535519 0.0976293
25507.490245 0.0189509 -0.368627 -0.0321588 0.725897 -0.679551 0.00310779 0.106186
25507.523561 0.0270077 -0.360272 -0.0337137 0.715969 -0.688508 0.00302949 0.115481
25507.556877 0.0329062 -0.350697 -0.0351118 0.707779 -0.694659 0.00885619 0.128137
25507.590194 0.0369826 -0.341829 -0.0365916 0.705372 -0.694518 0.017567 0.140662
25507.623510 0.0392015 -0.334146 -0.0382261 0.708933 -0.68951 0.0225237 0.146571
25507.656826 0.0393044 -0.326488 -0.0400215 0.712861 -0.684346 0.0295606 0.150423
25507.690143 0.0378793 -0.318293 -0.0415579 0.715669 -0.680081 0.0383113 0.154401
25507.723459 0.0355577 -0.308847 -0.0430632 0.715382 -0.678838 0.0468772 0.158776
25507.756775 0.0322473 -0.298869 -0.0449179 0.712817 -0.679888 0.055398 0.16302
25507.790092 0.0286254 -0.287869 -0.0469626 0.708431 -0.681581 0.0668524 0.170598
25507.856874 0.0175909 -0.267071 -0.052153 0.696355 -0.687836 0.0958686 0.181054
25507.890191 0.0101556 -0.259529 -0.0550902 0.693764 -0.688675 0.110559 0.179429
25507.923507 0.00159107 -0.25465 -0.0574704 0.692692 -0.688553 0.125258 0.174304
25507.956823 -0.00720127 -0.251508 -0.0598298 0.692989 -0.687664 0.137768 0.167049
25507.990140 -0.0171064 -0.25115 -0.061619 0.694291 -0.686328 0.147324 0.158774
25508.023456 -0.026432 -0.252714 -0.0630972 0.697687 -0.683335 0.154981 0.149219
25508.056772 -0.0355014 -0.256015 -0.063914 0.699618 -0.681838 0.161911 0.139342
25508.090089 -0.0447213 -0.261804 -0.0639419 0.701045 -0.680774 0.169139 0.128352
25508.123405 -0.0538717 -0.270078 -0.0631896 0.702638 -0.680462 0.172915 0.115636
25508.156871 -0.0616063 -0.280169 -0.061782 0.705814 -0.678813 0.174864 0.10229
25508.190188 -0.0685436 -0.292059 -0.0596626 0.709976 -0.676156 0.176056 0.0880426
25508.223504 -0.0735909 -0.30465 -0.0569847 0.711911 -0.675005 0.178878 0.0745186
25508.256820 -0.0775691 -0.317138 -0.054216 0.709129 -0.679106 0.179059 0.0623604
25508.290137 -0.0784337 -0.330112 -0.05033 0.705594 -0.684722 0.174517 0.0532593
25508.323453 -0.0776546 -0.34358 -0.0460047 0.705778 -0.68714 0.166383 0.0450898
25508.356769 -0.0747612 -0.357011 -0.0417014 0.71031 -0.685113 0.157325 0.0364632
25508.390086 -0.0699181 -0.369087 -0.0374611 0.714 -0.683794 0.14775 0.0282927
25508.423402 -0.0633164 -0.379166 -0.0331481 0.714329 -0.68575 0.137382 0.0246273
25508.456718 -0.0548226 -0.386544 -0.0290272 0.7125 -0.68965 0.126842 0.0252436
25508.490035 -0.0444307 -0.390497 -0.0252821 0.710732 -0.693163 0.116723 0.0275901
25508.523501 -0.0332398 -0.391276 -0.0219703 0.709169 -0.696118 0.107077 0.0321493
25508.556817 -0.0219591 -0.390185 -0.0192786 0.70861 -0.697616 0.0982128 0.0394736
25508.590134 -0.00831675 -0.385546 -0.0173915 0.709102 -0.697386 0.0917046 0.0491613
25508.623450 0.00281318 -0.379786 -0.0166289 0.707915 -0.698403 0.0859237 0.0608876
25508.656766 0.0143128 -0.371491 -0.0167593 0.706506 -0.699451 0.0805972 0.0715684
25508.690083 0.0250737 -0.363071 -0.0178024 0.707188 -0.697954 0.0770374 0.0825299
25508.723399 0.0341397 -0.353679 -0.0197384 0.707205 -0.696713 0.0749609 0.0939783
25508.756718 0.0424237 -0.3434 -0.0222927 0.704685 -0.697678 0.073014 0.10646
25508.790032 0.0496997 -0.332713 -0.0254589 0.699541 -0.700527 0.0726979 0.120909
25508.823348 0.055663 -0.321776 -0.0289649 0.695154 -0.702317 0.0722228 0.135265
25508.856814 0.0597121 -0.312407 -0.0328474 0.693235 -0.702029 0.0715975 0.146473
25508.890131 0.0616854 -0.303156 -0.0371143 0.692296 -0.70091 0.0734952 0.15508
25508.923447 0.0617482 -0.294589 -0.0414206 0.689607 -0.701197 0.0759941 0.164288
25508.956763 0.059386 -0.287112 -0.0458602 0.685564 -0.702976 0.0769228 0.172946
25508.990080 0.0543529 -0.281712 -0.0500229 0.684396 -0.702477 0.0769743 0.179451
25509.023396 0.0452728 -0.279411 -0.0537353 0.684406 -0.702535 0.0776704 0.178887
25509.056712 0.0339482 -0.277877 -0.0576844 0.682939 -0.704622 0.0821127 0.17424
25509.090029 0.0198067 -0.277289 -0.0612994 0.678905 -0.708761 0.0879448 0.170327
25509.123345 0.0031229 -0.27797 -0.0645107 0.675081 -0.712805 0.0925945 0.166137
25509.156661 -0.0151256 -0.279793 -0.0673784 0.673848 -0.714833 0.0975462 0.159458
25509.190128 -0.0352884 -0.282867 -0.0701049 0.674432 -0.715242 0.103702 0.151051
25509.223444 -0.0558419 -0.286439 -0.0728181 0.673763 -0.716757 0.110194 0.141989
25509.256760 -0.0789953 -0.291326 -0.0757843 0.671876 -0.719534 0.115894 0.131995
25509.290077 -0.101902 -0.296523 -0.0786301 0.670919 -0.721723 0.120859 0.119904
25509.323393 -0.126998 -0.302861 -0.0811774 0.671643 -0.722289 0.124308 0.108361
25509.356709 -0.151522 -0.30874 -0.0840059 0.673081 -0.721936 0.128482 0.0962486
25509.390026 -0.176614 -0.315668 -0.0862895 0.673939 -0.721763 0.133569 0.0838004
25509.423342 -0.203073 -0.323386 -0.0893788 0.674563 -0.721414 0.140154 0.069885
25509.456658 -0.229065 -0.331469 -0.0927392 0.67459 -0.721469 0.146655 0.0538861
25509.489975 -0.256567 -0.342531 -0.0966267 0.675875 -0.719814 0.153785 0.037573
25509.523291 -0.284197 -0.352719 -0.101739 0.676653 -0.718059 0.161586 0.020518
25509.556757 -0.313554 -0.364636 -0.107729 0.676756 -0.716183 0.170499 0.00374529
25509.590074 -0.342009 -0.377636 -0.114351 -0.675334 0.714707 -0.181618 0.0115001
25509.623390 -0.370752 -0.39023 -0.122094 -0.674037 0.713085 -0.191126 0.0255837
25509.656706 -0.399189 -0.402777 -0.129903 -0.673554 0.710222 -0.200857 0.0395721
25509.690023 -0.427303 -0.413254 -0.139063 -0.672029 0.708023 -0.21017 0.0539378
25509.723339 -0.453678 -0.425413 -0.148354 -0.670663 0.705348 -0.218279 0.0710655
25509.756655 -0.480038 -0.439259 -0.15788 -0.669311 0.700847 -0.229248 0.0910069
25509.789972 -0.507534 -0.453133 -0.168005 -0.666382 0.696936 -0.241235 0.109642
25509.823288 -0.534343 -0.466117 -0.178437 -0.662171 0.69369 -0.253121 0.127487
25509.856604 -0.563445 -0.48076 -0.190342 -0.65656 0.691778 -0.262335 0.14681
25509.890071 -0.591564 -0.495393 -0.203657 -0.649736 0.689841 -0.2723 0.166775
25509.923387 -0.620019 -0.492953 -0.224514 -0.649535 0.682317 -0.279917 0.184918
25509.956703 -0.649525 -0.492386 -0.243848 -0.646204 0.676916 -0.288575 0.202309
25509.990020 -0.687491 -0.503531 -0.257874 -0.638495 0.673073 -0.301585 0.219872
25510.023336 -0.729427 -0.512654 -0.270769 -0.632191 0.666529 -0.316877 0.235928
25510.056652 -0.75935 -0.518436 -0.283671 -0.624455 0.661883 -0.331263 0.24946
25510.089969 -0.788846 -0.523748 -0.295888 -0.616419 0.65929 -0.341629 0.262021
25510.123285 -0.816253 -0.529719 -0.306738 -0.609146 0.655642 -0.352393 0.273669
25510.156601 -0.841182 -0.535871 -0.314865 -0.605131 0.649119 -0.362391 0.284839
25510.189918 -0.866415 -0.542262 -0.321692 -0.602632 0.641834 -0.370126 0.296464
25510.223234 -0.890953 -0.55042 -0.32734 -0.598115 0.635775 -0.378388 0.30801
25510.256700 -0.91365 -0.557607 -0.330053 -0.591479 0.63136 -0.38689 0.319146
25510.290017 -0.935146 -0.566588 -0.329454 -0.584943 0.626757 -0.395298 0.329783
25510.323333 -0.95711 -0.573304 -0.32899 -0.581564 0.61925 -0.403372 0.340005
25510.356649 -0.978305 -0.581579 -0.327338 -0.580847 0.610444 -0.411045 0.347875
25510.389966 -0.997465 -0.587074 -0.322284 -0.58017 0.602577 -0.418321 0.353993
25510.423282 -1.01695 -0.59434 -0.317417 -0.577179 0.596862 -0.425526 0.359927
25510.456598 -1.03553 -0.600892 -0.311582 -0.573267 0.591697 -0.432829 0.36595
25510.489915 -1.0569 -0.613181 -0.308328 -0.570085 0.586182 -0.440285 0.370867
25510.523231 -1.08051 -0.625187 -0.307998 -0.568428 0.579923 -0.445122 0.377419
25510.556547 -1.10106 -0.635808 -0.30288 -0.567163 0.57226 -0.448887 0.386453
25510.590014 -1.12329 -0.653298 -0.300429 -0.565678 0.565434 -0.451616 0.395393
25510.623330 -1.1406 -0.66185 -0.293655 -0.563506 0.559347 -0.452947 0.4055
25510.656646 -1.15883 -0.670377 -0.288664 -0.558895 0.555655 -0.454011 0.415643
25510.689963 -1.17709 -0.679854 -0.284985 -0.552586 0.553994 -0.456205 0.423812
25510.723279 -1.19297 -0.681181 -0.277456 -0.545981 0.553768 -0.458396 0.430255
25510.756595 -1.20918 -0.682367 -0.270421 -0.538988 0.555642 -0.461266 0.433575
25510.789912 -1.22569 -0.686836 -0.261523 -0.533786 0.556551 -0.46499 0.434865
25510.823228 -1.24039 -0.684127 -0.25188 -0.533412 0.555891 -0.465663 0.435447
25510.856544 -1.25518 -0.680641 -0.241083 -0.537751 0.551507 -0.46863 0.432492
25510.889861 -1.27304 -0.68214 -0.231426 -0.540793 0.545083 -0.475246 0.429614
25510.923177 -1.2891 -0.678292 -0.22314 -0.541918 0.541605 -0.478727 0.42873
25510.956643 -1.30612 -0.67267 -0.212462 -0.54028 0.542458 -0.480727 0.427478
25510.989960 -1.32296 -0.665617 -0.202228 -0.536279 0.545173 -0.483192 0.426283
25511.023276 -1.34092 -0.659651 -0.192338 -0.533514 0.54717 -0.484856 0.425302
25511.056592 -1.35955 -0.656338 -0.182906 -0.532564 0.54479 -0.48868 0.425173
25511.089909 -1.3789 -0.654599 -0.173739 -0.532167 0.541477 -0.493154 0.424735
25511.123225 -1.39758 -0.65145 -0.163492 -0.530369 0.543259 -0.493786 0.423974
25511.156541 -1.41574 -0.643213 -0.153195 -0.52918 0.549172 -0.48972 0.422555
25511.189858 -1.4337 -0.639197 -0.141407 -0.529 0.556584 -0.48388 0.419801
25511.223174 -1.45211 -0.635758 -0.127945 -0.529001 0.562791 -0.480223 0.415704
25511.256490 -1.47091 -0.631751 -0.113917 -0.531213 0.568684 -0.47648 0.409119
25511.289957 -1.48971 -0.631189 -0.101164 -0.529487 0.574241 -0.474429 0.405966
25511.323273 -1.5091 -0.631687 -0.0913069 -0.526416 0.578773 -0.471677 0.40673
25511.356589 -1.52728 -0.633499 -0.0785404 -0.530739 0.581889 -0.464726 0.404662
25511.389906 -1.54402 -0.635761 -0.0634454 -0.540342 0.580893 -0.456598 0.402631
25511.423222 -1.56272 -0.637086 -0.0537148 -0.548363 0.577742 -0.453074 0.400294
25511.456538 -1.58048 -0.64005 -0.0439263 -0.55035 0.577131 -0.453421 0.398051
25511.489855 -1.59802 -0.642268 -0.0354384 -0.546478 0.581423 -0.454192 0.396257
25511.523171 -1.6137 -0.644916 -0.0271511 -0.538376 0.590268 -0.454654 0.393732
25511.556487 -1.62914 -0.646555 -0.0177669 -0.53129 0.599086 -0.453327 0.391563
25511.589804 -1.64493 -0.646685 -0.010182 -0.527404 0.605116 -0.451449 0.38971
25511.623121 -1.66104 -0.648856 -0.00346379 -0.529916 0.60372 -0.450738 0.389289
25511.656586 -1.67576 -0.648606 0.00587544 -0.540216 0.595654 -0.451468 0.386703
25511.689903 -1.69323 -0.645169 0.00977544 -0.548907 0.587658 -0.454507 0.383122
25511.723219 -1.70834 -0.64064 0.0178068 -0.549083 0.585701 -0.458707 0.380854
25511.756535 -1.72438 -0.635087 0.0232671 -0.542135 0.590665 -0.462608 0.378415
25511.789852 -1.74187 -0.628385 0.0288991 -0.532266 0.597697 -0.467536 0.375314
25511.823168 -1.7585 -0.620834 0.0371376 -0.524901 0.603167 -0.47185 0.371519
25511.856484 -1.77756 -0.612317 0.041744 -0.524159 0.602557 -0.477478 0.366328
25511.889801 -1.79652 -0.60539 0.0475291 -0.526002 0.597955 -0.485012 0.361296
25511.923117 -1.8161 -0.598662 0.0516474 -0.523976 0.596168 -0.491617 0.358253
25511.956433 -1.8359 -0.592944 0.0554983 -0.516712 0.597928 -0.496738 0.358806
25511.989900 -1.85649 -0.587189 0.057436 -0.508875 0.600255 -0.501953 0.358863
25512.023216 -1.87755 -0.583204 0.0566913 -0.50062 0.601175 -0.508534 0.359668
25512.056532 -1.89966 -0.580854 0.052087 -0.490722 0.598849 -0.519646 0.361303
25512.089849 -1.92217 -0.578826 0.0447432 -0.479642 0.59616 -0.532034 0.362597
25512.123165 -1.94425 -0.580529 0.0394908 -0.472007 0.59328 -0.540101 0.365403
25512.156481 -1.96665 -0.584155 0.0342055 -0.471185 0.587352 -0.544733 0.369146
25512.189798 -1.98753 -0.589597 0.0277722 -0.472917 0.577885 -0.548494 0.376235
25512.223114 -2.00791 -0.595963 0.0201158 -0.473104 0.567016 -0.553848 0.384601
25512.256431 -2.02738 -0.602353 0.0094673 -0.469518 0.559471 -0.559334 0.392033
25512.289747 -2.04517 -0.607082 0.000441723 -0.461043 0.555773 -0.564358 0.400069
25512.323063 -2.06154 -0.609752 -0.00986195 -0.451013 0.553728 -0.569054 0.407615
25512.356529 -2.07756 -0.611156 -0.0186129 -0.443176 0.550842 -0.573218 0.414233
25512.389846 -2.09479 -0.615197 -0.0291094 -0.436619 0.544329 -0.579128 0.421522
25512.423162 -2.11156 -0.617063 -0.0425958 -0.430223 0.535041 -0.585823 0.430641
25512.456478 -2.12804 -0.62227 -0.0552267 -0.421082 0.527339 -0.591824 0.440849
25512.489795 -2.14437 -0.626116 -0.0702556 -0.413658 0.520642 -0.595979 0.450143
25512.523111 -2.16096 -0.630619 -0.084055 -0.408629 0.514915 -0.5983 0.458173
25512.556427 -2.17768 -0.637213 -0.0965194 -0.407366 0.50855 -0.600411 0.463611
25512.589744 -2.19464 -0.643586 -0.11 -0.408956 0.500107 -0.601791 0.46957
25512.623060 -2.21178 -0.652813 -0.124671 -0.410506 0.490852 -0.601991 0.477656
25512.656376 -2.22889 -0.660758 -0.139887 -0.411383 0.482658 -0.60163 0.48564
25512.689843 -2.24685 -0.671711 -0.154713 -0.409732 0.478949 -0.59836 0.494664
25512.723159 -2.26578 -0.68225 -0.168389 -0.406872 0.477531 -0.593381 0.504299
25512.756475 -2.28501 -0.691817 -0.180244 -0.404753 0.475446 -0.589461 0.512505
25512.789792 -2.3046 -0.700413 -0.190761 -0.403675 0.473099 -0.585117 0.520445
25512.823108 -2.32446 -0.710692 -0.203226 -0.403557 0.469579 -0.581426 0.527808
25512.856424 -2.34417 -0.719103 -0.213602 -0.401407 0.464512 -0.580682 0.534704
25512.889741 -2.36346 -0.728258 -0.222935 -0.399208 0.462361 -0.577331 0.541797
25512.923057 -2.3834 -0.74016 -0.231286 -0.401234 0.461704 -0.571296 0.547231
25512.956373 -2.40317 -0.749267 -0.235967 -0.408375 0.459008 -0.56704 0.548642
25512.989690 -2.42176 -0.75903 -0.243521 -0.415851 0.455254 -0.563525 0.549773
25513.023156 -2.4391 -0.768816 -0.250744 -0.42176 0.450368 -0.561387 0.551481
25513.056472 -2.45509 -0.775733 -0.257282 -0.425377 0.447601 -0.560455 0.551905
25513.089789 -2.46953 -0.781029 -0.26676 -0.423313 0.447034 -0.559904 0.554504
25513.123105 -2.48306 -0.78796 -0.277194 -0.416987 0.445608 -0.560104 0.560213
25513.156425 -2.49671 -0.794305 -0.28633 -0.412336 0.444266 -0.560447 0.564363
25513.189738 -2.51068 -0.796243 -0.292546 -0.411735 0.442931 -0.560203 0.56609
25513.223054 -2.52471 -0.803551 -0.303374 -0.413148 0.441642 -0.559665 0.5666
25513.256370 -2.53811 -0.808021 -0.315014 -0.414596 0.437186 -0.559534 0.569123
25513.289687 -2.55141 -0.812559 -0.325193 -0.412781 0.43147 -0.561519 0.572837
25513.323004 -2.56415 -0.814495 -0.338124 -0.407418 0.428134 -0.563765 0.576958
25513.356319 -2.57706 -0.816753 -0.353043 -0.401423 0.426998 -0.564562 0.581208
25513.389786 -2.59058 -0.817549 -0.367348 -0.396082 0.42264 -0.567124 0.585547
25513.423102 -2.60471 -0.817383 -0.382475 -0.391244 0.416353 -0.571675 0.588869
25513.456418 -2.6188 -0.820122 -0.400812 -0.385876 0.411005 -0.577246 0.59073
25513.489735 -2.63415 -0.818214 -0.417067 -0.375836 0.40791 -0.581929 0.59474
25513.523051 -2.65011 -0.817015 -0.433279 -0.36387 0.410952 -0.58243 0.599577
25513.556367 -2.66689 -0.819986 -0.44975 -0.355748 0.413295 -0.582131 0.60312
25513.589684 -2.68428 -0.822217 -0.464089 -0.355868 0.408738 -0.583423 0.604904
25513.623000 -2.70144 -0.82996 -0.479458 -0.363321 0.398568 -0.587903 0.602919
25513.656316 -2.71749 -0.839288 -0.495593 -0.369378 0.386853 -0.594377 0.600517
25513.689633 -2.73181 -0.843987 -0.514089 -0.366431 0.379471 -0.601181 0.60026
25513.723099 -2.7467 -0.846011 -0.531329 -0.357937 0.37862 -0.604593 0.602491
25513.756415 -2.75944 -0.848616 -0.55442 -0.352244 0.37822 -0.605045 0.605636
25513.789732 -2.77088 -0.854439 -0.577447 -0.350019 0.371959 -0.606581 0.609256
25513.823048 -2.7796 -0.860191 -0.603844 -0.345365 0.360563 -0.609909 0.615409
25513.856364 -2.78599 -0.866548 -0.632116 -0.333725 0.35 -0.614663 0.623151
25513.889681 -2.79221 -0.867429 -0.656682 -0.317854 0.344611 -0.618322 0.630785
25513.922997 -2.79853 -0.86796 -0.677019 -0.302411 0.343661 -0.621172 0.636074
25513.956313 -2.80495 -0.868559 -0.696458 -0.290149 0.34402 -0.623219 0.639579
25513.989630 -2.81102 -0.870222 -0.715295 -0.282031 0.341939 -0.625758 0.641844
25514.022946 -2.81704 -0.872524 -0.734403 -0.276885 0.335673 -0.63012 0.643123
25514.056262 -2.82887 -0.875468 -0.74057 -0.269687 0.325665 -0.636061 0.645475
25514.089729 -2.83931 -0.881069 -0.749267 -0.260231 0.319535 -0.640357 0.648167
25514.123045 -2.8474 -0.883675 -0.76023 -0.249124 0.316908 -0.641102 0.653065
25514.156361 -2.85304 -0.884279 -0.7747 -0.237456 0.314394 -0.640132 0.659547
25514.189678 -2.85623 -0.886247 -0.792712 -0.228432 0.311254 -0.639936 0.664395
25514.222994 -2.8587 -0.885506 -0.811155 -0.223026 0.306963 -0.641081 0.66712
25514.256310 -2.86313 -0.88794 -0.827452 -0.218486 0.301899 -0.642509 0.669554
25514.289627 -2.86568 -0.891411 -0.845925 -0.214309 0.297296 -0.641922 0.673515
25514.322943 -2.86773 -0.892648 -0.866538 -0.209751 0.292704 -0.640142 0.678637
25514.356259 -2.86928 -0.896721 -0.889172 -0.20517 0.288527 -0.638374 0.683473
25514.389576 -2.87025 -0.897903 -0.913156 -0.202257 0.284037 -0.636891 0.687594
25514.423042 -2.86848 -0.895038 -0.939078 -0.195132 0.279911 -0.636499 0.691696
25514.456358 -2.86816 -0.893019 -0.964781 -0.185784 0.277789 -0.636337 0.695264
25514.489675 -2.86783 -0.895255 -0.993199 -0.18324 0.277196 -0.634447 0.697899
25514.522991 -2.86728 -0.897685 -1.02167 -0.185646 0.273497 -0.634651 0.698537
25514.556307 -2.86709 -0.906129 -1.049 -0.185344 0.268051 -0.639224 0.696555
25514.589624 -2.86641 -0.90849 -1.07703 -0.187381 0.262143 -0.642027 0.69568
25514.622940 -2.86579 -0.909032 -1.10404 -0.190039 0.258156 -0.643573 0.695022
25514.656256 -2.86208 -0.911663 -1.13394 -0.190894 0.255995 -0.645435 0.693859
25514.689573 -2.85705 -0.912019 -1.16512 -0.187093 0.253891 -0.649011 0.69233
25514.722889 -2.85371 -0.911364 -1.19415 -0.178968 0.255271 -0.650293 0.692766
25514.756205 -2.85493 -0.911758 -1.21693 -0.172491 0.25817 -0.648304 0.695196
25514.789672 -2.85789 -0.912884 -1.23711 -0.169568 0.259695 -0.648162 0.695479
25514.822988 -2.85934 -0.912373 -1.25881 -0.170098 0.257642 -0.651528 0.692963
25514.856304 -2.86301 -0.914885 -1.27773 -0.171144 0.254142 -0.654825 0.690888
25514.889621 -2.86514 -0.915985 -1.29793 -0.171132 0.250826 -0.655281 0.69167
25514.922937 -2.86655 -0.920485 -1.3209 -0.168854 0.248055 -0.653242 0.695149
25514.956253 -2.86773 -0.942145 -1.34715 -0.163834 0.244346 -0.64958 0.70107
25514.989570 -2.87622 -0.961617 -1.38192 -0.157796 0.236048 -0.649063 0.705762
25515.022886 -2.89864 -0.967247 -1.40052 -0.151569 0.228023 -0.648516 0.710253
25515.056202 -2.91384 -0.976624 -1.41818 -0.149221 0.225277 -0.646807 0.713179
25515.089519 -2.92669 -0.983475 -1.43755 -0.152983 0.223903 -0.645292 0.714186
25515.122985 -2.93699 -0.996221 -1.45798 -0.160203 0.220461 -0.645609 0.713387
25515.156301 -2.94462 -1.00795 -1.48129 -0.170628 0.213033 -0.648442 0.710652
25515.189618 -2.95121 -1.01994 -1.50497 -0.180038 0.204194 -0.650124 0.709387
25515.222934 -2.96259 -1.03211 -1.52629 -0.184472 0.196039 -0.652012 0.708815
25515.256250 -2.97401 -1.03899 -1.54961 -0.183488 0.190833 -0.653948 0.708708
25515.289567 -2.98549 -1.04667 -1.57239 -0.177074 0.187498 -0.658037 0.707444
25515.322883 -2.99622 -1.04799 -1.59533 -0.173099 0.188155 -0.664551 0.702145
25515.356199 -3.00428 -1.04725 -1.61673 -0.176227 0.189929 -0.670655 0.695049
25515.389516 -3.01162 -1.04505 -1.63849 -0.180072 0.185801 -0.676147 0.689838
25515.422832 -3.01913 -1.04673 -1.66001 -0.177833 0.178401 -0.681164 0.687433
25515.456148 -3.02206 -1.04652 -1.68273 -0.170041 0.173158 -0.685112 0.686821
25515.489615 -3.02308 -1.04545 -1.70605 -0.156911 0.169278 -0.686921 0.689103
25515.522931 -3.02588 -1.04377 -1.72888 -0.140094 0.164566 -0.689082 0.691707
25515.556247 -3.02036 -1.04088 -1.75365 -0.12642 0.161416 -0.694689 0.689471
25515.589566 -3.01322 -1.03675 -1.77874 -0.114642 0.154352 -0.698906 0.688885
25515.622880 -3.00977 -1.03726 -1.80261 -0.0997411 0.144042 -0.701427 0.690871
25515.656196 -3.0064 -1.02843 -1.82659 -0.082789 0.139256 -0.701536 0.693974
25515.689513 -2.99869 -1.01811 -1.8511 -0.0678998 0.142268 -0.697047 0.699482
25515.722829 -2.99704 -1.00417 -1.8739 -0.0528591 0.146731 -0.691115 0.705717
25515.756145 -2.99563 -0.992426 -1.89645 -0.0384671 0.150374 -0.685967 0.710885
25515.789462 -2.99313 -0.987475 -1.91898 -0.0274527 0.146722 -0.685222 0.712874
25515.822928 -2.98115 -0.981965 -1.94404 -0.0190546 0.138288 -0.68616 0.713932
25515.856244 -2.96818 -0.980157 -1.97039 -0.010276 0.129387 -0.687316 0.714667
25515.889561 -2.95792 -0.980391 -1.9971 -0.00188704 0.122701 -0.685283 0.717864
25515.922877 -2.94837 -0.977125 -2.0238 0.00361772 0.114277 -0.681551 0.722783
25515.956193 -2.93675 -0.97868 -2.05141 0.00877393 0.104465 -0.678451 0.727128
25515.989510 -2.92606 -0.986144 -2.07992 0.0154825 0.0937304 -0.67914 0.727835
25516.022826 -2.91098 -0.990555 -2.10746 0.0274 0.0788583 -0.678412 0.729923
25516.056142 -2.90164 -0.993779 -2.13434 0.0421896 0.062904 -0.676433 0.7326
25516.089459 -2.88639 -0.997162 -2.16088 0.0463749 0.0513831 -0.671852 0.737445
25516.122775 -2.87206 -1.00282 -2.18621 0.0456705 0.038142 -0.671163 0.738918
25516.156241 -2.85675 -1.01135 -2.20989 0.0487961 0.0245165 -0.673248 0.737398
25516.189558 -2.84185 -1.02105 -2.23225 0.0551856 0.0123384 -0.677207 0.733617
25516.222875 -2.81757 -1.03571 -2.25323 0.0666215 0.00275731 -0.676743 0.733194
25516.256190 -2.7972 -1.04757 -2.27236 0.0793231 -0.00598449 -0.674843 0.733662
25516.289507 -2.7752 -1.05453 -2.28985 0.0892714 -0.0158805 -0.671625 0.735322
25516.322823 -2.75892 -1.0615 -2.30713 0.0968417 -0.0275248 -0.674197 0.731657
25516.356139 -2.74007 -1.06993 -2.32425 0.10114 -0.0389717 -0.680365 0.724814
25516.389456 -2.72034 -1.07632 -2.34083 0.106244 -0.0533652 -0.686875 0.716984
25516.422772 -2.70204 -1.08261 -2.35664 0.115067 -0.0674501 -0.689579 0.711822
25516.456088 -2.68178 -1.08837 -2.372 0.124121 -0.0811742 -0.688146 0.710253
25516.489405 -2.66395 -1.09551 -2.38649 0.134842 -0.0958105 -0.687325 0.707264
25516.522871 -2.64206 -1.10397 -2.40166 0.147067 -0.111114 -0.685356 0.704494
25516.556187 -2.62479 -1.11069 -2.41646 0.158952 -0.124218 -0.685231 0.69983
25516.656136 -2.82951 -1.06708 -2.43155 0.184035 -0.164576 -0.705986 0.663799
25516.689453 -2.81604 -1.06923 -2.44768 0.195396 -0.170782 -0.703046 0.662103
25516.722769 -2.80209 -1.07321 -2.46359 0.206232 -0.178119 -0.696698 0.663592
25516.756085 -2.78661 -1.08185 -2.47888 0.220287 -0.185938 -0.690618 0.663286
25516.789402 -2.77494 -1.08848 -2.49303 0.236401 -0.193454 -0.686344 0.660016
25516.822718 -2.76459 -1.09594 -2.5074 0.248626 -0.197267 -0.684706 0.656086
25516.856184 -2.75336 -1.10174 -2.52181 0.253504 -0.203852 -0.688571 0.648112
25516.889501 -2.74147 -1.11306 -2.53412 0.25685 -0.216212 -0.693879 0.637034
25516.922817 -2.73044 -1.12389 -2.54367 0.260341 -0.231503 -0.698408 0.625184
25516.956133 -2.71853 -1.13597 -2.55172 0.26516 -0.243699 -0.699407 0.617357
25516.989450 -2.70811 -1.14348 -2.56092 0.271766 -0.249885 -0.698413 0.613123
25517.022767 -2.69759 -1.14863 -2.57062 0.280032 -0.254258 -0.694781 0.611731
25517.056085 -2.68579 -1.15639 -2.57997 0.290027 -0.256681 -0.69017 0.611281
25517.089404 -2.67276 -1.1573 -2.58786 0.297784 -0.258016 -0.687231 0.6103
25517.122722 -2.65955 -1.16372 -2.59804 0.30643 -0.26063 -0.684803 0.607633
25517.156041 -2.64341 -1.1657 -2.60583 0.319188 -0.264332 -0.684006 0.60032
25517.189359 -2.62851 -1.16704 -2.61473 0.332469 -0.266639 -0.682293 0.594007
25517.222828 -2.61258 -1.1662 -2.62218 0.338358 -0.269487 -0.679589 0.592494
25517.256146 -2.59703 -1.16645 -2.63165 0.340375 -0.274088 -0.677359 0.591781
25517.289465 -2.58212 -1.1698 -2.64188 0.342737 -0.279659 -0.674164 0.59146
25517.322783 -2.56861 -1.17754 -2.65453 0.341617 -0.28615 -0.672275 0.591153
25517.356102 -2.55955 -1.1738 -2.66896 0.338886 -0.293093 -0.669084 0.592942
25517.389420 -2.54729 -1.17559 -2.68398 0.338846 -0.296374 -0.662593 0.598595
25517.422739 -2.53447 -1.17785 -2.69953 0.338249 -0.299251 -0.654306 0.606565
25517.456057 -2.52199 -1.1763 -2.71526 0.331297 -0.303934 -0.647792 0.615006
25517.489376 -2.51236 -1.17551 -2.73186 0.322649 -0.309604 -0.641843 0.622961
25517.522694 -2.49829 -1.17776 -2.7464 0.316765 -0.315275 -0.635219 0.629887
25517.556163 -2.48519 -1.17701 -2.76017 0.307447 -0.3238 -0.629862 0.635535
25517.589481 -2.47273 -1.17635 -2.775 0.299426 -0.32789 -0.635468 0.631674
25517.622800 -2.45655 -1.17762 -2.78775 0.300774 -0.330935 -0.643986 0.620724
25517.656118 -2.43837 -1.17742 -2.79806 0.306494 -0.334862 -0.648202 0.611361
25517.689437 -2.42191 -1.17244 -2.8088 0.31429 -0.336779 -0.647766 0.606795
25517.722755 -2.40618 -1.16702 -2.81836 0.328051 -0.334858 -0.639581 0.609252
25517.756074 -2.39025 -1.16201 -2.8266 0.342199 -0.330987 -0.624348 0.619304
25517.789392 -2.37802 -1.15723 -2.8356 0.348103 -0.331146 -0.61195 0.628239
25517.822711 -2.36672 -1.15078 -2.84417 0.353602 -0.334151 -0.608639 0.626792
25517.856029 -2.3538 -1.15117 -2.85163 0.362877 -0.335819 -0.610889 0.618353
25517.889348 -2.34216 -1.14976 -2.86158 0.376615 -0.330842 -0.615678 0.607985
25517.922816 -2.33018 -1.15026 -2.87017 0.385355 -0.329726 -0.613059 0.605756
25517.989453 -2.31082 -1.13676 -2.88907 0.385083 -0.334058 -0.599716 0.616812
25518.022771 -2.30007 -1.12417 -2.89853 0.390177 -0.330312 -0.594166 0.620985
25518.056087 -2.28446 -1.11598 -2.91013 0.407355 -0.319953 -0.586395 0.622762
25518.089404 -2.26692 -1.09518 -2.91669 0.438897 -0.300478 -0.574974 0.621681
25518.122720 -2.25052 -1.08751 -2.92481 0.46761 -0.28534 -0.560718 0.620901
25518.156036 -2.23541 -1.08342 -2.93259 0.474363 -0.291562 -0.553567 0.619301
25518.189353 -2.22106 -1.08644 -2.94256 0.474624 -0.305343 -0.556318 0.609924
25518.222670 -2.20786 -1.08295 -2.95502 0.478278 -0.320572 -0.56412 0.591821
25518.256135 -2.19505 -1.09135 -2.96488 0.486716 -0.332488 -0.561622 0.580637
25518.289452 -2.1826 -1.10082 -2.9768 0.492108 -0.342933 -0.55244 0.578824
25518.322768 -2.16965 -1.10577 -2.98721 0.492625 -0.352939 -0.542415 0.581843
25518.356084 -2.15506 -1.11969 -2.99763 0.49161 -0.363801 -0.534058 0.583738
25518.389401 -2.14026 -1.12816 -3.00438 0.493133 -0.377345 -0.529204 0.57825
25518.422717 -2.12565 -1.13922 -3.01088 0.499077 -0.393084 -0.523584 0.567686
25518.456033 -2.11161 -1.14549 -3.01032 0.501312 -0.414007 -0.519102 0.554813
25518.489350 -2.09837 -1.1599 -3.01248 0.504459 -0.430691 -0.516655 0.541382
25518.522666 -2.08327 -1.17068 -3.01226 0.507568 -0.442511 -0.518038 0.527443
25518.555982 -2.06948 -1.17522 -3.01509 0.510112 -0.449579 -0.519199 0.517781
25518.589299 -2.05491 -1.17465 -3.01758 0.5135 -0.448375 -0.515412 0.519257
25518.656081 -2.02443 -1.16917 -3.02528 0.516121 -0.438277 -0.491794 0.547422
25518.689398 -2.00796 -1.1692 -3.02519 0.522416 -0.437344 -0.482837 0.550163
25518.722714 -1.99138 -1.16695 -3.0217 0.525896 -0.443563 -0.483471 0.54124
25518.756030 -1.97326 -1.17205 -3.01804 0.527719 -0.450074 -0.487421 0.53044
25518.789347 -1.95377 -1.17698 -3.01396 0.531576 -0.455128 -0.49096 0.518887
25518.822663 -1.93369 -1.17614 -3.00879 0.540228 -0.457222 -0.483413 0.515183
25518.855979 -1.91165 -1.17676 -3.0063 0.53906 -0.464146 -0.472473 0.520338
25518.889296 -1.8898 -1.18005 -3.00216 0.535772 -0.467409 -0.469872 0.523161
25518.922612 -1.86705 -1.18207 -2.9995 0.53399 -0.468874 -0.474679 0.519319
25518.956078 -1.84418 -1.18383 -2.99539 0.53188 -0.4718 -0.476696 0.516981
25518.989395 -1.82082 -1.18922 -2.99053 0.530243 -0.476239 -0.47501 0.516143
25519.022712 -1.79811 -1.19449 -2.98541 0.528315 -0.478926 -0.473448 0.517069
25519.056027 -1.77561 -1.20185 -2.97989 0.527341 -0.482531 -0.472722 0.515373
25519.089344 -1.75468 -1.21011 -2.97347 0.525226 -0.491932 -0.475602 0.505908
25519.122660 -1.73433 -1.22012 -2.96665 0.521553 -0.501627 -0.482229 0.493769
25519.155976 -1.71515 -1.23032 -2.96193 0.516157 -0.510151 -0.490258 0.482674
25519.189293 -1.69699 -1.2378 -2.95981 0.513461 -0.515581 -0.497277 0.472494
25519.222609 -1.68061 -1.24123 -2.9555 0.51431 -0.517332 -0.499475 0.46731
25519.289392 -1.64812 -1.24028 -2.95165 0.516633 -0.518575 -0.477496 0.485971
25519.322708 -1.63242 -1.24077 -2.95134 0.517441 -0.51609 -0.472392 0.492698
25519.356024 -1.61649 -1.24151 -2.94801 0.518186 -0.513361 -0.472168 0.494976
25519.389341 -1.60208 -1.24227 -2.94599 0.518344 -0.512848 -0.473376 0.494188
25519.422657 -1.58773 -1.24433 -2.94361 0.51883 -0.515609 -0.472941 0.491212
25519.455973 -1.57381 -1.24809 -2.9393 0.521131 -0.519843 -0.471512 0.485656
25519.489290 -1.55951 -1.25446 -2.9328 0.524972 -0.525194 -0.471081 0.476085
25519.522606 -1.54625 -1.25654 -2.93029 0.530391 -0.529344 -0.47283 0.463585
25519.555922 -1.53169 -1.25797 -2.92665 0.533219 -0.531897 -0.47251 0.457709
25519.589239 -1.51641 -1.25667 -2.92622 0.535912 -0.530893 -0.471125 0.457157
25519.622555 -1.50064 -1.25353 -2.92607 0.540654 -0.52739 -0.470037 0.456747
25519.656021 -1.48412 -1.25135 -2.92711 0.545929 -0.523879 -0.466154 0.45849
25519.689338 -1.46726 -1.25081 -2.92751 0.547528 -0.523887 -0.461686 0.461088
25519.722656 -1.4511 -1.25061 -2.92741 0.546675 -0.525996 -0.463617 0.457749
25519.755970 -1.43487 -1.25234 -2.92921 0.548483 -0.527723 -0.468175 0.448873
25519.789287 -1.41722 -1.2558 -2.92964 0.547802 -0.529671 -0.470963 0.444472
25519.822603 -1.39971 -1.25465 -2.9328 0.549467 -0.528983 -0.470298 0.44394
25519.855919 -1.38145 -1.25442 -2.93267 0.55522 -0.528036 -0.463361 0.445204
25519.889236 -1.36287 -1.255 -2.9334 0.560591 -0.527653 -0.453509 0.449054
25519.922552 -1.34504 -1.25712 -2.9351 0.561216 -0.530204 -0.453024 0.445747
25519.955868 -1.32773 -1.26448 -2.93431 0.562404 -0.533127 -0.458936 0.434575
25519.989335 -1.31161 -1.27041 -2.93498 0.566254 -0.534828 -0.463913 0.42202
25520.022651 -1.2965 -1.27665 -2.93247 0.569198 -0.537706 -0.461943 0.416527
25520.055967 -1.28282 -1.27722 -2.93087 0.571844 -0.540615 -0.458632 0.412778
25520.089284 -1.27012 -1.27643 -2.92904 0.574262 -0.542993 -0.453883 0.411549
25520.122600 -1.25774 -1.27861 -2.92558 0.576859 -0.546001 -0.448396 0.409949
25520.155916 -1.24628 -1.2806 -2.92038 0.580096 -0.549672 -0.443472 0.405811
25520.189233 -1.23509 -1.28247 -2.9166 0.584969 -0.551966 -0.438486 0.401091
25520.222549 -1.22303 -1.2861 -2.90691 0.587519 -0.554906 -0.434463 0.397671
25520.255865 -1.2114 -1.28988 -2.89807 0.590422 -0.559297 -0.430876 0.391068
25520.289182 -1.1994 -1.29717 -2.88707 0.592524 -0.564953 -0.425619 0.385476
25520.322498 -1.18947 -1.29505 -2.87863 0.597761 -0.566727 -0.426986 0.373075
25520.355964 -1.17944 -1.29296 -2.87179 0.6023 -0.569075 -0.425787 0.363446
25520.389281 -1.16879 -1.28798 -2.86397 0.606414 -0.570595 -0.422055 0.358544
25520.422597 -1.15699 -1.28326 -2.85411 0.610345 -0.571323 -0.417538 0.355992
25520.455913 -1.14432 -1.28034 -2.83906 0.614919 -0.571908 -0.412182 0.353414
25520.489230 -1.13101 -1.28325 -2.82025 0.617567 -0.577932 -0.403839 0.348595
25520.522546 -1.11986 -1.28015 -2.80413 0.623002 -0.580751 -0.401467 0.336782
25520.555867 -1.10532 -1.28689 -2.78373 0.625933 -0.585057 -0.394255 0.332384
25520.589179 -1.09161 -1.27822 -2.76369 0.627944 -0.58811 -0.391417 0.326505
25520.622495 -1.07507 -1.28734 -2.74145 0.630875 -0.589896 -0.38747 0.322313
25520.655811 -1.05783 -1.2994 -2.71782 0.634388 -0.590771 -0.383413 0.318647
25520.689278 -1.04099 -1.31987 -2.69525 0.636876 -0.594614 -0.375273 0.316217
25520.722594 -1.02351 -1.33685 -2.66508 0.639139 -0.598519 -0.367137 0.313826
25520.755910 -1.00415 -1.36678 -2.63417 0.641831 -0.600128 -0.359697 0.313876
25520.789227 -0.990142 -1.36076 -2.60898 0.64737 -0.597988 -0.35783 0.308675
25520.822544 -0.975684 -1.36329 -2.58394 0.651721 -0.597885 -0.350177 0.308495
25520.855859 -0.965029 -1.33848 -2.5608 0.656085 -0.595506 -0.348102 0.306186
25520.889176 -0.95419 -1.33007 -2.53624 0.662136 -0.593762 -0.342705 0.302614
25520.922492 -0.940614 -1.35126 -2.50801 0.665597 -0.596708 -0.334825 0.298014
25520.955808 -0.932813 -1.33286 -2.48324 0.669509 -0.597719 -0.335195 0.28659
25520.989125 -0.92662 -1.30579 -2.45891 0.675062 -0.59876 -0.327272 0.280482
25521.022441 -0.918605 -1.28674 -2.43534 0.678772 -0.601424 -0.313047 0.282063
25521.055907 -0.909055 -1.27258 -2.41331 0.680919 -0.604506 -0.295335 0.289308
25521.089224 -0.899129 -1.26646 -2.38811 0.681184 -0.60856 -0.27857 0.296719
25521.122540 -0.889667 -1.2535 -2.36421 0.682671 -0.609915 -0.267575 0.300611
25521.155856 -0.87956 -1.24423 -2.34198 0.690133 -0.606157 -0.256034 0.301225
25521.189173 -0.870391 -1.23407 -2.31989 0.69943 -0.601893 -0.247786 0.295169
25521.222489 -0.861437 -1.22599 -2.29763 0.708972 -0.597442 -0.238108 0.289355
25521.255805 -0.853472 -1.21181 -2.27651 0.717617 -0.593837 -0.226652 0.284626
25521.289122 -0.846388 -1.19583 -2.25514 0.722805 -0.592262 -0.21311 0.28524
25521.322438 -0.837325 -1.18454 -2.23339 0.725592 -0.591179 -0.196232 0.292432
25521.355754 -0.82477 -1.16566 -2.21788 0.725973 -0.594406 -0.175898 0.297833
25521.389221 -0.814461 -1.1541 -2.19779 0.724279 -0.60059 -0.15513 0.301076
25521.422537 -0.803923 -1.1464 -2.17784 0.723343 -0.605643 -0.139976 0.300629
25521.455853 -0.793378 -1.14346 -2.15775 0.723267 -0.609374 -0.128736 0.298288
25521.489170 -0.781719 -1.14433 -2.13956 0.721175 -0.615745 -0.117188 0.295011
25521.522487 -0.772428 -1.15006 -2.12134 0.715446 -0.626288 -0.106194 0.2909
25521.555802 -0.76545 -1.15807 -2.10344 0.709305 -0.637245 -0.0954932 0.285806
25521.589119 -0.758205 -1.16882 -2.08556 0.703149 -0.648069 -0.0890297 0.278678
25521.622435 -0.752689 -1.18391 -2.06618 0.700592 -0.654863 -0.0917019 0.268172
25521.655751 -0.747261 -1.20117 -2.04591 0.701139 -0.65876 -0.102223 0.252962
25521.689068 -0.744698 -1.21733 -2.026 0.70221 -0.662364 -0.110056 0.236774
25521.722384 -0.740288 -1.23389 -2.00703 0.701622 -0.667842 -0.110623 0.222432
25521.755850 -0.738555 -1.24862 -1.98747 0.699198 -0.673721 -0.110016 0.212413
25521.789167 -0.730877 -1.26486 -1.96974 0.699556 -0.675769 -0.110891 0.204112
25521.822483 -0.725896 -1.28227 -1.95045 0.701712 -0.675512 -0.115579 0.194743
25521.855799 -0.722999 -1.29923 -1.93045 0.703216 -0.675919 -0.121254 0.184169
25521.889116 -0.719363 -1.31729 -1.91121 0.702928 -0.678461 -0.126467 0.172014
25521.922432 -0.71615 -1.33306 -1.89052 0.699991 -0.683533 -0.131791 0.159452
25521.955748 -0.692751 -1.34492 -1.86572 0.696446 -0.689756 -0.136447 0.143466
25521.989065 -0.686716 -1.36136 -1.84478 0.690928 -0.695543 -0.143998 0.134549
25522.022381 -0.681021 -1.36786 -1.8227 0.685276 -0.701602 -0.146327 0.129381
25522.055697 -0.674697 -1.36949 -1.80098 0.681397 -0.70647 -0.14136 0.128904
25522.089164 -0.671169 -1.36795 -1.77867 0.678535 -0.710031 -0.135285 0.130936
25522.122480 -0.674004 -1.36132 -1.75303 0.675607 -0.713405 -0.129855 0.133215
25522.155796 -0.669002 -1.35272 -1.72971 0.674327 -0.715676 -0.121418 0.135456
25522.189113 -0.664113 -1.34415 -1.70594 0.671639 -0.718409 -0.115432 0.13952
25522.222429 -0.660164 -1.3356 -1.68118 0.668332 -0.721753 -0.110039 0.142466
25522.255745 -0.65919 -1.32853 -1.65607 0.667454 -0.72328 -0.100082 0.14613
25522.289062 -0.657341 -1.31772 -1.6307 0.666612 -0.724614 -0.0890319 0.150454
25522.322378 -0.654644 -1.30847 -1.60644 0.664727 -0.726841 -0.0798394 0.153184
25522.355694 -0.652482 -1.29889 -1.58169 0.663106 -0.72887 -0.0715598 0.154659
25522.389011 -0.653653 -1.29113 -1.55696 0.663294 -0.728833 -0.0682448 0.155516
25522.422477 -0.652448 -1.28366 -1.53452 0.665622 -0.726733 -0.0628166 0.157673
25522.455793 -0.65472 -1.2736 -1.51256 0.666015 -0.726405 -0.0560239 0.160068
25522.489110 -0.654234 -1.26279 -1.49189 0.6664 -0.726342 -0.0469926 0.161647
25522.522426 -0.65595 -1.25197 -1.4733 0.668987 -0.724054 -0.0319573 0.164869
25522.555742 -0.659713 -1.24074 -1.45471 0.672743 -0.720952 -0.0187229 0.16521
25522.589059 -0.66604 -1.23124 -1.43458 0.677917 -0.716667 -0.00983284 0.163467
25522.622375 -0.672159 -1.22092 -1.41494 0.683813 -0.711769 -0.000600631 0.160579
25522.655691 -0.679267 -1.21312 -1.39514 0.689124 -0.70677 0.0123291 0.159477
25522.689008 -0.687238 -1.20226 -1.37672 0.690791 -0.705045 0.0291852 0.157691
25522.722324 -0.697892 -1.19369 -1.35769 0.688497 -0.707135 0.0456124 0.154441
25522.755640 -0.713097 -1.1845 -1.33949 0.685112 -0.71019 0.0605946 0.150267
25522.789107 -0.725732 -1.17914 -1.32058 0.682523 -0.712415 0.0759485 0.144426
25522.822423 -0.736214 -1.17874 -1.29996 0.682777 -0.71315 0.0840368 0.134801
25522.855739 -0.746707 -1.18005 -1.27837 0.688201 -0.70937 0.0874687 0.124591
25522.889056 -0.754894 -1.18502 -1.25513 0.693546 -0.704722 0.0919889 0.117895
25522.922372 -0.764063 -1.19307 -1.23056 0.696404 -0.702906 0.0949227 0.109241
25522.955688 -0.776407 -1.20576 -1.20474 0.695451 -0.705479 0.0972075 0.0959078
25522.989005 -0.788246 -1.22289 -1.1785 0.693655 -0.708638 0.100104 0.0815683
25523.022321 -0.799333 -1.2429 -1.15219 0.692053 -0.710855 0.105051 0.0686486
25523.055637 -0.809927 -1.26079 -1.12774 0.690689 -0.71279 0.109486 0.0537687
25523.088954 -0.822669 -1.28131 -1.10364 0.68839 -0.715375 0.113292 0.0390343
25523.122420 -0.834651 -1.30286 -1.07952 0.68554 -0.71793 0.117705 0.0274987
25523.155736 -0.845927 -1.32452 -1.05653 0.686242 -0.717259 0.11961 0.0174857
25523.189053 -0.857852 -1.34972 -1.03422 0.689874 -0.714477 0.116479 0.00536475
25523.222369 -0.872448 -1.37908 -1.01295 -0.696344 0.708527 -0.113947 0.0105151
25523.255685 -0.8908 -1.40581 -0.993606 -0.699489 0.704839 -0.114412 0.0287604
25523.289002 -0.904741 -1.42678 -0.976331 -0.695632 0.707601 -0.116899 0.0416176
25523.322318 -0.918142 -1.4398 -0.962211 -0.691569 0.710318 -0.1209 0.0506274
25523.355634 -0.933024 -1.45305 -0.948932 -0.688787 0.712303 -0.12258 0.0563085
25523.388951 -0.946009 -1.46495 -0.935782 -0.689081 0.711422 -0.122916 0.0627465
25523.422267 -0.957796 -1.47608 -0.921285 -0.690716 0.709158 -0.124108 0.0678504
25523.489050 -0.983219 -1.47259 -0.893092 -0.68606 0.712197 -0.131053 0.0701623
25523.522366 -0.994429 -1.46453 -0.879133 -0.679509 0.718027 -0.133509 0.0698533
25523.555682 -1.00616 -1.4535 -0.863476 -0.6728 0.724224 -0.134833 0.0682643
25523.588999 -1.02023 -1.43792 -0.848775 -0.666404 0.729303 -0.139342 0.0678706
25523.622315 -1.03624 -1.42002 -0.832615 -0.657138 0.736106 -0.14819 0.066014
25523.655631 -1.05016 -1.40025 -0.816779 -0.645925 0.74379 -0.159965 0.0630028
25523.688948 -1.06567 -1.38132 -0.801103 -0.636146 0.749989 -0.170626 0.0609977
25523.722264 -1.08443 -1.36511 -0.784309 -0.63248 0.750783 -0.17984 0.0628553
25523.755580 -1.10443 -1.35665 -0.767612 -0.633931 0.746616 -0.190291 0.0669734
25523.788897 -1.12651 -1.34896 -0.750337 -0.638022 0.740426 -0.198162 0.0736865
25523.822363 -1.14602 -1.3408 -0.733914 -0.638317 0.737431 -0.206385 0.0784382
25523.855679 -1.16368 -1.32868 -0.717783 -0.637352 0.735793 -0.215122 0.0781987
25523.888996 -1.1831 -1.32067 -0.700543 -0.632802 0.736975 -0.224491 0.0776693
25523.922312 -1.20358 -1.30852 -0.684398 -0.624467 0.739861 -0.237538 0.078884
25523.955628 -1.22186 -1.2997 -0.666739 -0.620382 0.740082 -0.248191 0.0762035
25523.988945 -1.23835 -1.28888 -0.649693 -0.620655 0.738382 -0.253146 0.0741402
25524.022261 -1.25617 -1.28504 -0.63308 -0.62109 0.736084 -0.258565 0.0746403
25524.055577 -1.27848 -1.28066 -0.618069 -0.622921 0.731937 -0.265003 0.0775317
25524.088894 -1.29773 -1.27525 -0.606062 -0.622605 0.727222 -0.278425 0.0773981
25524.122210 -1.31713 -1.26839 -0.596245 -0.618484 0.724858 -0.293613 0.0764808
25524.155526 -1.33623 -1.26616 -0.586559 -0.616185 0.723459 -0.300903 0.0798768
25524.188993 -1.35468 -1.26474 -0.575976 -0.617718 0.72036 -0.303627 0.0855315
25524.222309 -1.37142 -1.27008 -0.562924 -0.621314 0.715981 -0.305171 0.0906117
25524.255625 -1.39149 -1.27671 -0.549119 -0.624877 0.711388 -0.306637 0.0971082
25524.288942 -1.41098 -1.28587 -0.536392 -0.625177 0.708349 -0.309811 0.106825
25524.322258 -1.43183 -1.2959 -0.524233 -0.62161 0.708339 -0.312562 0.119005
25524.355574 -1.44996 -1.30508 -0.511903 -0.616771 0.709692 -0.313194 0.133566
25524.388891 -1.46675 -1.31714 -0.497963 -0.615556 0.708754 -0.311599 0.147187
25524.422207 -1.48242 -1.32654 -0.482922 -0.620211 0.703341 -0.308166 0.160259
25524.455523 -1.49644 -1.34595 -0.465517 -0.628195 0.694679 -0.306365 0.170096
25524.488840 -1.51657 -1.36393 -0.451356 -0.638381 0.684635 -0.302673 0.17926
25524.522306 -1.53747 -1.38633 -0.437723 -0.645205 0.676796 -0.29983 0.189104
25524.555622 -1.55696 -1.40999 -0.423878 -0.648963 0.671081 -0.296188 0.201917
25524.588939 -1.57441 -1.4352 -0.409639 -0.648437 0.667128 -0.295163 0.217597
25524.622255 -1.59252 -1.4521 -0.397249 -0.643738 0.664683 -0.298962 0.23328
25524.655571 -1.61003 -1.46768 -0.385336 -0.637063 0.66374 -0.303599 0.247844
25524.688888 -1.62367 -1.48104 -0.371388 -0.632809 0.661086 -0.306418 0.261967
25524.722205 -1.63788 -1.49037 -0.358232 -0.635721 0.654341 -0.303279 0.27517
25524.755520 -1.65175 -1.50378 -0.347034 -0.643936 0.643063 -0.297696 0.288432
25524.788837 -1.6718 -1.5089 -0.340915 -0.650586 0.63022 -0.294557 0.304625
25524.822153 -1.68839 -1.51855 -0.335009 -0.652724 0.619977 -0.297207 0.318195
25524.855469 -1.70109 -1.52334 -0.327406 -0.651039 0.61432 -0.302634 0.327371
25524.888936 -1.71463 -1.5278 -0.32072 -0.646491 0.613623 -0.309835 0.330935
25524.922252 -1.72936 -1.52308 -0.31586 -0.639331 0.615723 -0.320019 0.331254
25524.955568 -1.74469 -1.51635 -0.310603 -0.633536 0.616857 -0.331004 0.329478
25524.988885 -1.75984 -1.51122 -0.304566 -0.634251 0.613964 -0.338353 0.326024
25525.022201 -1.77803 -1.50435 -0.301397 -0.63769 0.607099 -0.344793 0.325423
25525.055517 -1.79523 -1.50074 -0.299457 -0.638717 0.597561 -0.35496 0.330098
25525.088834 -1.80988 -1.49086 -0.294569 -0.638237 0.586882 -0.365563 0.338506
25525.122150 -1.82199 -1.49322 -0.276964 -0.635373 0.578408 -0.378264 0.344473
25525.155466 -1.84795 -1.48523 -0.285695 -0.631966 0.580857 -0.380704 0.343931
25525.188783 -1.87825 -1.47787 -0.280389 -0.627972 0.584009 -0.382129 0.344329
25525.222249 -1.89934 -1.46479 -0.283406 -0.624434 0.586586 -0.383567 0.344783
25525.255565 -1.92258 -1.45661 -0.286031 -0.620833 0.586741 -0.385531 0.348808
25525.288882 -1.9432 -1.45437 -0.282374 -0.617964 0.585497 -0.388157 0.353055
25525.322198 -1.96482 -1.47109 -0.275376 -0.616662 0.583869 -0.390573 0.355356
25525.355514 -1.9902 -1.47692 -0.279377 -0.616075 0.584037 -0.388734 0.358103
25525.388831 -2.00602 -1.48571 -0.251121 -0.612378 0.579291 -0.392575 0.36783
