608.242745 -0.0848845 -0.00815406 -0.0110363 -0.707789 0.706423 -0.00119798 0.000383944
608.276062 -0.0849522 -0.00805053 -0.0108221 -0.70772 0.706492 -0.000990768 0.000204503
608.309378 -0.0853876 -0.00795468 -0.0108803 -0.707592 0.70662 -0.00105925 0.000152472
608.342694 -0.0850842 -0.00747494 -0.0109047 -0.707652 0.70656 -0.000839013 0.000292537
608.376011 -0.0850187 -0.00747636 -0.010841 -0.707559 0.706653 -0.000927598 0.000234835
608.409327 -0.0840205 -0.00759345 -0.0106818 -0.707774 0.706438 -0.00122403 0.000344447
608.442643 -0.08431 -0.00761125 -0.010695 -0.707707 0.706505 -0.00117073 0.00029178
608.475960 -0.0848478 -0.00716749 -0.0108837 -0.707551 0.706662 -0.000848992 0.000274174
608.509276 -0.084807 -0.00728756 -0.0108696 -0.707557 0.706655 -0.000882011 0.000251828
608.542592 -0.0840217 -0.00752583 -0.0106416 -0.707685 0.706527 -0.00122298 0.00031511
608.576059 -0.0839263 -0.0075812 -0.0105936 -0.707827 0.706384 -0.00162476 9.38573e-06
608.609375 -0.0837784 -0.00716734 -0.0106657 -0.707915 0.706296 -0.00152262 3.09873e-05
608.642691 -0.0848103 -0.00726911 -0.0107738 -0.707605 0.706607 -0.00102477 4.22556e-05
608.676008 -0.0839551 -0.00744659 -0.0106838 -0.707744 0.706468 -0.00123004 0.000150268
608.709324 -0.0846675 -0.00717107 -0.0107815 -0.707617 0.706595 -0.00107483 4.5922e-05
608.742640 -0.0845762 -0.00695638 -0.0108583 -0.707653 0.706559 -0.00102691 6.75011e-05
608.775957 -0.0846906 -0.00699809 -0.0109218 -0.707562 0.70665 -0.00101248 5.07765e-05
608.809273 -0.0839283 -0.00776528 -0.0106749 -0.707582 0.70663 -0.00113378 0.000238379
608.842589 -0.0837843 -0.00746734 -0.0108334 -0.707534 0.706679 -0.00101876 0.000347408
608.875906 -0.0841282 -0.007889 -0.0108831 -0.707494 0.706718 -0.000976476 0.000384414
608.909372 -0.0841218 -0.00753757 -0.0109171 -0.707547 0.706665 -0.00100709 0.000346182
608.942688 -0.0849095 -0.00713274 -0.0110094 -0.707464 0.706749 -0.000874408 0.000203253
608.976005 -0.0848533 -0.00685366 -0.011078 -0.707475 0.706738 -0.000770566 0.000230601
609.009321 -0.0849267 -0.00734448 -0.011088 -0.707417 0.706796 -0.0006647 0.000262318
609.042637 -0.0840975 -0.00769313 -0.0110046 -0.707435 0.706778 -0.000350397 0.000277685
609.075955 -0.0843134 -0.00736067 -0.0110655 -0.707168 0.707046 2.54215e-05 9.36976e-05
609.109270 -0.0843212 -0.0073635 -0.0112838 -0.707468 0.706746 -0.000111558 0.000102997
609.142586 -0.084273 -0.00749363 -0.0112323 -0.707402 0.706812 -0.00028498 0.00023225
609.175903 -0.0842865 -0.00710532 -0.011428 -0.707556 0.706657 -0.000286984 0.000561857
609.209219 -0.0842614 -0.0071094 -0.0114647 -0.707764 0.706448 -0.000475802 0.000468514
609.242535 -0.0851549 -0.00747225 -0.0115624 -0.707332 0.706881 -0.000282096 0.000404271
609.276002 -0.0842192 -0.00719758 -0.0115275 -0.707472 0.706741 -0.000626795 0.000584671
609.309318 -0.0843997 -0.00757348 -0.0114186 -0.707372 0.70684 -0.00108562 0.000285612
609.342634 -0.0854525 -0.00753427 -0.0116038 0.706998 -0.707215 0.00109435 4.10939e-06
609.375951 -0.0853951 -0.0070213 -0.0117429 0.70714 -0.707073 0.000915104 1.13401e-05
609.409267 -0.0848968 -0.00715484 -0.011664 0.706987 -0.707226 0.00112976 6.73379e-05
609.442583 -0.0850864 -0.00693202 -0.0117573 0.706714 -0.707499 0.00105813 0.000275082
609.475900 -0.0851084 -0.00732173 -0.0118852 0.706556 -0.707656 0.00135711 0.000201847
609.509216 -0.0853007 -0.00747423 -0.0119237 0.706878 -0.707332 0.00196298 0.000306773
609.542532 -0.0855533 -0.00727696 -0.0119338 0.707094 -0.707114 0.00275173 0.000345035
609.575849 -0.0855018 -0.00682292 -0.0120474 0.70741 -0.706793 0.00387833 0.000351072
609.609315 -0.0866207 -0.0066707 -0.0120509 0.707575 -0.706622 0.00463456 0.00117051
609.642631 -0.0867419 -0.00634565 -0.0117972 0.708112 -0.706068 0.00641221 0.00221655
609.675948 -0.0867326 -0.00628621 -0.0112712 0.708244 -0.705874 0.0108321 0.00383927
609.709264 -0.0875035 -0.0059466 -0.0108844 0.708253 -0.705785 0.014624 0.00568848
609.742580 -0.0870078 -0.00510407 -0.0106264 0.708533 -0.70545 0.0165309 0.00691345
609.775897 -0.0868539 -0.00507857 -0.0105707 0.708731 -0.705189 0.0187944 0.00746621
609.809213 -0.0870995 -0.00511721 -0.0104239 0.70913 -0.704716 0.0210205 0.00829272
609.842529 -0.0865817 -0.00580834 -0.0104434 0.709772 -0.704031 0.0223982 0.00790378
609.875846 -0.0876736 -0.00578387 -0.0108575 0.710101 -0.703707 0.0220968 0.0080516
609.909162 -0.0873152 -0.00540962 -0.0110588 0.710317 -0.703358 0.0254066 0.00956539
609.942478 -0.08705 -0.0042305 -0.0106899 0.710316 -0.70308 0.0303979 0.014365
609.975945 -0.0869127 -0.00360987 -0.0100394 0.707926 -0.705145 0.0348385 0.0199308
610.009261 -0.0882832 -0.00313114 -0.00942283 0.703785 -0.708981 0.0381835 0.023958
610.042577 -0.0903529 -0.00426638 -0.00911391 0.698336 -0.714194 0.0414768 0.0231078
610.075895 -0.0937937 -0.00671789 -0.00895242 0.691894 -0.720253 0.047287 0.0167955
610.109210 -0.0971164 -0.00901574 -0.00801036 0.684409 -0.726563 0.0601318 0.00862873
610.142526 -0.101571 -0.0104169 -0.00646466 0.676134 -0.732431 0.0796324 0.00679482
610.175843 -0.104622 -0.0112258 -0.00381508 0.671384 -0.733439 0.105625 0.0124415
610.209162 -0.106429 -0.0146298 -0.00102225 0.673931 -0.727204 0.12894 0.0190966
610.242475 -0.107046 -0.0205672 0.00151775 0.679309 -0.721253 0.133958 0.0197308
610.275792 -0.107995 -0.0282909 0.0037808 0.684851 -0.716654 0.130785 0.016789
610.309258 -0.108134 -0.0365689 0.00675135 0.68985 -0.712566 0.126934 0.0156559
610.342574 -0.107711 -0.0430301 0.0100613 0.694346 -0.708285 0.126023 0.0182883
610.375891 -0.105804 -0.0484552 0.0142802 0.696333 -0.70582 0.127585 0.0256827
610.409207 -0.104411 -0.054384 0.0181323 0.697673 -0.704258 0.127149 0.0332649
610.442523 -0.102196 -0.0601467 0.0218865 0.700757 -0.701091 0.125634 0.0403318
610.475840 -0.100809 -0.0678246 0.0252906 0.704293 -0.698031 0.12218 0.0423758
610.509156 -0.0994018 -0.0762535 0.029186 0.707888 -0.694836 0.119739 0.0419547
610.542472 -0.0985898 -0.0842975 0.0329866 0.710289 -0.692722 0.118252 0.0405163
610.575789 -0.0978785 -0.0925118 0.0368413 0.710972 -0.692548 0.115561 0.0392597
610.609105 -0.0962085 -0.0994376 0.0407296 0.711697 -0.692468 0.111583 0.0390455
610.642421 -0.0932093 -0.105418 0.0448998 0.711289 -0.693528 0.106333 0.0421904
610.675888 -0.0899902 -0.110307 0.0488165 0.709943 -0.695228 0.102622 0.0459029
610.709204 -0.0871774 -0.114528 0.0526948 0.709018 -0.696187 0.100623 0.0499189
610.742520 -0.0843784 -0.118459 0.0562482 0.708112 -0.697266 0.097851 0.0531295
610.775837 -0.0812729 -0.121344 0.0594635 0.708197 -0.697716 0.0916654 0.0569792
610.809153 -0.0785209 -0.124518 0.0623043 0.709524 -0.697423 0.0809981 0.0601368
610.842469 -0.0756035 -0.127362 0.0649024 0.711192 -0.696822 0.0691859 0.06212
610.875786 -0.0721454 -0.128019 0.0671788 0.710398 -0.69805 0.0600883 0.0667161
610.909102 -0.0689598 -0.127287 0.06919 0.70857 -0.699801 0.0529997 0.0734779
610.942418 -0.0671068 -0.126473 0.0702406 0.705677 -0.702672 0.0460159 0.0784481
610.975735 -0.065369 -0.125596 0.0710485 0.701471 -0.706729 0.038926 0.0834146
611.009201 -0.0647659 -0.123668 0.0716505 0.698242 -0.709304 0.0340043 0.0904997
611.042517 -0.0654464 -0.121202 0.0712823 0.695219 -0.711474 0.0310352 0.0975323
611.075834 -0.0648785 -0.118385 0.0709232 0.691651 -0.71379 0.0282704 0.106409
611.109150 -0.0647379 -0.115729 0.0708538 0.687993 -0.715863 0.0227623 0.116996
611.142466 -0.0648185 -0.11357 0.0706008 0.686208 -0.716619 0.0166353 0.123687
611.175783 -0.0671968 -0.111548 0.069319 0.683447 -0.718845 0.0122062 0.126541
611.209099 -0.0686809 -0.1084 0.0683375 0.679432 -0.721803 0.00920563 0.131479
611.242415 -0.0710977 -0.104853 0.0672463 0.675456 -0.724497 0.00946218 0.137017
611.275732 -0.0728032 -0.100056 0.0651604 0.672259 -0.726343 0.0114138 0.142702
611.309048 -0.0754468 -0.0963036 0.0633623 0.668415 -0.727944 0.0125683 0.152188
611.442463 -0.0871278 -0.0823894 0.0520552 0.663236 -0.728952 0.00704503 0.169407
611.509096 -0.0981582 -0.0774838 0.0493669 0.65824 -0.732587 0.0203343 0.172116
611.542412 -0.1038 -0.0753701 0.0483622 0.659252 -0.731103 0.0273669 0.173572
611.575729 -0.109444 -0.0737588 0.047057 0.659645 -0.730537 0.0337799 0.173333
611.609045 -0.114285 -0.0722247 0.045491 0.657857 -0.731643 0.0397755 0.17419
611.642361 -0.118167 -0.0714709 0.0434481 0.657878 -0.731814 0.0414524 0.172994
611.675678 -0.122166 -0.0712226 0.0413023 0.657405 -0.732541 0.0422377 0.171518
611.709144 -0.126311 -0.0718454 0.0394066 0.657306 -0.733039 0.0438911 0.169338
611.742460 -0.131189 -0.0707293 0.0376742 0.657102 -0.733631 0.0461565 0.166948
611.775777 -0.135299 -0.0721669 0.0367885 0.657424 -0.733385 0.0498689 0.165694
611.809093 -0.138261 -0.0726002 0.036183 0.657618 -0.732985 0.0546151 0.165193
611.842409 -0.141092 -0.0732454 0.036108 0.658973 -0.730769 0.0628154 0.166691
611.875726 -0.14352 -0.074152 0.0364839 0.659683 -0.728947 0.0711019 0.16852
611.909042 -0.145932 -0.0752404 0.0378297 0.657947 -0.729011 0.0802548 0.170902
611.942358 -0.14795 -0.0779222 0.0392394 0.659502 -0.727244 0.0860331 0.169622
611.975675 -0.149601 -0.0831665 0.0411704 0.662595 -0.726121 0.0832212 0.163675
612.008991 -0.150401 -0.0876527 0.0431114 0.664173 -0.725622 0.0829109 0.159603
612.042457 -0.150703 -0.091769 0.0452633 0.667274 -0.722646 0.0867814 0.158104
612.075774 -0.149618 -0.0960354 0.0477309 0.671225 -0.71953 0.0851434 0.156473
612.109090 -0.147887 -0.100305 0.0502273 0.675787 -0.715406 0.0841118 0.156308
612.142407 -0.146016 -0.106 0.0533346 0.680184 -0.712416 0.0789043 0.153581
612.175723 -0.142678 -0.110447 0.0561461 0.68211 -0.712174 0.0700049 0.150443
612.209039 -0.138861 -0.114816 0.0593622 0.685608 -0.708897 0.0651444 0.152194
612.242355 -0.134774 -0.120173 0.0625746 0.690352 -0.705061 0.0582838 0.151346
612.275672 -0.129743 -0.125842 0.0658709 0.693084 -0.703716 0.0496775 0.148155
612.308988 -0.125045 -0.131424 0.0690739 0.69595 -0.701793 0.0417745 0.146273
612.342307 -0.12056 -0.136945 0.0715911 0.699777 -0.698903 0.0364073 0.143253
612.375621 -0.116002 -0.141568 0.0738766 0.701192 -0.698307 0.0304242 0.140611
612.409087 -0.111167 -0.145925 0.0756984 0.703246 -0.696513 0.0272688 0.139895
612.442404 -0.105788 -0.150766 0.077021 0.705843 -0.694372 0.0229249 0.138231
612.509036 -0.0965063 -0.15853 0.078688 0.707887 -0.693889 0.0147222 0.131137
612.742400 -0.0689483 -0.163105 0.0730122 0.710239 -0.691385 0.0230835 0.130439
612.775717 -0.0669678 -0.161231 0.0703036 0.705289 -0.696656 0.025937 0.128708
612.809033 -0.0654682 -0.158861 0.0675456 0.703426 -0.698224 0.030576 0.129385
612.842349 -0.0633217 -0.156735 0.06445 0.703659 -0.697758 0.035575 0.129355
612.875666 -0.0623272 -0.154369 0.0614307 0.702835 -0.698446 0.03882 0.129187
612.908982 -0.0618637 -0.152068 0.0584125 0.701307 -0.700292 0.0422715 0.126383
612.942298 -0.0620229 -0.149344 0.0559262 0.697912 -0.704176 0.04488 0.122642
612.975615 -0.0628776 -0.147097 0.05394 0.697413 -0.70472 0.0473325 0.121426
613.008931 -0.0637349 -0.143577 0.0521859 0.698252 -0.703317 0.0518708 0.122878
613.042247 -0.0653725 -0.139496 0.0505059 0.699494 -0.701366 0.0563927 0.124954
613.075564 -0.0678943 -0.134571 0.0488145 0.699179 -0.700954 0.061604 0.126557
613.109030 -0.070131 -0.130059 0.0469385 0.699542 -0.699832 0.0686372 0.127145
613.142346 -0.0738508 -0.124124 0.0444493 0.699065 -0.69961 0.0769398 0.126229
613.175663 -0.0787302 -0.11759 0.041365 0.698155 -0.699729 0.0853694 0.125186
613.208979 -0.0840988 -0.113283 0.0391948 0.698466 -0.698445 0.093606 0.124731
613.242295 -0.0901732 -0.110105 0.0373412 0.698493 -0.697152 0.102649 0.124698
613.275612 -0.0964283 -0.105701 0.0355306 0.698179 -0.696412 0.109391 0.12486
613.308928 -0.103037 -0.101843 0.033862 0.69801 -0.695646 0.116732 0.123416
613.342244 -0.109446 -0.0994867 0.0326415 0.699215 -0.693425 0.124584 0.121405
613.375561 -0.116442 -0.097654 0.0316525 0.69982 -0.691853 0.132286 0.118708
613.408877 -0.123269 -0.0960995 0.0308671 0.700269 -0.690686 0.138943 0.115199
613.442343 -0.129385 -0.0959167 0.0309779 0.701132 -0.689216 0.144197 0.11226
613.475660 -0.135409 -0.0961472 0.0313855 0.701968 -0.688239 0.148314 0.107566
613.508976 -0.141101 -0.0971148 0.0323465 0.702141 -0.688092 0.15103 0.103523
613.542292 -0.146309 -0.0992468 0.0340939 0.702718 -0.68788 0.151999 0.0995293
613.575609 -0.149961 -0.101661 0.0365685 0.703958 -0.687241 0.151558 0.0957829
613.608925 -0.152969 -0.104843 0.0396812 0.705477 -0.686585 0.148845 0.0935276
613.642241 -0.154149 -0.108177 0.0433738 0.70757 -0.685454 0.144861 0.0922632
613.675558 -0.154282 -0.111913 0.0473086 0.710288 -0.68367 0.140372 0.0915536
613.742190 -0.151303 -0.118882 0.0553358 0.71249 -0.683835 0.129005 0.0899195
613.775507 -0.148193 -0.122477 0.05913 0.714636 -0.682774 0.12272 0.0897494
613.808973 -0.143697 -0.126036 0.0629787 0.716731 -0.681846 0.11535 0.0898785
613.842289 -0.138838 -0.129213 0.0662974 0.717784 -0.681882 0.107882 0.0904695
613.875606 -0.134164 -0.132367 0.0694242 0.718201 -0.682536 0.100156 0.0911091
613.908922 -0.128677 -0.13536 0.0722384 0.71803 -0.683541 0.093866 0.0916158
613.942238 -0.121714 -0.137947 0.0746775 0.717499 -0.684922 0.0876398 0.0916377
613.975555 -0.113529 -0.140919 0.0763989 0.716719 -0.686479 0.081801 0.0914851
614.042187 -0.100608 -0.141764 0.0772722 0.714666 -0.690148 0.0675418 0.0915716
614.142286 -0.0796907 -0.144792 0.0769385 0.713426 -0.691985 0.0528861 0.0968659
614.342184 -0.0524004 -0.12648 0.0602392 0.707237 -0.696464 0.060064 0.105572
614.375501 -0.0507619 -0.121811 0.0568136 0.705731 -0.697438 0.0644503 0.106632
614.408817 -0.0508512 -0.116189 0.0531277 0.704682 -0.698132 0.0682257 0.10668
614.475600 -0.0575575 -0.106562 0.0459137 0.700628 -0.701352 0.0787265 0.105014
614.542232 -0.0636486 -0.0983937 0.039866 0.697902 -0.703311 0.090792 0.100216
614.575549 -0.0643614 -0.0947081 0.0366235 0.698355 -0.702349 0.0976837 0.0972785
614.608865 -0.0684258 -0.0902836 0.0336515 0.698777 -0.701313 0.104181 0.0949553
614.642181 -0.073406 -0.087561 0.0309266 0.698704 -0.700434 0.11147 0.0936937
614.675498 -0.0786121 -0.0854658 0.0289541 0.699227 -0.699024 0.118239 0.0920143
614.708814 -0.0833667 -0.0832144 0.0273174 0.700863 -0.696528 0.124097 0.090768
614.742130 -0.0879963 -0.0813527 0.0262168 0.702838 -0.693897 0.128536 0.0894703
614.775447 -0.0930271 -0.0794918 0.0256352 0.704004 -0.692288 0.132152 0.0874778
614.808763 -0.0980869 -0.0786666 0.0258591 0.705253 -0.69058 0.135637 0.0855587
614.842229 -0.103428 -0.078513 0.026481 0.707263 -0.688296 0.138105 0.0833941
614.875546 -0.108768 -0.0792228 0.0275393 0.7092 -0.686321 0.139305 0.0812027
614.908862 -0.113782 -0.0804079 0.0290013 0.7113 -0.684276 0.13979 0.0792315
614.942178 -0.118078 -0.0822377 0.0309967 0.713295 -0.682546 0.139458 0.0767608
614.975495 -0.121772 -0.0845835 0.033324 0.715156 -0.681157 0.138018 0.0743477
615.008811 -0.124518 -0.0877048 0.0361275 0.717069 -0.67983 0.135691 0.0723204
615.042127 -0.126359 -0.0912072 0.0392421 0.719479 -0.67833 0.131126 0.0708853
615.075444 -0.126944 -0.0947517 0.0424633 0.722114 -0.676578 0.126149 0.0698608
615.108760 -0.126453 -0.0985474 0.0458644 0.7241 -0.675576 0.120138 0.0695918
615.142076 -0.124678 -0.102345 0.0492332 0.725621 -0.675134 0.113277 0.069544
615.175543 -0.121733 -0.106294 0.0525407 0.727098 -0.674549 0.107157 0.0695002
615.208859 -0.118825 -0.109837 0.0552334 0.727682 -0.674908 0.100704 0.0695545
615.242175 -0.115114 -0.112882 0.0575931 0.727868 -0.675653 0.0942205 0.0694549
615.275492 -0.110943 -0.115533 0.0595177 0.727858 -0.676437 0.0884721 0.069485
615.308808 -0.105429 -0.117779 0.0610398 0.726612 -0.678376 0.0837272 0.0695069
615.342124 -0.0996314 -0.119081 0.0621445 0.724729 -0.680991 0.0784736 0.0697185
615.375441 -0.0936202 -0.118965 0.0625446 0.722425 -0.683882 0.0742147 0.0699969
615.408757 -0.0879719 -0.118385 0.0623894 0.719135 -0.687661 0.0702258 0.0709627
615.442073 -0.0817384 -0.117195 0.0620132 0.716543 -0.690458 0.0671231 0.0730016
615.475390 -0.0760778 -0.115403 0.0611074 0.714196 -0.69267 0.0657487 0.0762171
615.542172 -0.0660889 -0.111249 0.0584139 0.707846 -0.698676 0.0626525 0.0829494
615.608805 -0.0594099 -0.105553 0.0538684 0.702287 -0.70344 0.0650411 0.0879474
615.642121 -0.0576231 -0.102464 0.0511659 0.699409 -0.705646 0.0684066 0.0906219
615.675438 -0.0570092 -0.0981638 0.0482003 0.696554 -0.707967 0.0720272 0.0916963
615.708754 -0.0576755 -0.093769 0.0450145 0.693114 -0.711002 0.0758376 0.0912012
615.742070 -0.0582161 -0.0902523 0.0414994 0.690551 -0.713104 0.0806912 0.0900615
615.775387 -0.0581645 -0.0864685 0.0389933 0.689218 -0.713988 0.0869183 0.0874386
615.808703 -0.0592849 -0.0841714 0.0369837 0.688647 -0.713953 0.0940308 0.0848196
615.842019 -0.0636237 -0.0819491 0.0349323 0.68808 -0.713756 0.100391 0.0837876
615.875486 -0.0682079 -0.0794995 0.0331775 0.689222 -0.712011 0.105514 0.0829471
615.908802 -0.0724551 -0.0772361 0.031708 0.690844 -0.709649 0.110915 0.0826501
615.942118 -0.0763885 -0.0745254 0.0303797 0.692422 -0.707144 0.11703 0.0824807
615.975435 -0.0804593 -0.0719748 0.0291736 0.693789 -0.704805 0.123309 0.0818629
616.042062 -0.0910278 -0.0695513 0.0273861 0.69717 -0.700126 0.133829 0.0765967
616.075372 -0.0972074 -0.0701749 0.0270305 0.699122 -0.69747 0.139165 0.0734577
616.108682 -0.10283 -0.0711182 0.0270188 0.700761 -0.69521 0.143783 0.07031
616.141992 -0.108091 -0.0725838 0.0275566 0.702807 -0.69295 0.146426 0.0666455
616.175302 -0.113192 -0.0750016 0.0287353 0.705147 -0.690511 0.148176 0.0632954
616.208763 -0.117571 -0.0776741 0.0303432 0.706894 -0.688872 0.148901 0.0598757
616.242073 -0.120995 -0.0809128 0.0325192 0.709014 -0.687225 0.147841 0.0562577
616.275383 -0.123082 -0.0841345 0.0351487 0.711053 -0.685914 0.145284 0.0530876
616.308693 -0.123793 -0.0879313 0.0383917 0.713456 -0.684283 0.141521 0.0520451
616.342003 -0.123631 -0.0917056 0.0417845 0.716079 -0.682514 0.136832 0.0517966
616.375314 -0.122639 -0.0952247 0.0452176 0.717964 -0.681686 0.130988 0.0517094
616.408624 -0.120091 -0.0983049 0.0487517 0.719352 -0.681435 0.124443 0.0518877
616.441934 -0.116959 -0.10096 0.0519487 0.72055 -0.681196 0.118239 0.0529067
616.475244 -0.112737 -0.102935 0.0548975 0.721699 -0.68097 0.111525 0.0547096
616.508554 -0.107518 -0.104695 0.0577697 0.722054 -0.681436 0.105183 0.0567341
616.541865 -0.101296 -0.105643 0.060055 0.72179 -0.682574 0.0984453 0.058491
616.575325 -0.0948322 -0.105692 0.0619074 0.720888 -0.684386 0.0912191 0.0601294
616.608635 -0.0882629 -0.105995 0.0635095 0.719333 -0.686712 0.0838817 0.0628577
616.641945 -0.0813247 -0.106363 0.0649831 0.717543 -0.689028 0.0774528 0.0661302
616.675255 -0.0739722 -0.104824 0.0657679 0.715105 -0.691876 0.0716442 0.0692762
616.708566 -0.0668104 -0.102699 0.0659458 0.712221 -0.695013 0.0668123 0.0723424
616.741876 -0.060244 -0.100375 0.0654687 0.708888 -0.6983 0.0635353 0.0762802
616.808496 -0.0501159 -0.0944231 0.0631051 0.703258 -0.702941 0.0618578 0.0864677
616.875117 -0.044615 -0.0877771 0.0582774 0.697999 -0.707291 0.0643799 0.0916098
616.908577 -0.0452045 -0.0849415 0.0550259 0.695463 -0.709431 0.0682817 0.0915242
616.941887 -0.0455442 -0.0812734 0.0509733 0.693409 -0.711097 0.0739529 0.0897587
616.975197 -0.0452762 -0.0772587 0.0477015 0.691968 -0.71195 0.0806968 0.0882941
617.008507 -0.0452963 -0.0755141 0.0443867 0.692326 -0.710636 0.0893762 0.0877129
617.041823 -0.049201 -0.0723859 0.0407297 0.693182 -0.708955 0.0967768 0.0866943
617.075140 -0.0552659 -0.0707953 0.0373579 0.693712 -0.707343 0.105038 0.086008
617.108456 -0.060796 -0.0698885 0.034663 0.695722 -0.703866 0.115684 0.0846228
617.175089 -0.0740393 -0.0685968 0.0296472 0.697735 -0.700097 0.132325 0.0742922
617.208405 -0.080867 -0.0700128 0.0285763 0.700082 -0.696736 0.140645 0.0682895
617.241721 -0.0887535 -0.0723825 0.0279028 0.702544 -0.693537 0.14669 0.0626194
617.275188 -0.0962482 -0.0756423 0.0282786 0.70516 -0.690606 0.150128 0.0572215
617.375137 -0.112108 -0.0891597 0.0362836 0.717522 -0.679045 0.148157 0.0459163
617.408453 -0.1149 -0.0943582 0.040542 0.721205 -0.676174 0.14396 0.0439026
617.441769 -0.116136 -0.0991505 0.0450313 0.725212 -0.67312 0.138408 0.0426756
617.475086 -0.115642 -0.103807 0.0497812 0.728192 -0.671165 0.132182 0.042439
617.508402 -0.114347 -0.107998 0.0543347 0.730081 -0.670548 0.124872 0.041878
617.541718 -0.112023 -0.11164 0.0586057 0.731517 -0.67028 0.117672 0.0419622
617.575035 -0.108904 -0.114163 0.0624571 0.732617 -0.670179 0.110801 0.0430783
617.608501 -0.104875 -0.116198 0.0658718 0.733238 -0.670508 0.104104 0.0440827
617.641817 -0.0996829 -0.117949 0.0690323 0.732705 -0.672145 0.0964837 0.0453323
617.675134 -0.0940657 -0.11848 0.0715299 0.731839 -0.674026 0.0885195 0.0475868
617.741766 -0.0811303 -0.120126 0.0758901 0.730694 -0.676603 0.0736774 0.0535314
617.841715 -0.0613571 -0.116168 0.0770701 0.721913 -0.686752 0.0559015 0.0639403
617.875032 -0.0547472 -0.112773 0.0759359 0.719075 -0.689535 0.0521844 0.0689155
617.908348 -0.0491318 -0.108441 0.0738744 0.715746 -0.692656 0.0503407 0.0734913
618.008447 -0.0413118 -0.0978369 0.0644515 0.708579 -0.698543 0.0527469 0.08468
618.108396 -0.0471336 -0.09022 0.0522143 0.70592 -0.699963 0.0655322 0.0862227
618.141712 -0.0513507 -0.0872998 0.0478955 0.706044 -0.699459 0.071887 0.0842097
618.175029 -0.0545059 -0.0838031 0.0441373 0.706955 -0.697932 0.0797557 0.0821272
618.208345 -0.0599037 -0.082796 0.0413557 0.707482 -0.696498 0.0879239 0.0814167
618.241661 -0.0668805 -0.0802171 0.0382108 0.708147 -0.694874 0.095291 0.0812282
618.274978 -0.0739508 -0.0777425 0.0350942 0.709205 -0.693014 0.102205 0.0794576
618.308444 -0.079727 -0.0755091 0.0327692 0.710041 -0.691691 0.107896 0.075921
618.341760 -0.0858373 -0.0743544 0.0315905 0.711242 -0.689885 0.113255 0.0732668
618.408393 -0.0980393 -0.0725494 0.0313624 0.715462 -0.684714 0.119741 0.0703062
618.441709 -0.103393 -0.0730389 0.0326115 0.717544 -0.682528 0.120555 0.0689462
618.475026 -0.107825 -0.0736306 0.0345547 0.719368 -0.680806 0.120627 0.066799
618.508342 -0.111479 -0.0751911 0.0373441 0.720458 -0.680148 0.119031 0.0645792
618.541658 -0.11401 -0.0772346 0.0407764 0.721874 -0.679412 0.11584 0.0622803
618.574975 -0.115356 -0.0804866 0.0446494 0.723874 -0.678137 0.11161 0.0606584
618.608291 -0.115244 -0.0837009 0.0488779 0.725279 -0.67761 0.106042 0.0597541
618.641607 -0.113581 -0.0863496 0.0529536 0.726105 -0.677863 0.0984189 0.0598898
618.675074 -0.111201 -0.0886994 0.0569095 0.726706 -0.678161 0.0908546 0.0611585
618.708390 -0.108047 -0.091455 0.06062 0.727522 -0.678131 0.0832141 0.0626529
618.741706 -0.103818 -0.0946728 0.0639461 0.727883 -0.67853 0.0752691 0.0641704
618.775023 -0.0993525 -0.0966577 0.06646 0.727758 -0.67935 0.0679303 0.0650922
618.808339 -0.0937208 -0.0984173 0.0686555 0.727196 -0.680419 0.0606691 0.0673395
618.841655 -0.0872262 -0.0992634 0.0704169 0.726436 -0.681489 0.0536018 0.0706411
618.874972 -0.0814281 -0.099021 0.0709425 0.724745 -0.68339 0.0480783 0.0735575
618.908288 -0.076087 -0.0979949 0.0707456 0.721687 -0.686674 0.0445158 0.0752702
618.941604 -0.0711298 -0.0968885 0.0699364 0.717945 -0.690542 0.0421377 0.0770154
618.974921 -0.0665959 -0.0951458 0.0682944 0.714157 -0.694347 0.0409402 0.0786466
619.008387 -0.0626527 -0.0935261 0.0660711 0.710961 -0.697521 0.0403154 0.0798354
619.041703 -0.0590792 -0.090401 0.0630426 0.707505 -0.700986 0.0405881 0.0800489
619.075020 -0.0564057 -0.0882705 0.0594726 0.703569 -0.704828 0.0413426 0.080619
619.108336 -0.0548219 -0.0862864 0.0551645 0.700285 -0.707949 0.0431539 0.0809107
619.141653 -0.0528606 -0.0839509 0.0505106 0.698852 -0.709304 0.0449941 0.0804335
619.174969 -0.0522235 -0.0825162 0.0457771 0.699413 -0.708615 0.0474583 0.080211
619.208285 -0.0528863 -0.0813654 0.0412263 0.700413 -0.707438 0.0510962 0.0796401
619.241601 -0.0544643 -0.0800969 0.0366794 0.702288 -0.705691 0.0550091 0.0759308
619.274918 -0.0565924 -0.0788647 0.0325062 0.705502 -0.70284 0.0579424 0.0701818
619.308234 -0.060112 -0.078636 0.0293841 0.709832 -0.698279 0.0640539 0.0666496
619.341550 -0.0634944 -0.0782655 0.0274751 0.713663 -0.694015 0.0687318 0.0656126
619.375017 -0.0670822 -0.0769073 0.0259668 0.717712 -0.689588 0.0726226 0.0638983
619.408333 -0.0703088 -0.0760939 0.0241923 0.723055 -0.683226 0.083173 0.0589585
619.441649 -0.0742735 -0.0745733 0.021754 0.727585 -0.677236 0.0949151 0.0544328
619.474966 -0.0777279 -0.0720538 0.0192609 0.731104 -0.672264 0.104162 0.0519455
619.508282 -0.0800536 -0.069682 0.017241 0.733697 -0.668271 0.112646 0.0491272
619.574915 -0.0846091 -0.0645205 0.016642 0.73298 -0.669567 0.11013 0.047875
619.608231 -0.0865226 -0.0634599 0.0166651 0.736089 -0.666944 0.10874 0.0391644
619.641547 -0.0877456 -0.0622236 0.0168959 0.736934 -0.665945 0.111031 0.0334165
619.674864 -0.0882812 -0.0618798 0.0168215 0.73573 -0.667517 0.111979 0.0241328
619.708330 -0.0880154 -0.0618924 0.016583 0.738851 -0.663905 0.114188 0.0170799
619.741646 -0.08672 -0.0614488 0.0164015 0.742537 -0.660132 0.112624 0.0134468
619.774963 -0.0853826 -0.0602105 0.0161324 0.743067 -0.660596 0.106731 0.0086134
619.808279 -0.0862759 -0.0579273 0.0155304 0.735675 -0.670436 0.0963063 0.00468857
619.841595 -0.0872259 -0.0532713 0.0147075 0.723455 -0.685372 0.0827901 0.00486835
619.874912 -0.0870712 -0.0482963 0.0144788 0.715947 -0.69462 0.0693763 0.0104751
619.908228 -0.0862939 -0.04257 0.0141449 0.712416 -0.698847 0.0604551 0.0205167
619.941544 -0.0860908 -0.0356919 0.0140937 0.704367 -0.707463 0.0454793 0.0359852
619.974861 -0.0872672 -0.028725 0.0140121 0.693428 -0.718217 0.0241179 0.0523489
620.008177 -0.0876944 -0.0216423 0.013606 0.68607 -0.724271 0.00865739 0.0682908
620.041493 -0.0877431 -0.0164139 0.0122342 0.685239 -0.724243 0.00073144 0.0769308
620.074960 -0.0872344 -0.0142231 0.0101946 0.688103 -0.721759 -0.00139644 0.0746772
620.108276 -0.0875968 -0.0125629 0.0074137 0.689257 -0.721661 0.00420611 0.0641266
620.141592 -0.0878954 -0.0112605 0.00432517 0.68705 -0.724798 0.00884353 0.0505158
620.174909 -0.0883471 -0.0109748 0.0018804 0.686414 -0.726031 0.00925984 0.040355
620.208225 -0.0885084 -0.00931408 -0.000343927 0.685276 -0.727478 0.00965434 0.032851
620.241541 -0.0894233 -0.00667297 -0.00229113 0.681259 -0.73153 0.0124628 0.0243729
620.274858 -0.0897133 -0.0041432 -0.00431697 0.679637 -0.733247 0.0139529 0.0157107
620.308174 -0.0908436 -0.000998606 -0.00577553 0.678386 -0.734492 0.0145213 0.0101626
620.341490 -0.0914587 0.000555291 -0.00683064 0.680296 -0.732754 0.0154904 0.00547235
620.374807 -0.0918989 0.00106218 -0.00783869 -0.68274 0.7305 -0.0153003 0.00174533
620.408273 -0.0919335 0.00199963 -0.00923534 -0.686492 0.72703 -0.0103931 0.00691029
620.441589 -0.0913838 0.00434161 -0.00974237 -0.687761 0.725884 -0.00683204 0.00561205
620.474906 -0.0905519 0.00549607 -0.00935058 -0.687259 0.726397 -0.00367532 0.0030617
620.508222 -0.0897225 0.00405722 -0.00913388 -0.688606 0.725104 0.00409535 0.0055071
620.541538 -0.087591 0.00613706 -0.00827402 0.693094 -0.720792 -0.00860895 0.00214156
620.574855 -0.0848997 0.00569785 -0.00828619 0.701853 -0.712119 -0.0154771 0.00697182
620.608171 -0.0829029 0.00618444 -0.00830019 0.703264 -0.710596 -0.0193855 0.00985325
620.641487 -0.082894 0.00596258 -0.00796476 0.703042 -0.710889 -0.0165509 0.00973108
620.674804 -0.0828273 0.00562908 -0.00812041 0.703716 -0.710263 -0.0155243 0.0083399
620.708120 -0.0829628 0.00563685 -0.00831139 0.704435 -0.709604 -0.0137113 0.00673925
620.741586 -0.0829089 0.0053952 -0.00850679 0.704849 -0.709225 -0.0125603 0.00540341
620.774903 -0.0826901 0.00517144 -0.00865862 0.7053 -0.708817 -0.0107162 0.00403681
620.808220 -0.082562 0.00497681 -0.00889297 0.705808 -0.708341 -0.00905371 0.00251129
620.841535 -0.0827961 0.00537357 -0.00900338 0.705745 -0.708409 -0.00872193 0.0022105
620.874852 -0.0827555 0.00571053 -0.00907289 0.705965 -0.708188 -0.00883312 0.00221044
620.908168 -0.0828152 0.00511466 -0.00899682 0.705745 -0.708407 -0.00884866 0.002223
620.941484 -0.082901 0.00557705 -0.00907648 0.705945 -0.708206 -0.00894867 0.00224013
620.974801 -0.0829829 0.0055894 -0.00911249 0.705879 -0.708273 -0.00888422 0.002244
621.008117 -0.0827687 0.0055192 -0.00899806 0.705866 -0.708285 -0.0089282 0.00239097
621.041433 -0.0819578 0.00526513 -0.00906084 0.70599 -0.708165 -0.00863179 0.00222437
621.074750 -0.0829375 0.00536423 -0.00913398 0.705779 -0.708373 -0.00889269 0.00243608
621.108216 -0.0827226 0.00549921 -0.0091539 0.705942 -0.708209 -0.00893098 0.00233668
621.141532 -0.0826559 0.00559203 -0.00912373 0.706013 -0.708138 -0.00897615 0.00229696
621.174849 -0.0828041 0.00562341 -0.00915652 0.705984 -0.708168 -0.00897556 0.00231778
621.208165 -0.0828476 0.00557694 -0.00916984 0.705941 -0.70821 -0.0089927 0.00231498
621.241481 -0.0829259 0.00512901 -0.00918907 0.705943 -0.708208 -0.00901782 0.00227013
621.274798 -0.0829607 0.00524461 -0.00921534 0.70592 -0.708231 -0.00903071 0.00227075
621.308114 -0.0829087 0.00535192 -0.0092549 0.706037 -0.708113 -0.00907242 0.00225276
621.341430 -0.0829161 0.0051406 -0.00928558 0.705989 -0.708162 -0.00904142 0.00218059
621.374747 -0.0832396 0.00493272 -0.00930666 0.706015 -0.708135 -0.00904126 0.00235479
621.408063 -0.0825223 0.00548076 -0.00928373 0.706083 -0.708069 -0.00896961 0.00204335
621.441529 -0.0830412 0.00564992 -0.00938988 0.705907 -0.708244 -0.0090448 0.00216685
621.474846 -0.0829636 0.00561516 -0.00934757 0.70597 -0.70818 -0.00909552 0.00216176
621.508162 -0.083063 0.0055234 -0.0093993 0.705975 -0.708176 -0.00908097 0.00218365
621.541478 -0.082915 0.00555977 -0.00945197 0.706031 -0.70812 -0.00903536 0.00212547
621.574795 -0.0829493 0.00533195 -0.0094147 0.705934 -0.708217 -0.0090048 0.00220204
621.608111 -0.0823518 0.0052676 -0.00936021 0.706183 -0.707971 -0.00882991 0.00207533
621.641427 -0.0828237 0.00529394 -0.00942999 0.706239 -0.707918 -0.00865147 0.00191588
621.674744 -0.0823745 0.00543679 -0.00950573 0.706555 -0.707613 -0.00793542 0.0011821
621.708060 -0.0829482 0.00509137 -0.0094908 0.706307 -0.707861 -0.00784538 0.00117546
621.741376 -0.0830218 0.00539102 -0.00957344 0.706502 -0.707665 -0.00791989 0.00117562
621.774693 -0.0825976 0.00545244 -0.00948664 0.706486 -0.707683 -0.00779367 0.00106023
621.808159 -0.0825417 0.00551976 -0.00951684 0.706595 -0.707574 -0.0077928 0.00105716
621.841475 -0.0830495 0.00514319 -0.00948957 0.706448 -0.70772 -0.00789405 0.00121552
621.874792 -0.0827189 0.0051551 -0.0095173 0.706529 -0.707641 -0.00775152 0.0011655
621.908108 -0.0830156 0.00536739 -0.00962384 0.706478 -0.707689 -0.0079763 0.00117327
621.941424 -0.0830509 0.00543382 -0.00969697 0.706461 -0.707706 -0.00803861 0.00114532
621.974741 -0.083109 0.00497038 -0.00972157 0.706501 -0.707666 -0.00798996 0.0011958
622.008057 -0.0832518 0.00555603 -0.0101196 0.706563 -0.707605 -0.0078745 0.00111441
622.041373 -0.0835459 0.00659562 -0.0109667 0.706762 -0.707412 -0.00744552 0.000815622
622.074690 -0.0838081 0.00629682 -0.0112641 -0.707044 0.707143 0.00607836 0.000315842
622.108006 -0.0829568 0.00599408 -0.0107902 -0.707474 0.706724 0.00441148 0.00150506
622.141472 -0.0831205 0.00527551 -0.0108295 -0.707577 0.706619 0.00471935 0.00177154
622.174789 -0.0837478 0.00529841 -0.0112142 -0.707574 0.70662 0.00482058 0.00190797
622.208105 -0.0839867 0.00546666 -0.0113793 -0.707772 0.706427 0.00376387 0.00232273
622.241421 -0.0832926 0.00491466 -0.0107488 -0.7079 0.706303 0.00223255 0.00286402
622.274738 -0.0836569 0.00486268 -0.0105666 -0.707949 0.706252 0.00101195 0.00383528
622.308054 -0.0834361 0.00472219 -0.0103374 -0.708087 0.706109 0.000881178 0.00476932
622.341370 -0.0835978 0.00454313 -0.00985414 -0.707466 0.706734 0.00197314 0.00402241
622.374687 -0.0830832 0.0048946 -0.00958578 -0.70645 0.707736 0.00465376 0.00413321
622.408003 -0.0819279 0.00501303 -0.00932364 -0.706034 0.708133 0.00739103 0.00299821
622.441319 -0.0815511 0.00523794 -0.00866309 -0.704591 0.709567 0.00806133 0.000720135
622.474636 -0.0818039 0.00431103 -0.00843749 -0.704317 0.709845 0.0074887 0.000851554
622.508102 -0.0822562 0.00318151 -0.00764602 -0.704982 0.709213 0.00382508 0.00151588
622.541418 -0.0828908 0.00183356 -0.00617866 -0.704073 0.710122 -0.00293167 7.35555e-05
622.574735 -0.0831412 -9.22927e-05 -0.00409989 0.702454 -0.711676 0.00865941 0.00104577
622.608051 -0.0830012 -0.00402745 -0.001337 0.703377 -0.710708 0.0122326 0.00209739
622.641367 -0.0825757 -0.00938374 0.00163599 0.705748 -0.70832 0.0141914 0.00122101
622.674684 -0.0819751 -0.0145195 0.00521187 0.706426 -0.707589 0.0164621 0.00305603
622.708000 -0.0817559 -0.0199906 0.00940487 0.705439 -0.708478 0.0189286 0.00745322
622.741316 -0.080219 -0.02572 0.0137328 0.705118 -0.708628 0.021942 0.0131719
622.774633 -0.0788909 -0.0329679 0.0177595 0.707012 -0.706665 0.0218851 0.0167468
622.807949 -0.0769561 -0.0416963 0.0218164 0.709211 -0.704386 0.0205096 0.0209673
622.841415 -0.0750597 -0.0501898 0.0263422 0.708246 -0.705243 0.0183565 0.0261408
622.874732 -0.0732526 -0.0588569 0.0310062 0.70464 -0.708618 0.0181294 0.0318584
622.908048 -0.0712415 -0.0671256 0.0358603 0.702 -0.710822 0.0198414 0.0391787
622.941364 -0.0701497 -0.0757276 0.0408594 0.697813 -0.714368 0.0228488 0.0470505
622.974681 -0.0696441 -0.0851966 0.0458042 0.691806 -0.71961 0.0238323 0.0547529
623.007997 -0.0698879 -0.0980732 0.0510593 0.688566 -0.722573 0.0215523 0.0574427
623.041313 -0.0707633 -0.112447 0.0564364 0.687011 -0.724123 0.0185026 0.057614
623.074630 -0.0724022 -0.126816 0.0624529 0.68395 -0.7268 0.0156308 0.0610724
623.107946 -0.0748526 -0.140876 0.0695648 0.679508 -0.730511 0.0134566 0.0666418
623.141262 -0.0787695 -0.156355 0.0767216 0.674765 -0.734627 0.0120713 0.0697794
623.174579 -0.0837085 -0.171382 0.084019 0.66923 -0.739341 0.0086139 0.0737023
623.208045 -0.0895823 -0.187438 0.0907854 0.665019 -0.743175 0.00115846 0.0737542
623.241361 -0.0955736 -0.204546 0.0980718 0.663966 -0.74388 -0.00681985 0.075795
623.274678 -0.102897 -0.219935 0.104572 0.661917 -0.745205 -0.0188563 0.0786154
623.307996 -0.109173 -0.233373 0.110432 0.659812 -0.746229 -0.0302469 0.0829224
623.341310 -0.115841 -0.247409 0.116798 0.659192 -0.745653 -0.0381526 0.0895121
623.374627 -0.125095 -0.259581 0.122924 0.654274 -0.748851 -0.0430534 0.0964104
623.407943 -0.134373 -0.27178 0.128238 0.649061 -0.752916 -0.0456549 0.0987601
623.441259 -0.145194 -0.284491 0.133442 0.645967 -0.755185 -0.047065 0.10103
623.474576 -0.156097 -0.29714 0.137729 0.644471 -0.756554 -0.0460363 0.100821
623.507892 -0.165876 -0.307044 0.141106 0.644129 -0.756914 -0.0431606 0.101569
623.541358 -0.176518 -0.315955 0.143452 0.644192 -0.756614 -0.0388118 0.105096
623.574675 -0.184665 -0.323488 0.144696 0.64119 -0.758841 -0.0332144 0.109239
623.607991 -0.194094 -0.327825 0.144707 0.635641 -0.763124 -0.0259402 0.113704
623.641307 -0.205164 -0.330602 0.143053 0.62929 -0.768244 -0.0178335 0.11609
623.674624 -0.214364 -0.334101 0.139751 0.62562 -0.772192 -0.010166 0.110527
623.707940 -0.226428 -0.33742 0.134886 0.629861 -0.770297 -0.00216704 0.0995596
623.741256 -0.237323 -0.338309 0.129085 0.637671 -0.765007 0.00752669 0.0899098
623.774573 -0.24806 -0.338593 0.12142 0.641185 -0.762603 0.0176724 0.083708
623.807889 -0.261129 -0.338452 0.112837 0.644984 -0.759904 0.0276649 0.0759998
623.841205 -0.273601 -0.337371 0.103033 0.651638 -0.754397 0.0428157 0.0664793
623.874672 -0.285783 -0.335577 0.0919359 0.658041 -0.748265 0.0600495 0.0589498
623.907988 -0.300595 -0.332878 0.0799323 0.662575 -0.74298 0.0780587 0.0536889
623.941304 -0.316025 -0.333623 0.0678417 0.663769 -0.740085 0.0971832 0.0473274
623.974621 -0.33361 -0.33481 0.0553939 0.665817 -0.736401 0.113802 0.0380844
624.007937 -0.352719 -0.336016 0.0426317 0.671732 -0.728943 0.128869 0.0284849
624.041253 -0.3719 -0.340044 0.0305517 0.678221 -0.719832 0.146403 0.0206165
624.074570 -0.390187 -0.34396 0.0180992 0.682431 -0.711781 0.165698 0.0141526
624.107886 -0.413302 -0.349636 0.00461972 0.682752 -0.707018 0.184239 0.00556433
624.141202 -0.435435 -0.357738 -0.00782526 -0.682906 0.702298 -0.200987 0.00471495
624.174519 -0.459038 -0.366558 -0.020999 -0.686621 0.6937 -0.216892 0.0170355
624.207835 -0.476651 -0.378813 -0.0322763 -0.689766 0.684836 -0.232679 0.0329064
624.241301 -0.495044 -0.393731 -0.0432571 -0.690314 0.677909 -0.247685 0.0505871
624.274618 -0.514197 -0.407942 -0.0538693 -0.690561 0.67021 -0.263255 0.068125
624.307934 -0.531129 -0.42552 -0.0610181 -0.687636 0.664451 -0.280303 0.0842126
624.341250 -0.551721 -0.442527 -0.0669843 -0.68573 0.660617 -0.288759 0.0998919
624.374567 -0.569698 -0.456028 -0.0723551 -0.687852 0.654524 -0.292323 0.114044
624.407883 -0.594901 -0.471651 -0.0764647 -0.692614 0.646695 -0.293349 0.126563
624.441199 -0.620597 -0.48969 -0.0776352 -0.693682 0.642521 -0.295164 0.137295
624.474516 -0.644026 -0.497959 -0.0782105 -0.693692 0.640159 -0.295407 0.147384
624.507832 -0.660361 -0.504593 -0.0760413 -0.690653 0.64091 -0.29612 0.156674
624.541148 -0.673669 -0.503441 -0.0722113 -0.688193 0.64196 -0.29733 0.160852
624.574615 -0.685646 -0.498647 -0.0652595 -0.687118 0.643095 -0.296458 0.162512
624.607931 -0.696099 -0.490688 -0.0561768 -0.686259 0.644149 -0.296369 0.162129
624.641247 -0.704732 -0.478792 -0.0442997 -0.683368 0.648144 -0.298519 0.154288
624.674564 -0.709825 -0.465045 -0.0297241 -0.679405 0.655437 -0.296212 0.145152
624.707880 -0.714146 -0.453183 -0.0124019 -0.678174 0.660886 -0.289838 0.138938
624.741196 -0.719025 -0.440571 0.00556963 -0.678165 0.664893 -0.283667 0.132453
624.774513 -0.720583 -0.426613 0.0247089 -0.678173 0.669829 -0.275126 0.125368
624.807829 -0.721838 -0.409743 0.0448603 -0.677385 0.676015 -0.265557 0.116764
624.841145 -0.719576 -0.396389 0.0669336 -0.674755 0.683937 -0.256202 0.106285
624.874462 -0.720446 -0.385788 0.0890781 -0.673266 0.690119 -0.247588 0.0956526
624.907778 -0.720792 -0.377175 0.110803 -0.672047 0.696046 -0.238356 0.0840193
624.941244 -0.722335 -0.370795 0.132609 -0.670916 0.702412 -0.226487 0.0720652
624.974561 -0.722161 -0.365899 0.154164 -0.670863 0.70768 -0.213146 0.0608332
625.007877 -0.723333 -0.366289 0.176008 -0.672286 0.711851 -0.196504 0.051832
625.041193 -0.725971 -0.36918 0.196473 -0.676279 0.71333 -0.177913 0.0464176
625.074510 -0.729167 -0.376212 0.216474 -0.679843 0.714295 -0.16017 0.0440697
625.107826 -0.732678 -0.383498 0.234703 -0.681686 0.716222 -0.142488 0.0450317
625.141142 -0.737732 -0.391257 0.251558 -0.682164 0.718637 -0.125807 0.0488368
625.174459 -0.744369 -0.398335 0.26616 -0.681371 0.721153 -0.112713 0.0544853
625.207776 -0.753331 -0.403709 0.279747 -0.679927 0.723264 -0.104465 0.0606268
625.241091 -0.762829 -0.405614 0.291589 -0.676979 0.726064 -0.101419 0.0651499
625.274558 -0.772291 -0.404483 0.301873 -0.672363 0.729974 -0.102522 0.0674962
625.307874 -0.782842 -0.399956 0.310342 -0.667484 0.733375 -0.107812 0.0707365
625.341190 -0.794833 -0.393921 0.316529 -0.666642 0.732593 -0.114947 0.0753889
625.374507 -0.810291 -0.386129 0.320895 -0.670563 0.72692 -0.124413 0.0803365
625.407823 -0.826768 -0.376152 0.324395 -0.675417 0.719571 -0.137614 0.0842073
625.441139 -0.845205 -0.365002 0.327185 -0.677564 0.714044 -0.154295 0.0850977
625.474456 -0.864917 -0.352624 0.328086 -0.678004 0.709444 -0.171037 0.0880115
625.507772 -0.885788 -0.341601 0.328949 -0.676905 0.705379 -0.188354 0.0936151
625.541088 -0.909045 -0.330007 0.328158 -0.675618 0.700604 -0.206741 0.0997641
625.574405 -0.933172 -0.320847 0.327682 -0.675148 0.693612 -0.22599 0.109569
625.607721 -0.961076 -0.31219 0.325985 -0.673883 0.686045 -0.246904 0.119423
625.641187 -0.98735 -0.306812 0.32475 -0.671157 0.680068 -0.265385 0.128945
625.674504 -1.01408 -0.304477 0.323676 -0.669509 0.672916 -0.282188 0.13897
625.707820 -1.04119 -0.305312 0.322579 -0.669314 0.663405 -0.298096 0.151826
625.741136 -1.06805 -0.310377 0.322561 -0.66684 0.653748 -0.31699 0.165695
625.774453 -1.09459 -0.315828 0.320858 -0.662003 0.644665 -0.336187 0.182037
625.807769 -1.1211 -0.323257 0.319204 -0.657494 0.635557 -0.352038 0.199593
625.841085 -1.14654 -0.339348 0.32121 -0.654054 0.624677 -0.366564 0.218227
625.874402 -1.16986 -0.362166 0.324922 -0.651818 0.613163 -0.377656 0.237783
625.907718 -1.1909 -0.381687 0.325815 -0.650174 0.601514 -0.385584 0.258419
625.941034 -1.21344 -0.397149 0.321985 -0.649769 0.589426 -0.39118 0.278129
625.974501 -1.23226 -0.40949 0.31912 -0.650003 0.57728 -0.397729 0.293353
626.007817 -1.24826 -0.4233 0.319039 -0.649548 0.566398 -0.404545 0.30598
626.041133 -1.26409 -0.438904 0.317382 -0.649665 0.556917 -0.409534 0.316323
626.074450 -1.27614 -0.457477 0.319728 -0.652075 0.544713 -0.414468 0.326039
626.107766 -1.28688 -0.471497 0.321832 -0.656832 0.528629 -0.420041 0.335693
626.141082 -1.29723 -0.482186 0.324939 -0.66099 0.512274 -0.428688 0.341898
626.174399 -1.30882 -0.495245 0.326788 -0.662008 0.498601 -0.440879 0.344628
626.207715 -1.31908 -0.49795 0.330824 -0.660198 0.49031 -0.448747 0.349803
626.241031 -1.33202 -0.498899 0.3312 -0.657153 0.488221 -0.453149 0.35277
626.274348 -1.34492 -0.496473 0.332972 -0.655328 0.484416 -0.458703 0.354228
626.307665 -1.35766 -0.486422 0.335654 -0.652115 0.482153 -0.464497 0.355693
626.341130 -1.37146 -0.474913 0.3397 -0.647067 0.484691 -0.46811 0.356723
626.374447 -1.38574 -0.459644 0.34426 -0.640181 0.490321 -0.469563 0.359532
626.407763 -1.39823 -0.439207 0.354438 -0.632574 0.498622 -0.468468 0.362994
626.441079 -1.4114 -0.421373 0.366002 -0.62664 0.508762 -0.464546 0.364253
626.474396 -1.42492 -0.403299 0.380406 -0.622607 0.517858 -0.4621 0.361452
626.507712 -1.43948 -0.386039 0.397158 -0.619547 0.527185 -0.460041 0.355807
626.541028 -1.45522 -0.369514 0.413724 -0.616603 0.536483 -0.454614 0.353996
626.574345 -1.47139 -0.354897 0.432483 -0.614374 0.54398 -0.450454 0.351741
626.607661 -1.48747 -0.343187 0.453252 -0.611583 0.551656 -0.448476 0.347148
626.640977 -1.50543 -0.331135 0.473202 -0.610336 0.560194 -0.441757 0.344272
626.674444 -1.5243 -0.324439 0.493529 -0.611873 0.566864 -0.435338 0.338757
626.707760 -1.54339 -0.319312 0.513724 -0.61415 0.571652 -0.430749 0.332398
626.741076 -1.56358 -0.317644 0.533542 -0.616054 0.579176 -0.421808 0.327277
626.774393 -1.58552 -0.319505 0.550352 -0.62031 0.58659 -0.408031 0.323478
626.807709 -1.60609 -0.32645 0.566885 -0.629056 0.587444 -0.394546 0.321762
626.841025 -1.62515 -0.33517 0.583256 -0.640693 0.583157 -0.382167 0.32154
626.874342 -1.644 -0.344211 0.597626 -0.651589 0.577525 -0.372029 0.321699
626.907658 -1.66141 -0.354424 0.61033 -0.658756 0.573123 -0.365526 0.32243
626.940974 -1.67874 -0.363884 0.620213 -0.662101 0.571421 -0.360418 0.324346
626.974291 -1.69625 -0.37291 0.627153 -0.663799 0.569031 -0.355927 0.329985
627.007757 -1.71389 -0.379608 0.632101 -0.66617 0.564635 -0.352766 0.336096
627.041073 -1.73174 -0.383686 0.635564 -0.669457 0.558393 -0.352268 0.340487
627.074390 -1.74927 -0.38492 0.637242 -0.670866 0.552071 -0.355832 0.344296
627.107706 -1.76701 -0.383145 0.636589 -0.670747 0.545643 -0.3629 0.347385
627.141022 -1.78447 -0.378463 0.634078 -0.667809 0.54065 -0.373534 0.349573
627.174339 -1.80288 -0.371757 0.628208 -0.664243 0.53485 -0.386032 0.351703
627.207655 -1.8217 -0.362356 0.61996 -0.659949 0.527539 -0.401486 0.353524
627.240971 -1.84146 -0.352761 0.608533 -0.652898 0.518668 -0.421649 0.356259
627.274288 -1.86415 -0.344398 0.590648 -0.64162 0.509487 -0.445647 0.360756
627.307604 -1.88631 -0.335301 0.572738 -0.625769 0.504757 -0.467561 0.36745
627.340920 -1.9067 -0.331714 0.558005 -0.607132 0.503173 -0.483551 0.379982
627.374387 -1.92925 -0.340878 0.55101 -0.587958 0.500112 -0.49928 0.39359
627.407703 -1.95146 -0.344621 0.543344 -0.577234 0.490927 -0.512077 0.404437
627.441019 -1.9726 -0.356695 0.53452 -0.56939 0.478869 -0.525813 0.41231
627.474336 -1.99162 -0.360794 0.518561 -0.561665 0.466181 -0.538708 0.420716
627.507652 -2.01026 -0.368882 0.507927 -0.551522 0.454969 -0.552666 0.428237
627.540968 -2.02898 -0.38019 0.500453 -0.543052 0.444055 -0.562567 0.437525
627.574285 -2.0456 -0.394086 0.496029 -0.538257 0.428005 -0.570062 0.449579
627.607601 -2.06012 -0.41755 0.487742 -0.538079 0.409308 -0.574624 0.461243
627.640917 -2.07403 -0.44179 0.483119 -0.535699 0.393233 -0.57729 0.474479
627.674234 -2.08532 -0.462292 0.473312 -0.536073 0.376907 -0.580959 0.482756
627.707700 -2.09526 -0.483546 0.465923 -0.533622 0.361304 -0.58402 0.493586
627.741016 -2.10337 -0.501001 0.461456 -0.533612 0.34395 -0.587717 0.501543
627.774333 -2.1113 -0.51772 0.446093 -0.536557 0.326119 -0.590964 0.506473
627.807650 -2.11871 -0.530725 0.445206 -0.538591 0.309977 -0.593566 0.511385
627.840965 -2.12944 -0.530364 0.432423 -0.539872 0.295785 -0.599904 0.511043
627.874282 -2.14135 -0.534491 0.429472 -0.537673 0.290958 -0.604244 0.511019
627.907598 -2.15543 -0.541435 0.426848 -0.533594 0.290748 -0.607699 0.511316
627.940914 -2.172 -0.531701 0.422284 -0.532132 0.2882 -0.611874 0.509301
627.974231 -2.18998 -0.526745 0.417847 -0.528973 0.288187 -0.61478 0.509099
628.007547 -2.21154 -0.518251 0.41327 -0.520144 0.298187 -0.618197 0.508298
628.040863 -2.23454 -0.497041 0.413327 -0.515873 0.315371 -0.614233 0.507084
628.074330 -2.25783 -0.474107 0.421053 -0.516705 0.331622 -0.6049 0.507088
628.107646 -2.28358 -0.45817 0.425327 -0.515251 0.347227 -0.601085 0.50264
628.140962 -2.31063 -0.433492 0.43851 -0.516894 0.362294 -0.598775 0.492983
628.174279 -2.33898 -0.41734 0.449342 -0.516097 0.383697 -0.591775 0.486028
628.207595 -2.36742 -0.402273 0.453217 -0.516624 0.402471 -0.582711 0.481212
628.240911 -2.39662 -0.391878 0.461108 -0.516714 0.417783 -0.576133 0.475957
628.274228 -2.42561 -0.380811 0.472686 -0.517331 0.436301 -0.569007 0.467163
628.307544 -2.45427 -0.371885 0.480905 -0.518828 0.455046 -0.558639 0.46008
628.340860 -2.48141 -0.368139 0.490954 -0.522496 0.472636 -0.547508 0.451495
628.374177 -2.50723 -0.370509 0.502539 -0.532699 0.484906 -0.534524 0.44202
628.407643 -2.53108 -0.380877 0.511836 -0.551373 0.487643 -0.520612 0.432614
628.440959 -2.55161 -0.393165 0.513989 -0.578282 0.479412 -0.504446 0.42578
628.474276 -2.57171 -0.409591 0.516687 -0.603 0.467078 -0.491026 0.42086
628.507592 -2.59054 -0.421133 0.513453 -0.620196 0.456947 -0.480633 0.418986
628.540908 -2.6081 -0.430609 0.507184 -0.627129 0.452117 -0.473901 0.421565
628.574225 -2.6243 -0.442733 0.49864 -0.626134 0.454121 -0.469529 0.425762
628.607541 -2.63982 -0.453462 0.486104 -0.624184 0.45642 -0.466276 0.429723
628.640857 -2.6544 -0.465611 0.470763 -0.623026 0.453555 -0.466935 0.433703
628.674174 -2.6688 -0.471744 0.451088 -0.623528 0.444838 -0.471135 0.437452
628.707490 -2.68301 -0.480498 0.427393 -0.623309 0.433612 -0.48024 0.43913
628.740806 -2.6964 -0.485792 0.403198 -0.620403 0.420108 -0.492538 0.442736
628.774273 -2.70912 -0.493572 0.371589 -0.610271 0.409318 -0.505803 0.451875
628.807589 -2.72093 -0.488584 0.350091 -0.598939 0.399434 -0.522605 0.456738
628.840905 -2.73149 -0.491863 0.328267 -0.584146 0.39235 -0.539997 0.461778
628.874222 -2.74173 -0.485 0.307287 -0.569361 0.382174 -0.558219 0.467078
628.907538 -2.75222 -0.490447 0.275007 -0.552898 0.37454 -0.573354 0.474646
628.940854 -2.76287 -0.498176 0.235985 -0.536049 0.363884 -0.587668 0.484651
628.974171 -2.77233 -0.505753 0.201991 -0.520583 0.350963 -0.601113 0.49445
629.007487 -2.78031 -0.51584 0.169006 -0.506291 0.337165 -0.612214 0.505157
629.040803 -2.78666 -0.530634 0.136979 -0.492702 0.320633 -0.624122 0.514695
629.074120 -2.7911 -0.546555 0.106328 -0.479695 0.302459 -0.636898 0.522276
629.107586 -2.79383 -0.565556 0.0760309 -0.465874 0.284281 -0.649227 0.529764
629.140902 -2.79501 -0.585229 0.0468316 -0.452917 0.266026 -0.66001 0.537106
629.174219 -2.79482 -0.60814 0.0152174 -0.442739 0.245881 -0.668437 0.544717
629.207535 -2.79222 -0.631501 -0.0194772 -0.434396 0.223877 -0.675042 0.552719
629.240851 -2.78864 -0.652358 -0.0485951 -0.422901 0.203173 -0.681162 0.562044
629.274168 -2.78422 -0.678525 -0.0830022 -0.406475 0.18778 -0.685441 0.574184
629.307484 -2.78217 -0.709924 -0.103756 -0.385459 0.175565 -0.688095 0.589172
629.340800 -2.77773 -0.718582 -0.123157 -0.36883 0.160208 -0.690156 0.60165
629.374117 -2.77233 -0.739582 -0.144493 -0.350548 0.150247 -0.690782 0.614298
629.407433 -2.76579 -0.7602 -0.168532 -0.336775 0.137173 -0.69208 0.623532
629.440749 -2.75566 -0.76267 -0.200283 -0.331744 0.118211 -0.697135 0.624479
629.474216 -2.74886 -0.777251 -0.22492 -0.320708 0.108269 -0.702094 0.626489
629.507532 -2.76048 -0.842509 -0.241394 -0.310994 0.0960712 -0.705226 0.629849
629.540848 -2.75797 -0.829631 -0.273338 -0.300576 0.0910567 -0.706946 0.633712
629.574165 -2.75781 -0.807241 -0.305904 -0.292595 0.0872738 -0.706707 0.63823
629.607481 -2.75668 -0.793995 -0.335418 -0.290092 0.0852663 -0.706736 0.639609
629.640797 -2.76193 -0.792931 -0.358022 -0.291276 0.084046 -0.708275 0.637528
629.674114 -2.77604 -0.803348 -0.376603 -0.29239 0.0851272 -0.710874 0.633972
629.707430 -2.78683 -0.819599 -0.394793 -0.29613 0.0888559 -0.711314 0.631224
629.740746 -2.79539 -0.813403 -0.417522 -0.302677 0.0904793 -0.709164 0.630307
629.774063 -2.80441 -0.812355 -0.441018 -0.308295 0.0906662 -0.706775 0.63024
629.807529 -2.81227 -0.824463 -0.46437 -0.311725 0.0946241 -0.704865 0.63011
629.840845 -2.82487 -0.835706 -0.485754 -0.312926 0.100731 -0.702075 0.631682
629.874162 -2.8393 -0.854338 -0.505415 -0.311332 0.107049 -0.699164 0.634652
629.907478 -2.85221 -0.859428 -0.528667 -0.310857 0.113012 -0.694901 0.63852
629.940794 -2.86719 -0.872651 -0.545621 -0.318712 0.121061 -0.69144 0.636929
629.974111 -2.88355 -0.87405 -0.564397 -0.332204 0.125598 -0.691072 0.629513
630.007427 -2.89877 -0.885022 -0.580805 -0.347766 0.12433 -0.692079 0.620184
630.040743 -2.91584 -0.901322 -0.595146 -0.360467 0.123472 -0.691662 0.613533
630.074060 -2.93184 -0.908636 -0.610129 -0.36874 0.127693 -0.689379 0.610313
630.107376 -2.94625 -0.913412 -0.625085 -0.373352 0.137648 -0.6841 0.611284
630.140842 -2.96225 -0.919861 -0.637153 -0.378091 0.149274 -0.677175 0.613351
630.174159 -2.97863 -0.918717 -0.651307 -0.385061 0.156191 -0.672126 0.612846
630.207475 -2.99354 -0.925109 -0.664921 -0.391927 0.158529 -0.67042 0.609753
630.240791 -3.01113 -0.932307 -0.676634 -0.397287 0.159006 -0.67136 0.605108
630.274108 -3.02713 -0.934148 -0.691421 -0.401146 0.162203 -0.671767 0.60125
630.307424 -3.04233 -0.935586 -0.705635 -0.401963 0.167089 -0.669377 0.602031
630.340740 -3.05583 -0.92923 -0.725159 -0.40185 0.170657 -0.66687 0.603885
630.374057 -3.06929 -0.923099 -0.74468 -0.399371 0.174412 -0.666449 0.60492
630.407373 -3.08281 -0.924403 -0.763201 -0.395508 0.176628 -0.667152 0.606039
630.440689 -3.09447 -0.909278 -0.786351 -0.393722 0.176338 -0.669514 0.60468
630.474006 -3.10849 -0.905549 -0.807581 -0.391237 0.176513 -0.673876 0.601388
630.507472 -3.12075 -0.906818 -0.828944 -0.386973 0.177476 -0.679377 0.597663
630.540788 -3.13358 -0.901535 -0.854019 -0.378594 0.178411 -0.684582 0.596811
630.574105 -3.14451 -0.907297 -0.877481 -0.370064 0.178082 -0.687989 0.598339
630.607421 -3.15357 -0.910016 -0.902384 -0.360381 0.175563 -0.693312 0.59885
630.640737 -3.16091 -0.925124 -0.926811 -0.349271 0.169735 -0.698778 0.600757
630.674054 -3.16725 -0.938655 -0.952397 -0.340319 0.165124 -0.700651 0.604984
630.707370 -3.17268 -0.953098 -0.977083 -0.3353 0.159977 -0.700904 0.608864
630.740686 -3.17306 -0.970588 -1.00296 -0.330194 0.149177 -0.702003 0.613115
630.774003 -3.17317 -0.985709 -1.02733 -0.323999 0.136759 -0.702415 0.618817
630.807319 -3.17065 -1.00454 -1.04989 -0.318518 0.125256 -0.702901 0.623528
630.840785 -3.16652 -1.02337 -1.07106 -0.311782 0.113037 -0.704265 0.627714
630.874102 -3.15748 -1.03982 -1.09509 -0.306375 0.10011 -0.705843 0.630792
630.907418 -3.14653 -1.057 -1.1185 -0.302142 0.0858887 -0.709099 0.631278
630.940734 -3.13732 -1.07067 -1.1419 -0.296915 0.0721537 -0.714403 0.629495
630.974051 -3.12863 -1.08201 -1.16482 -0.291926 0.0586161 -0.717925 0.629227
631.007367 -3.11817 -1.09202 -1.18795 -0.28653 0.0454712 -0.719311 0.631208
631.040680 -3.10598 -1.101 -1.21268 -0.279582 0.0353609 -0.720457 0.63366
631.073992 -3.09619 -1.10722 -1.23695 -0.271451 0.0269278 -0.719949 0.638172
631.107305 -3.08695 -1.11541 -1.26152 -0.261848 0.0219244 -0.717665 0.644912
631.140617 -3.07659 -1.12488 -1.2866 -0.254542 0.0173671 -0.714237 0.651746
631.173930 -3.06748 -1.13715 -1.31081 -0.248461 0.00995197 -0.710276 0.65854
631.207392 -3.05529 -1.1529 -1.33547 -0.244047 0.00232486 -0.705842 0.664998
631.240705 -3.04998 -1.16494 -1.36025 -0.241092 -0.00612169 -0.700855 0.671297
631.274017 -3.0446 -1.1795 -1.38481 -0.238214 -0.0128257 -0.696879 0.67635
631.307330 -3.0414 -1.19094 -1.41231 -0.239386 -0.0191404 -0.693315 0.679442
631.340642 -3.03913 -1.20996 -1.43609 -0.240604 -0.0272338 -0.691612 0.680471
631.373955 -3.03625 -1.22378 -1.46253 -0.236817 -0.0336114 -0.69303 0.680071
631.407267 -3.02945 -1.23828 -1.48859 -0.23486 -0.034902 -0.691533 0.682206
631.440579 -3.02465 -1.2541 -1.51267 -0.239608 -0.0371228 -0.687717 0.684292
631.473892 -3.02001 -1.26981 -1.53563 -0.246016 -0.0435322 -0.688262 0.681085
631.507204 -3.0139 -1.28464 -1.55764 -0.248889 -0.0520009 -0.692896 0.674719
631.540667 -3.01016 -1.29896 -1.57761 -0.248454 -0.0613184 -0.696143 0.670743
631.573979 -3.00313 -1.30961 -1.59792 -0.245291 -0.0685929 -0.697599 0.669689
631.607292 -2.99848 -1.32124 -1.61603 -0.23916 -0.0728895 -0.695334 0.673795
631.640604 -2.99303 -1.33012 -1.63377 -0.233291 -0.0790188 -0.693876 0.676659
631.673917 -2.98228 -1.3351 -1.65238 -0.227892 -0.0850718 -0.694266 0.677365
631.707229 -2.97598 -1.34066 -1.67003 -0.219707 -0.0912324 -0.695088 0.678423
631.740542 -2.96411 -1.34389 -1.68878 -0.208497 -0.0980425 -0.698294 0.677719
631.773854 -2.95537 -1.34059 -1.70797 -0.19481 -0.107246 -0.698202 0.680486
631.807167 -2.94284 -1.3426 -1.72734 -0.178363 -0.110066 -0.694728 0.688059
631.840479 -2.93211 -1.34163 -1.7466 -0.163482 -0.113619 -0.692866 0.693038
631.873941 -2.92241 -1.34129 -1.76517 -0.151457 -0.119608 -0.692828 0.694798
631.907254 -2.90972 -1.34147 -1.78422 -0.141344 -0.129179 -0.692871 0.695172
631.940566 -2.89654 -1.34157 -1.80354 -0.130825 -0.139224 -0.693604 0.694561
631.973879 -2.88685 -1.34668 -1.82137 -0.121016 -0.147162 -0.692891 0.695414
632.007191 -2.87708 -1.35343 -1.83886 -0.110903 -0.154137 -0.69409 0.694392
632.040507 -2.86797 -1.36027 -1.85601 -0.0995983 -0.162785 -0.695297 0.692924
632.073824 -2.85237 -1.36773 -1.87198 -0.0870534 -0.174183 -0.696308 0.690824
632.107140 -2.83989 -1.37786 -1.88497 -0.0728197 -0.186334 -0.693325 0.692299
632.140458 -2.82923 -1.38801 -1.8963 -0.0587421 -0.197994 -0.690136 0.693586
632.173773 -2.81849 -1.39842 -1.9067 -0.0483375 -0.209222 -0.686969 0.694236
632.207089 -2.80549 -1.40986 -1.91486 -0.0399923 -0.225248 -0.685189 0.691505
632.240555 -2.79226 -1.41972 -1.92167 -0.0298853 -0.24283 -0.683874 0.687355
632.273872 -2.77911 -1.4304 -1.92754 -0.0167665 -0.257809 -0.679157 0.687022
632.307188 -2.7667 -1.4371 -1.93275 -0.00266256 -0.270579 -0.672703 0.688658
632.340504 -2.75416 -1.4418 -1.93757 0.0137794 -0.279371 -0.666715 0.690835
632.373821 -2.74111 -1.44506 -1.94154 0.0290623 -0.287208 -0.661287 0.692363
632.407137 -2.72731 -1.44845 -1.94479 0.0425688 -0.295248 -0.655987 0.693323
632.440453 -2.71335 -1.45466 -1.94652 0.0555682 -0.304676 -0.650841 0.693175
632.473770 -2.6988 -1.45848 -1.94929 0.0690931 -0.315058 -0.645978 0.691864
632.507086 -2.6841 -1.45989 -1.95267 0.0823552 -0.323564 -0.640634 0.691456
632.540402 -2.66915 -1.46055 -1.95689 0.0927293 -0.33112 -0.634551 0.692175
632.573719 -2.65413 -1.46263 -1.96187 0.101793 -0.337183 -0.629497 0.692589
632.607185 -2.6388 -1.46311 -1.96804 0.111322 -0.34303 -0.627518 0.690043
632.640501 -2.62147 -1.46654 -1.97301 0.120664 -0.347242 -0.625729 0.687988
632.673818 -2.60423 -1.4684 -1.9799 0.126882 -0.349584 -0.623231 0.68795
632.707134 -2.58628 -1.47184 -1.98691 0.131561 -0.352003 -0.620373 0.688421
632.740450 -2.56804 -1.47748 -1.99436 0.134213 -0.356285 -0.619091 0.686858
632.773767 -2.54997 -1.48404 -2.00413 0.13595 -0.359972 -0.619666 0.68407
632.807083 -2.53044 -1.49198 -2.0154 0.135721 -0.361564 -0.620777 0.682266
632.840399 -2.51125 -1.49956 -2.02966 0.129016 -0.361482 -0.621301 0.683133
632.873716 -2.49208 -1.50829 -2.04534 0.120572 -0.360746 -0.622947 0.683565
