1.000000 0 0 0 0 0 0 1
2.000000 1.36641e-05 0.0104288 0.00142695 -0.000787086 0.00066118 -0.000205825 0.999999
3.000000 -0.000513491 0.00144506 9.19382e-05 -0.00443839 0.000495652 0.00037443 0.99999
4.000000 0.000414953 -0.00107868 1.43265e-05 -0.00389671 0.000220839 0.000801033 0.999992
5.000000 0.000261225 0.00438189 0.00093422 -0.00296955 0.000260933 0.00107288 0.999995
6.000000 0.000267772 0.00461326 0.000860297 -0.00413994 0.000171098 0.0013586 0.99999
7.000000 0.000925567 0.00198964 0.00090859 -0.00494203 -8.84524e-05 0.00169762 0.999986
8.000000 0.000819154 0.00217316 0.000591093 -0.00444264 0.000168467 0.00189207 0.999988
9.000000 0.00218596 0.00338635 0.000680913 -0.00427275 0.000137759 0.00177409 0.999989
10.000000 0.00213209 0.00402977 0.000975073 -0.0044708 0.000475106 0.00197187 0.999988
11.000000 0.00250544 0.00353235 0.000354718 -0.00479974 0.000541772 0.00223052 0.999986
12.000000 0.00256605 0.00195477 -0.000152425 -0.00489665 0.000552305 0.00272716 0.999984
13.000000 0.00270971 0.00100101 -0.000332529 -0.00465531 0.000531139 0.00315564 0.999984
14.000000 0.00299596 0.000330787 -0.000835264 -0.00435358 0.000355771 0.00331335 0.999985
15.000000 0.00301551 0.000401246 -0.00110741 -0.00393913 0.00023096 0.00338989 0.999986
16.000000 0.00220985 -0.000357635 -0.00170232 -0.0036903 0.000341624 0.00319703 0.999988
17.000000 0.00263645 -0.00148809 -0.0019248 -0.00360316 0.000406868 0.00292403 0.999989
18.000000 0.00398074 -0.00198063 -0.00203353 -0.00326495 0.000773585 0.00230849 0.999992
19.000000 0.00467941 -0.0020811 -0.00257339 -0.00299298 0.00138621 0.0022176 0.999992
20.000000 0.00418459 -0.00293792 -0.00237911 -0.00275352 0.00217462 0.00221662 0.999991
21.000000 0.00374143 -0.00268857 -0.00260862 -0.00210188 0.00307978 0.00222677 0.999991
22.000000 0.00421764 -0.00185889 -0.00247193 -0.00166818 0.00368985 0.0022412 0.999989
23.000000 0.00504131 -0.00149449 -0.00214309 -0.00149684 0.00413712 0.00237104 0.999988
24.000000 0.0068736 -0.00177844 -0.00192777 -0.00164534 0.00454699 0.00225662 0.999986
25.000000 0.00638655 -0.00133902 -0.00219428 -0.00163728 0.00551639 0.00233334 0.999981
26.000000 0.00603663 -0.00161612 -0.00205344 -0.00177299 0.00649801 0.00244997 0.999974
27.000000 0.00800316 -0.000447418 -0.00196948 -0.00166133 0.00737312 0.00270947 0.999968
28.000000 0.0093026 -0.00103819 -0.00190764 -0.00185451 0.00837006 0.0034979 0.999957
29.000000 0.00869135 0.000520062 -0.00166548 -0.0018168 0.00990706 0.00449194 0.999939
30.000000 0.0108087 0.000301192 -0.00148131 -0.00221618 0.0112667 0.00536431 0.99992
31.000000 0.0128854 -0.000798239 -0.00111772 -0.00237207 0.013188 0.00670678 0.999888
32.000000 0.0125668 -0.000179614 -0.000297096 -0.00209431 0.0160025 0.00803827 0.999837
33.000000 0.0122747 7.46129e-05 0.000472858 -0.00221513 0.0189268 0.0091395 0.999777
34.000000 0.0125597 -0.000518845 0.00113154 -0.00234699 0.0223293 0.0107564 0.99969
35.000000 0.0140126 0.00115854 0.00203952 -0.00205451 0.0254357 0.0123706 0.999598
36.000000 0.0158179 0.000878181 0.00250888 -0.00237952 0.0286641 0.0142517 0.999485
37.000000 0.0167294 0.00195589 0.00429741 -0.00227899 0.0358324 0.0182601 0.999188
38.000000 0.0183776 0.00174838 0.00530524 -0.00243223 0.0398566 0.02024 0.998997
39.000000 0.0198023 0.00193858 0.00567874 -0.0022863 0.0437012 0.0217821 0.998805
40.000000 0.0215022 0.00516889 0.00711803 -0.00183938 0.0476747 0.0234375 0.998586
41.000000 0.0233696 0.00528847 0.00750024 -0.00284316 0.0517361 0.0250181 0.998343
42.000000 0.0253195 0.00305648 0.00808081 -0.00383182 0.0563019 0.027072 0.998039
43.000000 0.0267497 0.00148453 0.00902044 -0.00415337 0.0614935 0.0291248 0.997674
44.000000 0.0287853 0.00360277 0.0101131 -0.00344789 0.0662586 0.0314362 0.997301
45.000000 0.056907 0.00410201 0.00627487 -0.00423243 0.0654768 0.0359948 0.997196
46.000000 0.11731 0.00736467 -0.00483279 -0.004987 0.058367 0.0368171 0.997604
47.000000 0.119869 0.00765604 -0.00444095 -0.0048441 0.0632918 0.0387955 0.997229
48.000000 0.122204 0.00878342 -0.00416828 -0.00488359 0.0682659 0.0408366 0.996819
49.000000 0.124803 0.00904137 -0.00391761 -0.00501788 0.0729583 0.0426581 0.99641
50.000000 0.127693 0.00997902 -0.00411314 -0.00495142 0.077713 0.0443954 0.995975
51.000000 0.130883 0.0108567 -0.00409899 -0.00499948 0.0822403 0.0461171 0.995532
52.000000 0.132339 0.0114312 -0.00407972 -0.00519369 0.0873164 0.0476756 0.995026
53.000000 0.135574 0.0115059 -0.00445421 -0.0056456 0.0922922 0.0491968 0.9945
54.000000 0.139019 0.00928697 -0.00539151 -0.00558393 0.0969881 0.0508218 0.993971
55.000000 0.140267 0.0107189 -0.00556963 -0.00444931 0.101911 0.0526318 0.99339
56.000000 0.139879 0.0133341 -0.00497129 -0.00389724 0.107083 0.0548744 0.992727
57.000000 0.141855 0.0144914 -0.00534957 -0.00377626 0.111622 0.0572368 0.992094
58.000000 0.14374 0.0149496 -0.00587304 -0.00354424 0.116505 0.0599785 0.991371
59.000000 0.146864 0.0156849 -0.0070103 -0.0036323 0.121101 0.062476 0.990665
60.000000 0.148584 0.0160969 -0.00726029 -0.0040334 0.12589 0.0654532 0.989874
61.000000 0.152177 0.0162973 -0.00852707 -0.00444914 0.130139 0.0683607 0.989126
62.000000 0.155645 0.0157202 -0.00960759 -0.00444122 0.134656 0.0712246 0.988319
63.000000 0.159288 0.0176983 -0.0112626 -0.00409194 0.139257 0.0737286 0.987499
64.000000 0.163354 0.017452 -0.0131303 -0.00448644 0.143828 0.0760621 0.986665
65.000000 0.168073 0.0182721 -0.0154338 -0.00470254 0.148436 0.0783275 0.985804
66.000000 0.171394 0.0188869 -0.0174183 -0.00489479 0.153524 0.0806978 0.984832
67.000000 0.176084 0.0186106 -0.0201999 -0.00505046 0.158454 0.0831611 0.983845
68.000000 0.179405 0.0205162 -0.022073 -0.00488882 0.163228 0.0856526 0.982851
69.000000 0.181527 0.022005 -0.0230174 -0.00517043 0.168204 0.0885469 0.981754
70.000000 0.185663 0.0214864 -0.02528 -0.00598511 0.172332 0.0911566 0.980794
71.000000 0.188483 0.0215319 -0.026757 -0.00615193 0.177014 0.0940636 0.979684
72.000000 0.190797 0.0221358 -0.0280024 -0.0065067 0.181962 0.0967675 0.978511
73.000000 0.195242 0.0225006 -0.0307582 -0.00663848 0.186379 0.0991976 0.977435
74.000000 0.196773 0.0224238 -0.0316325 -0.00643831 0.191554 0.101995 0.976147
75.000000 0.20173 0.0249548 -0.0347348 -0.00633266 0.195653 0.104081 0.975114
76.000000 0.20482 0.0261855 -0.0368039 -0.00659317 0.200288 0.10647 0.973912
77.000000 0.209468 0.0272709 -0.0401993 -0.00709481 0.204277 0.108422 0.972865
78.000000 0.21357 0.0276668 -0.0427465 -0.00744796 0.208249 0.110726 0.97176
79.000000 0.222292 0.0289066 -0.0488918 -0.00788093 0.215619 0.115155 0.969632
80.000000 0.22631 0.0293136 -0.0513683 -0.00761478 0.219321 0.117266 0.96855
81.000000 0.229616 0.0322349 -0.0536916 -0.00730807 0.222925 0.11917 0.967497
82.000000 0.232868 0.0325933 -0.0557844 -0.00747723 0.226658 0.121552 0.966331
83.000000 0.235175 0.0355359 -0.0571736 -0.00712965 0.230461 0.12327 0.965216
84.000000 0.238677 0.036941 -0.0594266 -0.00736835 0.233908 0.125306 0.964122
85.000000 0.240892 0.0381401 -0.0606501 -0.00730367 0.237837 0.127608 0.962859
86.000000 0.244584 0.0386734 -0.0629853 -0.00745814 0.241071 0.129812 0.961758
87.000000 0.248385 0.0379029 -0.0655466 -0.00752781 0.244084 0.132013 0.960697
88.000000 0.251174 0.0384159 -0.0675983 -0.00686299 0.247632 0.133888 0.959534
89.000000 0.253541 0.040535 -0.0691726 -0.00609184 0.251255 0.135786 0.95833
90.000000 0.256098 0.0413268 -0.0707569 -0.00595346 0.254607 0.137897 0.957144
91.000000 0.259288 0.0405542 -0.0728106 -0.005978 0.25757 0.139775 0.956078
92.000000 0.261493 0.0418632 -0.0746931 -0.00518179 0.260743 0.141057 0.955034
93.000000 0.264077 0.0424368 -0.0760479 -0.00478912 0.263713 0.142336 0.95403
94.000000 0.267294 0.0421584 -0.0781878 -0.00478349 0.266292 0.143619 0.953121
95.000000 0.269968 0.0424995 -0.080542 -0.00447653 0.269053 0.144777 0.952171
96.000000 0.272444 0.0428088 -0.0825797 -0.00406367 0.271734 0.146077 0.951213
97.000000 0.273388 0.0439247 -0.0832352 -0.00344358 0.274454 0.147215 0.950258
98.000000 0.276106 0.044571 -0.0854578 -0.00348335 0.276386 0.148224 0.949541
99.000000 0.277677 0.0460077 -0.0867375 -0.00334642 0.278325 0.149221 0.948819
100.000000 0.280308 0.0442721 -0.0882421 -0.00367681 0.280066 0.150372 0.948123
101.000000 0.282394 0.0436191 -0.0898483 -0.00311154 0.281955 0.151494 0.947387
102.000000 0.283296 0.0424796 -0.0910382 -0.00226866 0.283972 0.152574 0.946613
103.000000 0.284993 0.041515 -0.0923535 -0.00185466 0.285979 0.153425 0.945872
104.000000 0.287701 0.040231 -0.0942692 -0.00122716 0.287818 0.154436 0.94515
105.000000 0.28924 0.039736 -0.0954618 8.62716e-06 0.290091 0.154973 0.944368
106.000000 0.290041 0.0397036 -0.09617 0.00122327 0.292565 0.155106 0.943582
107.000000 0.293666 0.0373552 -0.099129 0.00335748 0.295706 0.154668 0.942669
108.000000 0.29524 0.0366834 -0.100395 0.00481986 0.296757 0.154517 0.942357
109.000000 0.296118 0.0355662 -0.101493 0.00630365 0.297551 0.154664 0.942074
110.000000 0.297333 0.0334323 -0.102838 0.00775674 0.298131 0.154805 0.941856
111.000000 0.29969 0.0307572 -0.105071 0.0109276 0.299102 0.154998 0.941485
112.000000 0.300989 0.0283212 -0.106093 0.0123893 0.299391 0.155022 0.941371
113.000000 0.301942 0.0267881 -0.107128 0.0144695 0.299997 0.154573 0.941222
114.000000 0.303169 0.0242686 -0.108657 0.0166012 0.300612 0.153812 0.941116
115.000000 0.303635 0.0227733 -0.109662 0.0186839 0.300912 0.152893 0.941131
116.000000 0.304581 0.0201835 -0.111058 0.0201388 0.300862 0.151511 0.94134
117.000000 0.304995 0.0196257 -0.111569 0.0223358 0.301347 0.149711 0.941423
118.000000 0.305212 0.0168952 -0.111948 0.0239928 0.301915 0.148193 0.941441
119.000000 0.305223 0.0158855 -0.112948 0.0258171 0.302116 0.146918 0.941528
120.000000 0.304372 0.0145544 -0.11246 0.0268494 0.302083 0.145694 0.9417
121.000000 0.303488 0.0098476 -0.113126 0.0297068 0.300052 0.143994 0.942524
122.000000 0.302651 0.00754792 -0.112818 0.031965 0.29806 0.143073 0.943222
123.000000 0.301847 0.0064664 -0.112853 0.0340036 0.295767 0.141993 0.944036
124.000000 0.301222 0.00358348 -0.112295 0.035551 0.293621 0.140971 0.944802
125.000000 0.301002 0.00163282 -0.112376 0.0373544 0.291334 0.13989 0.9456
126.000000 0.299679 0.000117859 -0.111668 0.0392028 0.289577 0.138318 0.946296
127.000000 0.298729 -0.00150756 -0.111262 0.0408022 0.288033 0.136762 0.946926
128.000000 0.298751 -0.00419288 -0.111436 0.0424435 0.28635 0.135169 0.947592
129.000000 0.296853 -0.0049948 -0.110016 0.0443399 0.284951 0.13329 0.948193
130.000000 0.2948 -0.00515395 -0.108763 0.0451827 0.282992 0.131634 0.948971
131.000000 0.292871 -0.00544669 -0.1076 0.0452317 0.280367 0.130173 0.949949
132.000000 0.291604 -0.00624495 -0.105924 0.0453728 0.2776 0.129102 0.950901
133.000000 0.289714 -0.00794851 -0.104401 0.0462108 0.274835 0.128197 0.951786
134.000000 0.287099 -0.00823815 -0.102179 0.0472506 0.271773 0.127319 0.952731
135.000000 0.285704 -0.00985973 -0.100852 0.0478074 0.267934 0.126536 0.953894
136.000000 0.28466 -0.0124598 -0.0995801 0.0487551 0.264028 0.1257 0.955045
137.000000 0.281125 -0.0123578 -0.0964353 0.0505588 0.256589 0.123157 0.957308
138.000000 0.278784 -0.0131874 -0.0945415 0.0511986 0.25333 0.122164 0.958268
139.000000 0.277773 -0.0150591 -0.0932412 0.0518866 0.249484 0.120869 0.959404
140.000000 0.275948 -0.0168162 -0.0916075 0.052176 0.245549 0.119746 0.960544
141.000000 0.274565 -0.0193688 -0.0901941 0.0523912 0.241417 0.118775 0.961699
142.000000 0.272194 -0.0198045 -0.0885784 0.0533349 0.237645 0.117407 0.962754
143.000000 0.269524 -0.0200546 -0.0871785 0.0534387 0.233795 0.11655 0.963795
144.000000 0.267616 -0.0235407 -0.0853968 0.0532441 0.229895 0.115769 0.964837
145.000000 0.265447 -0.0242579 -0.084008 0.0538408 0.226318 0.114809 0.965764
146.000000 0.262506 -0.0252169 -0.0817146 0.0541633 0.223116 0.1136 0.966634
147.000000 0.260949 -0.0264413 -0.0809821 0.0542072 0.219503 0.112399 0.967598
148.000000 0.257734 -0.0264526 -0.0789091 0.0547203 0.216403 0.111125 0.968415
149.000000 0.254041 -0.0251999 -0.076631 0.0550837 0.213362 0.109806 0.969219
150.000000 0.25039 -0.0254585 -0.0744773 0.0547581 0.210264 0.108676 0.970041
151.000000 0.247051 -0.0241703 -0.0721506 0.0550106 0.206953 0.107352 0.970886
152.000000 0.242888 -0.0263187 -0.0695942 0.0544402 0.203503 0.106098 0.971785
153.000000 0.239963 -0.0280194 -0.0678781 0.0542117 0.199481 0.104615 0.972792
154.000000 0.235598 -0.0272968 -0.0654023 0.0547228 0.195919 0.103001 0.973659
155.000000 0.23099 -0.0281515 -0.0627059 0.0544363 0.192519 0.101327 0.974529
156.000000 0.226742 -0.030145 -0.0609523 0.054039 0.188724 0.0995929 0.975471
157.000000 0.223921 -0.0313231 -0.0593686 0.0541001 0.184554 0.0975667 0.97647
158.000000 0.220074 -0.0314513 -0.0575901 0.0541109 0.180945 0.0956617 0.977333
159.000000 0.217006 -0.0326378 -0.0560012 0.0534774 0.177141 0.093979 0.978228
160.000000 0.214028 -0.0337977 -0.0546612 0.0530062 0.17354 0.0922299 0.979065
161.000000 0.209576 -0.033174 -0.053032 0.0530057 0.170429 0.0901764 0.979802
162.000000 0.205403 -0.0325393 -0.0511037 0.0525919 0.166841 0.0885023 0.980594
163.000000 0.202279 -0.0313577 -0.0494471 0.0521175 0.162419 0.0870436 0.981492
164.000000 0.197937 -0.0345832 -0.0475855 0.0514321 0.157846 0.0857364 0.982389
165.000000 0.192298 -0.0332604 -0.044963 0.0516754 0.153372 0.0838057 0.983251
166.000000 0.188077 -0.0330168 -0.0428593 0.0511042 0.148743 0.0817901 0.984162
167.000000 0.184275 -0.0353927 -0.0410329 0.0509019 0.144506 0.0801053 0.984942
168.000000 0.180421 -0.0341889 -0.039299 0.0514319 0.140326 0.0775328 0.985724
169.000000 0.176572 -0.033139 -0.0378737 0.0511734 0.136194 0.0754447 0.986479
170.000000 0.174126 -0.0357693 -0.036994 0.0504714 0.131611 0.0735287 0.987281
171.000000 0.171965 -0.0367475 -0.0359872 0.0504327 0.127002 0.0714271 0.988041
172.000000 0.171241 -0.036288 -0.0356057 0.0505116 0.121778 0.0692338 0.988851
173.000000 0.16999 -0.034456 -0.0341794 0.0505819 0.116783 0.0669347 0.989607
174.000000 0.169879 -0.0353935 -0.033837 0.0498726 0.111801 0.0644289 0.990385
175.000000 0.169824 -0.0367451 -0.0339273 0.0491975 0.106396 0.0625642 0.991133
176.000000 0.167425 -0.0387027 -0.0330563 0.0486117 0.101931 0.0599891 0.99179
177.000000 0.165156 -0.0390525 -0.0325662 0.0482852 0.0973049 0.0574154 0.992423
178.000000 0.163587 -0.0374153 -0.0318881 0.048048 0.0919761 0.0545694 0.993103
179.000000 0.162466 -0.0389649 -0.0316434 0.047274 0.0870068 0.0521768 0.993717
180.000000 0.15972 -0.0392054 -0.0309682 0.0469111 0.0819673 0.0507452 0.994236
181.000000 0.159434 -0.0404525 -0.0310047 0.0464621 0.0769635 0.049208 0.994734
182.000000 0.154907 -0.041136 -0.0298074 0.0463638 0.0728888 0.0478609 0.995112
183.000000 0.153179 -0.0398981 -0.0295077 0.0463959 0.0682516 0.0460792 0.995523
184.000000 0.148138 -0.0403181 -0.0291122 0.0465742 0.0640512 0.0446715 0.995858
185.000000 0.148061 -0.0400027 -0.0286323 0.0466242 0.0587865 0.0426525 0.996269
186.000000 0.145556 -0.0383233 -0.0284062 0.0469271 0.0540174 0.0405032 0.996614
187.000000 0.142735 -0.0374822 -0.0274652 0.0472216 0.0498563 0.0383891 0.996901
188.000000 0.140302 -0.0388797 -0.026703 0.0470935 0.0451669 0.0359068 0.997223
189.000000 0.137594 -0.0372516 -0.0259618 0.0472003 0.0405296 0.0330943 0.997514
190.000000 0.1361 -0.0393668 -0.025776 0.0464921 0.036388 0.0305057 0.997789
191.000000 0.133415 -0.0389906 -0.0254777 0.0465971 0.0322694 0.0282216 0.997993
192.000000 0.131824 -0.0396568 -0.0249818 0.0462377 0.0274612 0.0257169 0.998222
193.000000 0.129307 -0.0380765 -0.0252677 0.0458636 0.0226745 0.0238182 0.998406
194.000000 0.129818 -0.0401621 -0.0252248 0.0452659 0.0175181 0.0221483 0.998576
195.000000 0.126065 -0.0394912 -0.0253149 0.0454223 0.0127537 0.0207668 0.998671
196.000000 0.129982 -0.0401454 -0.025028 0.0448486 0.00767559 0.0187358 0.998789
197.000000 0.127648 -0.0406221 -0.0250051 0.0443046 0.00304961 0.0167945 0.998872
198.000000 0.132448 -0.0418613 -0.024645 0.0435095 -0.00217985 0.014494 0.998945
199.000000 0.131064 -0.0431344 -0.0247284 0.0429237 -0.00653861 0.0123595 0.99898
200.000000 0.133121 -0.0435901 -0.0244283 0.0426231 -0.0110995 0.0102106 0.998977
201.000000 0.131074 -0.0433748 -0.0243644 0.0421892 -0.0154723 0.00851371 0.998954
202.000000 0.12781 -0.0446277 -0.0239988 0.0414195 -0.0197528 0.00723947 0.99892
203.000000 0.126692 -0.0468466 -0.0233768 0.0407878 -0.0241814 0.00658489 0.998853
204.000000 0.124417 -0.0451946 -0.0227341 0.0411432 -0.0287666 0.00569007 0.998723
205.000000 0.121799 -0.0426875 -0.0212331 0.0413208 -0.0331137 0.00444013 0.998587
206.000000 0.120068 -0.044281 -0.0203876 0.040554 -0.0373433 0.00283207 0.998475
207.000000 0.120403 -0.0415043 -0.0185487 0.0409219 -0.0421923 0.000659502 0.998271
208.000000 0.118578 -0.04345 -0.0179821 0.0398202 -0.0467021 -0.00142416 0.998114
209.000000 0.115628 -0.0470285 -0.0173241 0.0389627 -0.0509579 -0.00355114 0.997934
210.000000 0.113624 -0.047869 -0.0164904 0.0392596 -0.0555979 -0.00602737 0.997663
211.000000 0.113971 -0.0446343 -0.0144568 0.039676 -0.0610325 -0.00840807 0.997311
212.000000 0.109989 -0.0460438 -0.0136802 0.0389548 -0.0653647 -0.0104894 0.997046
213.000000 0.109004 -0.0462729 -0.0122239 0.0384124 -0.0705364 -0.0126351 0.996689
214.000000 0.107326 -0.0442171 -0.0109297 0.037661 -0.0757874 -0.0151947 0.996297
215.000000 0.109981 -0.0484585 -0.00855822 0.0363324 -0.0819985 -0.0173822 0.995818
216.000000 0.109805 -0.049787 -0.00716063 0.036179 -0.0875702 -0.0192587 0.995315
217.000000 0.112258 -0.049014 -0.00486326 0.0362865 -0.0940157 -0.0212814 0.994682
218.000000 0.114383 -0.0482546 -0.00136923 0.0365326 -0.100494 -0.0236731 0.993985
219.000000 0.114789 -0.0462893 0.00200436 0.0368017 -0.106486 -0.0257898 0.993298
220.000000 0.116381 -0.0467488 0.00430199 0.0363393 -0.112636 -0.0282108 0.992571
221.000000 0.115106 -0.0487637 0.00602128 0.0358773 -0.117908 -0.0306837 0.991902
222.000000 0.113969 -0.0476653 0.00799227 0.0361978 -0.122798 -0.033327 0.991211
223.000000 0.110199 -0.0474085 0.00905138 0.0357857 -0.126971 -0.0355909 0.990622
224.000000 0.0683103 -0.0417891 -0.00560659 0.0355273 -0.122314 -0.0396289 0.991063
225.000000 0.0630987 -0.0451007 -0.00647214 0.034345 -0.126352 -0.0416133 0.990517
226.000000 0.0597862 -0.0438479 -0.0059377 0.0342884 -0.13066 -0.0435714 0.989876
227.000000 0.0560719 -0.0439854 -0.00580271 0.0336526 -0.134912 -0.0455837 0.989236
228.000000 0.0516091 -0.0434848 -0.00607693 0.0334207 -0.139084 -0.0475323 0.988574
229.000000 0.0468701 -0.043854 -0.00602707 0.0326476 -0.143045 -0.0495878 0.987934
230.000000 0.043054 -0.043451 -0.00657001 0.0322352 -0.14729 -0.0515071 0.987225
231.000000 0.0393812 -0.042785 -0.00623374 0.0321822 -0.151436 -0.0534364 0.986497
232.000000 0.0366907 -0.0437318 -0.00703976 0.0316027 -0.155582 -0.0555393 0.985754
233.000000 0.0324708 -0.0440045 -0.00772463 0.0314677 -0.159223 -0.0573816 0.985071
234.000000 0.0298967 -0.0431167 -0.00784116 0.0314134 -0.163581 -0.0596373 0.984225
235.000000 0.0272835 -0.0420217 -0.00814377 0.0313465 -0.1677 -0.0622359 0.983372
236.000000 0.0244159 -0.0392697 -0.00858477 0.0316244 -0.171504 -0.0646808 0.982549
237.000000 0.0208154 -0.035257 -0.00888409 0.0318683 -0.17514 -0.06702 0.981743
238.000000 0.0185477 -0.0356663 -0.00932026 0.0311736 -0.179296 -0.0691499 0.980867
239.000000 0.0157214 -0.0294556 -0.00825607 0.0316624 -0.188441 -0.0734259 0.978824
240.000000 0.0131639 -0.0295202 -0.00915851 0.0305989 -0.192958 -0.0752207 0.977841
241.000000 0.012118 -0.0271594 -0.0086613 0.030565 -0.197829 -0.077334 0.976703
242.000000 0.0102161 -0.0245479 -0.00897017 0.030369 -0.202345 -0.0794967 0.97561
243.000000 0.00866271 -0.0238788 -0.00859804 0.0298332 -0.206983 -0.0815502 0.974483
244.000000 0.00678016 -0.0246785 -0.00882745 0.0289464 -0.21161 -0.0833282 0.973365
245.000000 0.00480068 -0.0235207 -0.00881565 0.0283181 -0.216189 -0.085229 0.972212
246.000000 0.00166492 -0.0228295 -0.00971976 0.0279533 -0.220203 -0.0871805 0.971148
247.000000 -0.00158804 -0.0195146 -0.0101669 0.0279295 -0.224031 -0.0888471 0.970122
248.000000 -0.0056174 -0.016413 -0.012012 0.0270314 -0.227288 -0.0906657 0.969221
249.000000 -0.00845881 -0.016716 -0.0127161 0.0258632 -0.23085 -0.0922557 0.96826
250.000000 -0.0116995 -0.0141422 -0.0138204 0.0253529 -0.234047 -0.0940086 0.967337
251.000000 -0.0152881 -0.0120488 -0.0151688 0.0241731 -0.236946 -0.0959314 0.966473
252.000000 -0.0180749 -0.0114927 -0.0160608 0.0229462 -0.240142 -0.0976116 0.965545
253.000000 -0.020678 -0.00963274 -0.0165342 0.022221 -0.243319 -0.0992666 0.964597
254.000000 -0.0234316 -0.0085967 -0.0177239 0.021174 -0.246399 -0.100817 0.963678
255.000000 -0.0258133 -0.00746477 -0.0181377 0.0204034 -0.249613 -0.102516 0.962688
256.000000 -0.0304102 -0.00382022 -0.0193097 0.0197188 -0.255166 -0.106242 0.96084
257.000000 -0.0329352 -0.00298625 -0.0207351 0.0187447 -0.257768 -0.108037 0.959965
258.000000 -0.0348448 -0.00184422 -0.0216404 0.0181555 -0.260745 -0.109483 0.959008
259.000000 -0.0368117 -0.000376059 -0.0223878 0.0176163 -0.263943 -0.110837 0.957987
260.000000 -0.0385953 0.00114782 -0.023423 0.0169494 -0.267431 -0.111914 0.956906
261.000000 -0.0407893 0.00291569 -0.0243839 0.0163649 -0.271214 -0.112976 0.955726
262.000000 -0.0429188 0.00404094 -0.0255213 0.01538 -0.274924 -0.114081 0.95455
263.000000 -0.0445567 0.0053415 -0.0259803 0.01487 -0.278826 -0.115216 0.953289
264.000000 -0.0474785 0.00711904 -0.0282502 0.0142482 -0.282219 -0.116397 0.952156
265.000000 -0.0504054 0.00934548 -0.0299593 0.0135295 -0.285448 -0.117814 0.951029
266.000000 -0.0527414 0.010103 -0.0314234 0.0128534 -0.289008 -0.119571 0.949743
267.000000 -0.0552828 0.0118069 -0.0331488 0.0125555 -0.292476 -0.12139 0.948454
268.000000 -0.0576433 0.013613 -0.0347642 0.0119406 -0.29582 -0.123359 0.94717
269.000000 -0.0603555 0.0153663 -0.0372656 0.0110999 -0.299 -0.125204 0.945939
270.000000 -0.0626992 0.0171514 -0.0390426 0.0103988 -0.302276 -0.127011 0.944664
271.000000 -0.0651016 0.0188215 -0.0411002 0.00960998 -0.305246 -0.129106 0.943432
272.000000 -0.0677283 0.0205629 -0.0433962 0.00894876 -0.307908 -0.131159 0.94229
273.000000 -0.0696035 0.0220584 -0.0448332 0.00851516 -0.310885 -0.133069 0.941048
274.000000 -0.0717378 0.0240603 -0.0465474 0.00772754 -0.313739 -0.13495 0.939839
275.000000 -0.0736562 0.0245267 -0.0483403 0.00681695 -0.316624 -0.136609 0.938638
276.000000 -0.0816426 0.0318698 -0.0553349 0.00355333 -0.328275 -0.142693 0.933735
277.000000 -0.0835057 0.0338694 -0.0570394 0.00272377 -0.330792 -0.144151 0.932625
278.000000 -0.0849506 0.0362137 -0.057909 0.00217671 -0.333463 -0.145348 0.931489
279.000000 -0.086002 0.0371195 -0.0585114 0.0013361 -0.336481 -0.146742 0.930186
280.000000 -0.0872627 0.0393286 -0.0595051 0.000353936 -0.339209 -0.148362 0.928938
281.000000 -0.0885624 0.0398832 -0.0607873 -0.00058808 -0.341811 -0.149971 0.927725
282.000000 -0.089483 0.0423288 -0.0616559 -0.000855383 -0.34443 -0.151336 0.926534
283.000000 -0.090682 0.043654 -0.0627311 -0.0017552 -0.346672 -0.153146 0.925398
284.000000 -0.091748 0.0455633 -0.0639321 -0.00254034 -0.348617 -0.154655 0.924414
285.000000 -0.092564 0.0478261 -0.0648204 -0.00329246 -0.350459 -0.155861 0.923512
286.000000 -0.093252 0.0492697 -0.0655347 -0.00404154 -0.352307 -0.156888 0.922632
287.000000 -0.0943469 0.0514884 -0.0668537 -0.00472889 -0.354049 -0.157652 0.921831
288.000000 -0.0946763 0.0537872 -0.0673949 -0.00582877 -0.355862 -0.158728 0.920942
289.000000 -0.0953153 0.0547157 -0.0679675 -0.00714361 -0.357494 -0.159848 0.920106
290.000000 -0.0956189 0.0564299 -0.0682857 -0.00823497 -0.359051 -0.16049 0.919379
291.000000 -0.0964157 0.058561 -0.0695887 -0.00948767 -0.360173 -0.160862 0.918863
292.000000 -0.0966304 0.0604068 -0.0699199 -0.0105702 -0.361595 -0.161021 0.918264
293.000000 -0.0968182 0.0613676 -0.0705909 -0.0118303 -0.362806 -0.161471 0.917692
294.000000 -0.0969077 0.0662775 -0.0709331 -0.0137202 -0.365148 -0.162435 0.916566
295.000000 -0.0968752 0.0683767 -0.0710364 -0.0153997 -0.366262 -0.163217 0.915956
296.000000 -0.0973164 0.0693092 -0.0719181 -0.0169934 -0.36738 -0.164313 0.915284
297.000000 -0.0984849 0.0731479 -0.0740206 -0.0190898 -0.369501 -0.166747 0.913947
298.000000 -0.0992132 0.0746198 -0.0752072 -0.019713 -0.370621 -0.168341 0.913188
299.000000 -0.0995202 0.0764827 -0.0757581 -0.0201887 -0.371864 -0.170187 0.91233
300.000000 -0.100255 0.0784158 -0.0769302 -0.0211891 -0.372938 -0.171898 0.911548
301.000000 -0.102434 0.0816959 -0.0803675 -0.0233676 -0.376342 -0.174463 0.909606
302.000000 -0.103745 0.083385 -0.0823191 -0.0244128 -0.378814 -0.175508 0.908351
303.000000 -0.105243 0.0853506 -0.0848509 -0.0248866 -0.381621 -0.176632 0.906944
304.000000 -0.106527 0.0862952 -0.0867261 -0.0254969 -0.38457 -0.177953 0.905422
305.000000 -0.10727 0.0885539 -0.0883716 -0.0259574 -0.387507 -0.179488 0.903852
306.000000 -0.108696 0.0902807 -0.0904969 -0.0267803 -0.390475 -0.181422 0.902163
307.000000 -0.1103 0.0918917 -0.0931094 -0.0276445 -0.393542 -0.183427 0.900397
308.000000 -0.111964 0.0937203 -0.0961844 -0.0281881 -0.396774 -0.184936 0.898651
309.000000 -0.113624 0.0953087 -0.0993386 -0.0285291 -0.39997 -0.186451 0.896909
310.000000 -0.114886 0.0964882 -0.102141 -0.028761 -0.403261 -0.187946 0.895115
311.000000 -0.116171 0.0975351 -0.104833 -0.0286352 -0.406552 -0.189159 0.893372
312.000000 -0.117456 0.0989952 -0.107432 -0.0283684 -0.409867 -0.190314 0.891619
313.000000 -0.118484 0.100227 -0.109611 -0.0280838 -0.41312 -0.191694 0.88983
314.000000 -0.119888 0.101083 -0.112166 -0.0276684 -0.416057 -0.19319 0.888149
315.000000 -0.121146 0.102233 -0.114716 -0.0272151 -0.418824 -0.194534 0.886567
316.000000 -0.12239 0.103033 -0.117391 -0.0265606 -0.421832 -0.195525 0.884942
317.000000 -0.12369 0.103728 -0.119948 -0.0257013 -0.424985 -0.196233 0.8833
318.000000 -0.125974 0.105183 -0.124821 -0.024023 -0.430987 -0.197873 0.880068
319.000000 -0.126843 0.105992 -0.126935 -0.0230055 -0.433895 -0.198715 0.878475
320.000000 -0.128154 0.106072 -0.129362 -0.022236 -0.436618 -0.1996 0.876944
321.000000 -0.12952 0.106691 -0.131594 -0.0212055 -0.439163 -0.20032 0.875533
322.000000 -0.130536 0.106941 -0.133415 -0.020605 -0.441806 -0.201115 0.874034
323.000000 -0.131858 0.10687 -0.135732 -0.0201039 -0.44408 -0.201982 0.872692
324.000000 -0.13305 0.106604 -0.137773 -0.0195712 -0.446179 -0.202343 0.87155
325.000000 -0.134452 0.106375 -0.139938 -0.0185782 -0.448216 -0.202181 0.870563
326.000000 -0.135734 0.105274 -0.141895 -0.017875 -0.45018 -0.201954 0.869616
327.000000 -0.137113 0.104038 -0.143992 -0.0168402 -0.451609 -0.201739 0.868946
328.000000 -0.13831 0.102298 -0.14577 -0.0153371 -0.452671 -0.201215 0.868543
329.000000 -0.139615 0.100468 -0.147414 -0.0137932 -0.453347 -0.200631 0.868351
330.000000 -0.140764 0.0982519 -0.148998 -0.0118483 -0.453711 -0.19989 0.86836
331.000000 -0.142008 0.0958991 -0.150211 -0.00980932 -0.453766 -0.199256 0.868503
332.000000 -0.143299 0.0931194 -0.151617 -0.00806545 -0.453597 -0.198299 0.868828
333.000000 -0.145561 0.0872941 -0.153716 -0.00349018 -0.453679 -0.19626 0.869279
334.000000 -0.146438 0.0842186 -0.154476 -0.000954388 -0.453422 -0.195268 0.869642
335.000000 -0.147476 0.0812115 -0.155097 0.0018058 -0.453079 -0.194279 0.870041
336.000000 -0.148384 0.0786238 -0.155547 0.00409157 -0.452547 -0.193222 0.870546
337.000000 -0.149185 0.0764411 -0.155988 0.00641538 -0.452255 -0.191734 0.871012
338.000000 -0.15026 0.0737223 -0.156435 0.00861697 -0.452003 -0.189967 0.871511
339.000000 -0.151052 0.0714 -0.156338 0.0101288 -0.451762 -0.188476 0.871943
340.000000 -0.151869 0.0687188 -0.156345 0.0118996 -0.451741 -0.187192 0.872208
341.000000 -0.153097 0.0656588 -0.156869 0.0138857 -0.451205 -0.185939 0.872725
342.000000 -0.153973 0.0632609 -0.156992 0.0156442 -0.450517 -0.184207 0.873417
343.000000 -0.154699 0.0604534 -0.157134 0.0176475 -0.450028 -0.182373 0.874016
344.000000 -0.156323 0.0547599 -0.15714 0.0219078 -0.449113 -0.178241 0.875241
345.000000 -0.156962 0.052232 -0.157226 0.0237544 -0.44864 -0.176415 0.875806
346.000000 -0.157866 0.0494439 -0.157413 0.0261823 -0.44826 -0.174895 0.876236
347.000000 -0.158703 0.0462829 -0.157529 0.0282993 -0.447653 -0.173947 0.876669
348.000000 -0.159509 0.0426116 -0.157668 0.0300464 -0.44685 -0.173631 0.877083
349.000000 -0.160297 0.0398547 -0.157736 0.0324609 -0.445892 -0.172728 0.877663
350.000000 -0.161007 0.0365359 -0.157642 0.0346067 -0.445036 -0.171353 0.878285
351.000000 -0.161728 0.0334831 -0.157467 0.0369245 -0.444187 -0.169912 0.8789
352.000000 -0.162394 0.0300038 -0.157108 0.0393733 -0.44328 -0.168144 0.879591
353.000000 -0.162872 0.0268697 -0.156683 0.0410317 -0.442476 -0.165915 0.880343
354.000000 -0.163382 0.0238881 -0.156243 0.0418701 -0.441635 -0.163792 0.881123
355.000000 -0.163916 0.0205476 -0.156038 0.042884 -0.440608 -0.162059 0.881909
356.000000 -0.164348 0.0175136 -0.155418 0.0439739 -0.439379 -0.160424 0.882767
357.000000 -0.164762 0.0150061 -0.154678 0.0455203 -0.437904 -0.15874 0.883725
358.000000 -0.165066 0.0121176 -0.153965 0.0471803 -0.436259 -0.157069 0.884749
359.000000 -0.165226 0.00919995 -0.153379 0.0483718 -0.434464 -0.155526 0.885841
360.000000 -0.165378 0.00643673 -0.152376 0.0494505 -0.432515 -0.154157 0.886973
361.000000 -0.165405 0.00392213 -0.151522 0.0512155 -0.430621 -0.15243 0.888092
362.000000 -0.165364 0.0020157 -0.150656 0.05333 -0.428601 -0.150783 0.889225
363.000000 -0.165447 -0.000767015 -0.149962 0.0550734 -0.426315 -0.149109 0.890499
364.000000 -0.165356 -0.00249774 -0.149088 0.0573292 -0.423985 -0.147342 0.891762
365.000000 -0.164595 -0.00872728 -0.147071 0.0605465 -0.419455 -0.143678 0.894287
366.000000 -0.164117 -0.0116997 -0.146109 0.0620024 -0.416715 -0.141593 0.895799
367.000000 -0.163245 -0.0144866 -0.144312 0.0631334 -0.413971 -0.139634 0.897298
368.000000 -0.161644 -0.0217511 -0.141333 0.0646691 -0.40643 -0.137231 0.901
369.000000 -0.160172 -0.0253298 -0.138718 0.0653302 -0.402166 -0.135254 0.903162
370.000000 -0.15891 -0.0277251 -0.136362 0.0656936 -0.397732 -0.133593 0.905343
371.000000 -0.157787 -0.0298292 -0.133768 0.0658097 -0.39353 -0.132041 0.907396
372.000000 -0.156282 -0.0327739 -0.130839 0.0659701 -0.389369 -0.130624 0.909383
373.000000 -0.154754 -0.0358962 -0.128352 0.0656702 -0.384672 -0.129392 0.911577
374.000000 -0.153164 -0.0387436 -0.125379 0.0655254 -0.379682 -0.128011 0.913872
375.000000 -0.151532 -0.0410277 -0.122632 0.066225 -0.374767 -0.126043 0.916121
376.000000 -0.149599 -0.0432494 -0.119885 0.0672672 -0.370245 -0.123689 0.918202
377.000000 -0.147665 -0.0461453 -0.117566 0.0674245 -0.365895 -0.121626 0.920207
378.000000 -0.145458 -0.0486594 -0.114957 0.0679803 -0.361354 -0.120059 0.922165
379.000000 -0.14328 -0.0504824 -0.11241 0.0687309 -0.356633 -0.118109 0.924196
380.000000 -0.14123 -0.0522439 -0.110505 0.0696825 -0.352148 -0.116193 0.926086
381.000000 -0.139022 -0.0536939 -0.108319 0.0699241 -0.347511 -0.114658 0.928009
382.000000 -0.136985 -0.0553894 -0.106317 0.0706887 -0.342748 -0.113078 0.929914
383.000000 -0.134859 -0.0566085 -0.104283 0.0710892 -0.338218 -0.110755 0.93182
384.000000 -0.132349 -0.0570088 -0.102119 0.0713491 -0.333749 -0.108898 0.933628
385.000000 -0.130092 -0.0591245 -0.100191 0.0716631 -0.329197 -0.107178 0.935418
386.000000 -0.127298 -0.0600247 -0.0975683 0.0725609 -0.324385 -0.105371 0.937233
387.000000 -0.124342 -0.0607537 -0.0950952 0.07337 -0.319393 -0.103245 0.93912
388.000000 -0.122112 -0.0622311 -0.0933111 0.0733845 -0.314463 -0.101354 0.940986
389.000000 -0.118978 -0.0624387 -0.0901929 0.0735277 -0.309929 -0.0999316 0.94263
390.000000 -0.11662 -0.0632208 -0.0880051 0.0735586 -0.305196 -0.0982786 0.944344
391.000000 -0.113457 -0.0629681 -0.0852612 0.0730497 -0.300762 -0.0965768 0.94598
392.000000 -0.11094 -0.0633231 -0.0832133 0.0722209 -0.296201 -0.0949192 0.947649
393.000000 -0.108074 -0.0646999 -0.0812889 0.0717018 -0.291751 -0.0930453 0.949254
394.000000 -0.105299 -0.0646694 -0.0793964 0.0718973 -0.287223 -0.0910828 0.950809
395.000000 -0.10223 -0.0654361 -0.0776368 0.0718361 -0.282636 -0.0896096 0.952327
396.000000 -0.0988212 -0.0669114 -0.0752842 0.0716446 -0.277933 -0.0883264 0.953844
397.000000 -0.0975077 -0.0675827 -0.0754425 0.0715035 -0.272425 -0.086805 0.955582
398.000000 -0.0939689 -0.0685042 -0.0733109 0.0711326 -0.267698 -0.0852918 0.957081
399.000000 -0.0923061 -0.0677607 -0.0726156 0.0709852 -0.262477 -0.083736 0.958674
400.000000 -0.0903173 -0.067098 -0.0712601 0.0709603 -0.257316 -0.0826313 0.960169
401.000000 -0.0882044 -0.0672287 -0.070128 0.0706872 -0.251971 -0.081266 0.961722
402.000000 -0.086696 -0.0654882 -0.0694121 0.0706676 -0.246373 -0.0794725 0.963323
403.000000 -0.0848231 -0.0654241 -0.0688025 0.0699817 -0.241114 -0.0774371 0.964868
404.000000 -0.0823034 -0.0667551 -0.0679218 0.069325 -0.236378 -0.0755975 0.966232
405.000000 -0.079957 -0.0669694 -0.0665813 0.0692363 -0.23154 -0.0739498 0.967537
406.000000 -0.0769531 -0.0669912 -0.0652042 0.0686688 -0.226795 -0.0719174 0.968853
407.000000 -0.0742921 -0.0672931 -0.0642004 0.0674992 -0.222165 -0.0699833 0.970149
408.000000 -0.0710078 -0.067441 -0.062392 0.0666776 -0.217731 -0.068684 0.971303
409.000000 -0.0678907 -0.0667397 -0.0605904 0.0660032 -0.213217 -0.0667888 0.972482
410.000000 -0.0647206 -0.0650463 -0.0587953 0.0648926 -0.208839 -0.0646247 0.973652
411.000000 -0.0628527 -0.0649216 -0.0577142 0.0636569 -0.204219 -0.0627189 0.974838
412.000000 -0.059864 -0.063269 -0.0557287 0.0628974 -0.200078 -0.060723 0.975872
413.000000 -0.0578103 -0.0633728 -0.0548229 0.0614031 -0.195535 -0.0593222 0.976973
414.000000 -0.0556445 -0.0638974 -0.0539764 0.0604796 -0.19092 -0.0580881 0.978017
415.000000 -0.0543236 -0.0640393 -0.0533869 0.0598482 -0.185975 -0.0570538 0.979069
416.000000 -0.0519168 -0.0645685 -0.0523543 0.0591667 -0.181512 -0.0557647 0.980022
417.000000 -0.0513469 -0.0634148 -0.05212 0.0588694 -0.176659 -0.0544849 0.980998
418.000000 -0.0488293 -0.0626499 -0.0510507 0.0583015 -0.172482 -0.0530463 0.981854
419.000000 -0.0471008 -0.0610322 -0.0495499 0.0574335 -0.168187 -0.0513771 0.982738
420.000000 -0.044908 -0.0592592 -0.0479337 0.0562314 -0.16436 -0.0496339 0.983545
421.000000 -0.0433142 -0.059806 -0.0471941 0.0548836 -0.160283 -0.0481651 0.984366
422.000000 -0.041197 -0.0587271 -0.0460985 0.0539203 -0.15605 -0.0466085 0.985174
423.000000 -0.038443 -0.0574364 -0.0449307 0.052549 -0.151782 -0.0453869 0.985972
424.000000 -0.0360299 -0.0572451 -0.0427812 0.0513428 -0.147673 -0.0433455 0.986751
425.000000 -0.0336652 -0.0531812 -0.0412113 0.0507268 -0.143845 -0.0418172 0.987414
426.000000 -0.0307353 -0.0523451 -0.0403042 0.0490476 -0.140246 -0.0403289 0.988078
427.000000 -0.0278054 -0.051895 -0.0389488 0.04787 -0.136793 -0.0388768 0.988678
428.000000 -0.0254258 -0.0512754 -0.0378448 0.0470888 -0.133086 -0.0374498 0.989277
429.000000 -0.0230044 -0.0536284 -0.0372842 0.0465108 -0.129275 -0.0361706 0.989857
430.000000 -0.0205502 -0.0534028 -0.0369164 0.0467146 -0.125171 -0.0346977 0.990427
431.000000 -0.0179852 -0.0485825 -0.0355644 0.0473082 -0.120897 -0.0328289 0.990993
432.000000 -0.0168161 -0.0444254 -0.033766 0.0467972 -0.116407 -0.0304895 0.99163
433.000000 -0.0141285 -0.0421844 -0.032164 0.0456834 -0.112608 -0.0285075 0.992179
434.000000 -0.0118609 -0.0386914 -0.0311594 0.0447885 -0.108508 -0.0264959 0.992733
435.000000 -0.0106714 -0.0369002 -0.030009 0.0434248 -0.10391 -0.0247972 0.993329
436.000000 -0.0101128 -0.0361027 -0.0296194 0.0420724 -0.0989163 -0.0232659 0.993934
437.000000 -0.00999772 -0.0356994 -0.0283668 0.0411351 -0.0939302 -0.020816 0.994511
438.000000 -0.0104529 -0.0345682 -0.0275987 0.040152 -0.0892173 -0.0185973 0.995029
439.000000 -0.0120493 -0.0340144 -0.027244 0.0392269 -0.0839552 -0.0166332 0.995558
440.000000 -0.0133897 -0.0333023 -0.0261325 0.038192 -0.078564 -0.0142723 0.996075
441.000000 -0.0228462 -0.0299457 -0.0259386 0.0357795 -0.0668159 -0.00974328 0.997076
442.000000 -0.026915 -0.0304463 -0.0260779 0.0341036 -0.0613046 -0.00754283 0.997508
443.000000 -0.0293267 -0.0302858 -0.0254001 0.0331542 -0.0565504 -0.00549055 0.997834
444.000000 -0.0311429 -0.0261307 -0.024655 0.0330969 -0.0525111 -0.00338481 0.998066
445.000000 -0.0329719 -0.0240624 -0.023801 0.0326915 -0.0484251 -0.00118115 0.998291
446.000000 -0.0318821 -0.0196164 -0.022192 0.0320928 -0.0450226 0.000571294 0.99847
447.000000 -0.0310678 -0.0167372 -0.0209774 0.0307294 -0.041683 0.00180805 0.998657
448.000000 -0.0329918 -0.0138045 -0.0187909 0.0291119 -0.0376774 0.00299356 0.998861
449.000000 -0.0321463 -0.0104946 -0.0171829 0.0273768 -0.0341638 0.00385254 0.999034
450.000000 -0.0318562 -0.00975716 -0.0141805 0.0253527 -0.0307678 0.00514026 0.999192
451.000000 -0.0315831 -0.00737576 -0.0110837 0.023196 -0.0277781 0.00657066 0.999323
452.000000 -0.0307235 -0.00625729 -0.00787573 0.0209033 -0.0251733 0.00765297 0.999435
453.000000 -0.030172 -0.00523 -0.00388122 0.0187448 -0.0226378 0.0085458 0.999531
454.000000 -0.0285353 -0.00365557 -1.44396e-05 0.0165886 -0.0204246 0.0090615 0.999613
455.000000 -0.027441 -0.00250493 0.00499005 0.0144104 -0.0185525 0.0102429 0.999672
456.000000 -0.0272926 -0.00549426 0.00967709 0.0119254 -0.0169176 0.0115746 0.999719
457.000000 -0.0261612 -0.00622656 0.015909 0.010638 -0.0157447 0.0125896 0.99974
458.000000 -0.0238092 -0.00634488 0.0220208 0.00904933 -0.0147453 0.0130852 0.999765
459.000000 -0.0223612 -0.0100528 0.0285461 0.00742958 -0.0135968 0.0136837 0.999786
460.000000 -0.0215904 -0.00977744 0.0357881 0.00687633 -0.0125725 0.0141634 0.999797
461.000000 -0.0180978 -0.0103261 0.0434521 0.00577506 -0.0117975 0.0145137 0.999808
462.000000 -0.0174896 -0.0125464 0.0515286 0.00425934 -0.0100145 0.0152822 0.999824
463.000000 -0.0165237 -0.0145883 0.0606202 0.00319597 -0.00860481 0.0160449 0.999829
464.000000 -0.0121498 -0.0209576 0.0801854 0.000340415 -0.0075703 0.0169138 0.999828
465.000000 -0.00895028 -0.0252702 0.0905227 -0.000337177 -0.00760264 0.0174884 0.999818
466.000000 -0.00642239 -0.0258197 0.101517 -0.000688311 -0.00754156 0.0178331 0.999812
467.000000 -0.00466146 -0.0305635 0.112672 -0.00202457 -0.00695989 0.0185325 0.999802
468.000000 -0.00264518 -0.034095 0.124174 -0.00278261 -0.00617158 0.0195238 0.999787
469.000000 -0.000978975 -0.0388631 0.136057 -0.00350724 -0.00551659 0.0208834 0.999761
470.000000 0.000472051 -0.044597 0.148467 -0.00441861 -0.00566632 0.0222502 0.999727
471.000000 0.00385883 -0.0508103 0.160285 -0.00546907 -0.00669282 0.0226754 0.999706
472.000000 0.00675853 -0.0587134 0.172173 -0.00618665 -0.00715995 0.0224983 0.999702
473.000000 0.00966825 -0.064514 0.183501 -0.00609927 -0.00806049 0.0215829 0.999716
474.000000 0.013214 -0.069354 0.196193 -0.00582322 -0.00903947 0.0203436 0.999735
475.000000 0.0163787 -0.0720794 0.208226 -0.00594877 -0.00917093 0.019247 0.999755
476.000000 0.0179823 -0.0787565 0.22004 -0.00721737 -0.00890868 0.0185132 0.999763
477.000000 0.0217359 -0.0861302 0.23123 -0.00815435 -0.00924889 0.0177912 0.999766
478.000000 0.0252784 -0.0897779 0.24302 -0.00816261 -0.0101461 0.0167866 0.999774
479.000000 0.0288224 -0.0941257 0.254278 -0.00927819 -0.0113682 0.0155902 0.999771
480.000000 0.029918 -0.10424 0.264583 -0.0104893 -0.0122477 0.0150072 0.999757
481.000000 0.0337338 -0.108599 0.276181 -0.00927163 -0.0138384 0.0132794 0.999773
482.000000 0.0363204 -0.109226 0.287702 -0.0083653 -0.0145949 0.0113496 0.999794
483.000000 0.0398244 -0.110399 0.298866 -0.00911288 -0.015114 0.00960037 0.999798
484.000000 0.0418773 -0.113901 0.31005 -0.0112713 -0.0150281 0.0088211 0.999785
485.000000 0.0449576 -0.120743 0.320192 -0.0136967 -0.0150671 0.00877969 0.999754
486.000000 0.0455243 -0.125254 0.33192 -0.014829 -0.0149092 0.00900407 0.999738
487.000000 0.0474611 -0.127617 0.343001 -0.0166842 -0.0152338 0.00925135 0.999702
488.000000 0.0481145 -0.135263 0.35361 -0.0189119 -0.0154163 0.00962092 0.999656
489.000000 0.0484984 -0.140633 0.364387 -0.0196314 -0.0155023 0.0100342 0.999637
490.000000 0.0513555 -0.146745 0.374685 -0.0199619 -0.0155563 0.0102881 0.999627
491.000000 0.0516738 -0.151101 0.384964 -0.0194237 -0.0144759 0.0101961 0.999655
492.000000 0.0521506 -0.153607 0.395896 -0.0188522 -0.0132074 0.0104551 0.99968
493.000000 0.0524312 -0.154703 0.407133 -0.0188194 -0.0121537 0.010532 0.999694
494.000000 0.0531171 -0.159434 0.418293 -0.0204163 -0.0114669 0.0110414 0.999665
495.000000 0.0532171 -0.166128 0.428794 -0.021788 -0.0108743 0.0116948 0.999635
496.000000 0.0531165 -0.172313 0.439816 -0.0221322 -0.0101757 0.012445 0.999626
497.000000 0.0518676 -0.179125 0.450569 -0.0218303 -0.00869134 0.0135812 0.999632
498.000000 0.0512085 -0.185329 0.462265 -0.0206518 -0.00714091 0.0148125 0.999651
499.000000 0.0503234 -0.187166 0.47345 -0.0196214 -0.00574622 0.0158456 0.999665
500.000000 0.0489393 -0.190028 0.484285 -0.0205013 -0.00493274 0.0169997 0.999633
501.000000 0.0475403 -0.194724 0.495362 -0.0224687 -0.00443052 0.018089 0.999574
502.000000 0.0453787 -0.201171 0.506183 -0.0245106 -0.00359665 0.0188337 0.999516
503.000000 0.0426946 -0.206154 0.517077 -0.0258792 -0.00251755 0.0187031 0.999487
504.000000 0.041107 -0.21251 0.527735 -0.027868 -0.000778254 0.0184177 0.999442
505.000000 0.0392411 -0.221656 0.537728 -0.0293857 0.000833366 0.0193586 0.99938
506.000000 0.0364492 -0.226743 0.548246 -0.0287053 0.00226643 0.0209857 0.999365
507.000000 0.0342339 -0.231333 0.558348 -0.0289488 0.00365101 0.0227887 0.999314
508.000000 0.0316842 -0.237936 0.567905 -0.0294417 0.00543645 0.0253448 0.99923
509.000000 0.0278174 -0.242497 0.57737 -0.0289294 0.00808638 0.0273182 0.999175
510.000000 0.0257663 -0.247274 0.586124 -0.0292711 0.0104938 0.0290984 0.999093
511.000000 0.0254568 -0.253833 0.594126 -0.0296211 0.0123672 0.0313508 0.998993
512.000000 0.0238262 -0.258024 0.602424 -0.0286363 0.0148068 0.0332813 0.998926
513.000000 0.0225193 -0.260127 0.610922 -0.0281785 0.0176903 0.0353971 0.998819
514.000000 0.0222243 -0.26198 0.61799 -0.0288899 0.0208232 0.0376725 0.998655
515.000000 0.0222596 -0.267548 0.625208 -0.0303308 0.0240273 0.0404176 0.998433
516.000000 0.0225175 -0.271154 0.631788 -0.0304666 0.0275033 0.0431511 0.998225
517.000000 0.0226361 -0.274209 0.638273 -0.030648 0.0313649 0.0460687 0.997975
518.000000 0.0245797 -0.277907 0.643976 -0.0309163 0.0355078 0.0490082 0.997688
519.000000 0.025834 -0.280856 0.649518 -0.030279 0.0402082 0.052353 0.997359
520.000000 0.0278174 -0.281444 0.654863 -0.0293844 0.0447026 0.0555547 0.997022
521.000000 0.0293718 -0.281825 0.660039 -0.0298644 0.0495085 0.0589414 0.996586
522.000000 0.0315227 -0.281375 0.664569 -0.0311867 0.0540047 0.0623256 0.996106
523.000000 0.0340287 -0.284826 0.668735 -0.0332139 0.0582964 0.0659833 0.995562
524.000000 0.0367867 -0.286426 0.672653 -0.0338961 0.0625335 0.0689119 0.995084
525.000000 0.0397334 -0.285795 0.676366 -0.0346668 0.0670798 0.0715212 0.994577
526.000000 0.0426724 -0.287385 0.67985 -0.0364136 0.0719336 0.0744799 0.993958
527.000000 0.0463222 -0.28901 0.682849 -0.0374896 0.0760889 0.0770832 0.99341
528.000000 0.0490369 -0.289134 0.685826 -0.0381739 0.0804685 0.079186 0.992873
529.000000 0.0523624 -0.290238 0.688585 -0.0390855 0.0852519 0.0814352 0.992256
530.000000 0.0560429 -0.290381 0.691207 -0.0395179 0.0903457 0.0839724 0.991577
531.000000 0.0596696 -0.289728 0.693539 -0.0402836 0.0951616 0.0868226 0.99085
532.000000 0.0635281 -0.289986 0.695775 -0.0410271 0.0998628 0.0898284 0.990088
533.000000 0.0675587 -0.289987 0.698017 -0.041775 0.104485 0.0927932 0.989306
534.000000 0.0711909 -0.290446 0.700377 -0.0426415 0.109131 0.0957781 0.988483
535.000000 0.0748378 -0.290955 0.702543 -0.0434772 0.113961 0.0987501 0.987609
536.000000 0.0792015 -0.291604 0.70482 -0.044294 0.11909 0.10184 0.986653
537.000000 0.0838788 -0.292517 0.706752 -0.0450997 0.12402 0.104372 0.985744
538.000000 0.088965 -0.293745 0.70841 -0.0456483 0.128551 0.107006 0.984856
539.000000 0.0926916 -0.294062 0.710638 -0.0454696 0.133339 0.109043 0.984004
540.000000 0.0971758 -0.294288 0.712482 -0.0456433 0.138381 0.111246 0.983052
541.000000 0.100959 -0.295572 0.714421 -0.0462468 0.143787 0.113636 0.981974
542.000000 0.104752 -0.296341 0.716519 -0.0464091 0.149332 0.116574 0.980794
543.000000 0.10772 -0.296903 0.718708 -0.0465542 0.154714 0.119415 0.97961
544.000000 0.111931 -0.298718 0.720886 -0.0466741 0.159764 0.122272 0.978441
545.000000 0.11768 -0.300017 0.725346 -0.0455237 0.169239 0.12737 0.976249
546.000000 0.121275 -0.300858 0.727616 -0.045712 0.174151 0.129874 0.975046
547.000000 0.125415 -0.302634 0.729433 -0.0461426 0.17934 0.132665 0.973708
548.000000 0.128841 -0.304381 0.731655 -0.0460943 0.184514 0.135902 0.972297
549.000000 0.134148 -0.305389 0.7332 -0.0458948 0.189296 0.138966 0.970953
550.000000 0.137264 -0.307805 0.734874 -0.0458741 0.194515 0.142519 0.969406
551.000000 0.141842 -0.310239 0.736285 -0.0445521 0.199499 0.145175 0.96806
552.000000 0.146321 -0.310199 0.737793 -0.0430429 0.20418 0.146772 0.966911
553.000000 0.149582 -0.30931 0.739865 -0.0429481 0.209606 0.147917 0.965578
554.000000 0.155687 -0.311168 0.740949 -0.0444438 0.214306 0.149004 0.964311
555.000000 0.160831 -0.314131 0.742341 -0.0453512 0.219119 0.15083 0.962902
556.000000 0.165501 -0.315769 0.743878 -0.0453564 0.222806 0.152487 0.961794
557.000000 0.170777 -0.318681 0.74543 -0.0453587 0.225912 0.154532 0.960742
558.000000 0.17639 -0.321237 0.746863 -0.044953 0.229227 0.156301 0.95969
559.000000 0.180389 -0.322122 0.749433 -0.044207 0.233428 0.157875 0.958453
560.000000 0.184731 -0.324377 0.751116 -0.0442589 0.23692 0.159623 0.957304
561.000000 0.190095 -0.327628 0.75231 -0.0442273 0.240107 0.161516 0.956193
562.000000 0.196274 -0.331204 0.752931 -0.0431808 0.242539 0.162918 0.955389
563.000000 0.200506 -0.332938 0.75463 -0.0412244 0.245493 0.163834 0.954564
564.000000 0.204131 -0.333956 0.756254 -0.0396713 0.248424 0.164727 0.953717
565.000000 0.209262 -0.337152 0.757572 -0.0387792 0.251295 0.165777 0.952819
566.000000 0.214026 -0.339207 0.758635 -0.0371578 0.254445 0.166318 0.951953
567.000000 0.218279 -0.341015 0.760111 -0.0355475 0.257761 0.167173 0.950973
568.000000 0.223757 -0.342589 0.760418 -0.0343194 0.260526 0.16781 0.950152
569.000000 0.22787 -0.345387 0.761342 -0.0333755 0.263579 0.168486 0.949223
570.000000 0.232991 -0.348018 0.762111 -0.0321983 0.266392 0.168787 0.948425
571.000000 0.238807 -0.350952 0.761775 -0.0307729 0.269116 0.168908 0.947681
572.000000 0.242972 -0.353137 0.762537 -0.0286236 0.272138 0.169317 0.946812
573.000000 0.247358 -0.356182 0.762747 -0.0264032 0.274511 0.169877 0.946091
574.000000 0.251374 -0.359005 0.763402 -0.0239833 0.276605 0.169842 0.945552
575.000000 0.25509 -0.362411 0.763945 -0.0224329 0.278557 0.169739 0.945035
576.000000 0.258927 -0.365981 0.764352 -0.0204715 0.280461 0.169418 0.944574
577.000000 0.261826 -0.367718 0.76476 -0.0185548 0.282467 0.168835 0.94412
578.000000 0.265646 -0.371417 0.764399 -0.0178301 0.284511 0.169098 0.943473
579.000000 0.270065 -0.377222 0.76432 -0.0158931 0.28635 0.169355 0.942905
580.000000 0.273686 -0.38172 0.764143 -0.0127095 0.287562 0.169137 0.942624
581.000000 0.276227 -0.385152 0.764169 -0.0094597 0.288859 0.168901 0.942308
582.000000 0.27933 -0.390226 0.764306 -0.0065153 0.290433 0.168307 0.941955
583.000000 0.281849 -0.393132 0.763633 -0.00288315 0.292328 0.167085 0.941604
584.000000 0.284448 -0.395269 0.763237 0.000194875 0.294319 0.166104 0.941162
585.000000 0.286734 -0.398047 0.763272 0.00269699 0.296262 0.165213 0.940705
586.000000 0.289042 -0.401353 0.763011 0.00529481 0.297858 0.164738 0.940273
587.000000 0.2912 -0.404161 0.762989 0.0083089 0.299202 0.164171 0.939924
588.000000 0.294 -0.406931 0.7628 0.0112993 0.300145 0.163666 0.93968
589.000000 0.295814 -0.408339 0.763222 0.0142294 0.301306 0.163228 0.939345
590.000000 0.297774 -0.411164 0.763724 0.0166961 0.302215 0.162753 0.939095
591.000000 0.300631 -0.413781 0.763166 0.0192622 0.302679 0.161813 0.939059
592.000000 0.304578 -0.417186 0.763578 0.0251868 0.305163 0.159675 0.93848
593.000000 0.30572 -0.417917 0.764315 0.0279055 0.306971 0.15942 0.937857
594.000000 0.30724 -0.419775 0.764638 0.0298615 0.308977 0.158704 0.937259
595.000000 0.308401 -0.422031 0.765477 0.0318788 0.311252 0.158181 0.936528
596.000000 0.309626 -0.424275 0.765982 0.0344273 0.313499 0.157384 0.935822
597.000000 0.310249 -0.425244 0.766875 0.0373531 0.315404 0.156196 0.935269
598.000000 0.311231 -0.427147 0.767675 0.0397442 0.317166 0.15471 0.934821
599.000000 0.311345 -0.428927 0.76857 0.0425103 0.319171 0.153091 0.934284
600.000000 0.312291 -0.432387 0.770187 0.0472616 0.322218 0.150971 0.933354
601.000000 0.313005 -0.432824 0.770757 0.0493388 0.323874 0.149676 0.932882
602.000000 0.313638 -0.433855 0.77155 0.0510497 0.326144 0.148274 0.932222
603.000000 0.314438 -0.435094 0.772313 0.0520501 0.328368 0.147726 0.931473
604.000000 0.315714 -0.439496 0.773525 0.0541923 0.331662 0.147186 0.930269
605.000000 0.316388 -0.441126 0.774426 0.0556704 0.332791 0.146969 0.929812
606.000000 0.317515 -0.442788 0.774641 0.0571914 0.333111 0.147229 0.929564
607.000000 0.317999 -0.443823 0.775566 0.0583773 0.333806 0.146729 0.929321
608.000000 0.318531 -0.44511 0.776026 0.0598033 0.334969 0.146109 0.928909
609.000000 0.319064 -0.447842 0.776424 0.0609054 0.336057 0.146134 0.92844
610.000000 0.320042 -0.450277 0.776638 0.0619978 0.336314 0.146111 0.928278
611.000000 0.31959 -0.452051 0.777785 0.0634673 0.336607 0.145903 0.928105
612.000000 0.320408 -0.454589 0.77811 0.0646461 0.335894 0.146176 0.92824
613.000000 0.320111 -0.456376 0.779064 0.0661252 0.335156 0.1467 0.928319
614.000000 0.319243 -0.459099 0.780226 0.0678162 0.334108 0.147326 0.928476
615.000000 0.318462 -0.461012 0.781533 0.0693863 0.332573 0.14785 0.928828
616.000000 0.317541 -0.462982 0.782745 0.0703483 0.330897 0.147782 0.929365
617.000000 0.316745 -0.464974 0.784132 0.071039 0.329378 0.146669 0.930028
618.000000 0.315105 -0.467682 0.785687 0.07242 0.327989 0.145428 0.930607
619.000000 0.313676 -0.469243 0.786971 0.0734937 0.325845 0.144143 0.931475
620.000000 0.311591 -0.47104 0.788923 0.0735653 0.323622 0.142771 0.932455
621.000000 0.309656 -0.47302 0.791192 0.0735311 0.320742 0.141324 0.933673
622.000000 0.307995 -0.476351 0.793167 0.0731689 0.317419 0.139441 0.935119
623.000000 0.30689 -0.477383 0.794922 0.0732865 0.313584 0.137958 0.936623
624.000000 0.304604 -0.479861 0.797145 0.0728041 0.310233 0.136517 0.937986
625.000000 0.302296 -0.483335 0.79925 0.0732039 0.306683 0.135019 0.939339
626.000000 0.301075 -0.486774 0.800403 0.0741603 0.30244 0.132877 0.940943
627.000000 0.299139 -0.489235 0.802035 0.0749124 0.298777 0.130521 0.942383
628.000000 0.29775 -0.491381 0.803202 0.0750581 0.295405 0.127717 0.943817
629.000000 0.293937 -0.492815 0.805788 0.0754493 0.29299 0.125854 0.944788
630.000000 0.291563 -0.495223 0.807379 0.0754145 0.289692 0.12415 0.946033
631.000000 0.288205 -0.495331 0.810134 0.0755904 0.286843 0.122549 0.947095
632.000000 0.284379 -0.49689 0.812355 0.0753209 0.284011 0.121409 0.948116
633.000000 0.280767 -0.499628 0.814926 0.0751472 0.281033 0.120274 0.949162
634.000000 0.276849 -0.501848 0.817781 0.0754521 0.277739 0.118935 0.950275
635.000000 0.273249 -0.503032 0.820095 0.075817 0.273668 0.117457 0.95161
636.000000 0.268965 -0.50415 0.82305 0.0757657 0.269697 0.116009 0.952924
637.000000 0.263881 -0.505257 0.826525 0.0759624 0.266046 0.114678 0.954095
638.000000 0.259351 -0.505586 0.829768 0.0764088 0.262487 0.113316 0.955208
639.000000 0.254488 -0.504841 0.833363 0.0768004 0.259304 0.112201 0.956177
640.000000 0.249662 -0.505 0.836537 0.0768523 0.256138 0.111035 0.957162
641.000000 0.245523 -0.507478 0.839445 0.0769857 0.252788 0.109122 0.958261
642.000000 0.24064 -0.508587 0.842577 0.0771363 0.249531 0.106977 0.959344
643.000000 0.236178 -0.50853 0.845427 0.0773204 0.246367 0.104976 0.960367
644.000000 0.231972 -0.510264 0.847989 0.0772943 0.242697 0.103407 0.961473
645.000000 0.22767 -0.512002 0.850857 0.0772581 0.238277 0.101857 0.962746
646.000000 0.222835 -0.512214 0.853982 0.0770751 0.23377 0.100399 0.964018
647.000000 0.218522 -0.514206 0.856648 0.0760069 0.22939 0.0992652 0.965272
648.000000 0.214183 -0.516022 0.859363 0.0750705 0.224623 0.0982078 0.966573
649.000000 0.210001 -0.519539 0.861844 0.0745052 0.219429 0.0969444 0.967937
650.000000 0.206734 -0.521438 0.864073 0.0745581 0.214067 0.0947919 0.969346
651.000000 0.202991 -0.523603 0.86598 0.0746396 0.208852 0.0929169 0.970658
652.000000 0.198285 -0.525154 0.868291 0.0748138 0.203877 0.0907779 0.971903
653.000000 0.193995 -0.526373 0.870659 0.0741067 0.198778 0.0885058 0.973223
654.000000 0.191275 -0.529772 0.872311 0.072899 0.193238 0.0868301 0.97458
655.000000 0.181549 -0.533056 0.876167 0.0726113 0.188856 0.0850609 0.975616
656.000000 0.178898 -0.53343 0.877882 0.0727974 0.182964 0.0831101 0.976892
657.000000 0.175321 -0.535373 0.879479 0.0723117 0.176797 0.0819535 0.97816
658.000000 0.172052 -0.539128 0.880866 0.0712327 0.170845 0.0803082 0.979433
659.000000 0.168245 -0.540091 0.882385 0.0709141 0.165071 0.0783784 0.980602
660.000000 0.165615 -0.543931 0.883147 0.0704425 0.15971 0.0763177 0.981685
661.000000 0.163075 -0.546815 0.883981 0.0704323 0.155114 0.0748058 0.982539
662.000000 0.159092 -0.546543 0.885493 0.0706149 0.150851 0.0729122 0.983332
663.000000 0.156908 -0.548109 0.886468 0.0702087 0.146763 0.0707657 0.984136
664.000000 0.153729 -0.550372 0.8876 0.0694343 0.143582 0.0686637 0.984809
665.000000 0.150822 -0.551551 0.888625 0.0691261 0.140357 0.0669627 0.985412
666.000000 0.146834 -0.553491 0.889607 0.068911 0.136757 0.0653683 0.98604
667.000000 0.142922 -0.555471 0.8907 0.0691654 0.13284 0.0637853 0.986662
668.000000 0.138925 -0.557293 0.891668 0.0688402 0.128555 0.0619974 0.987366
669.000000 0.134613 -0.55643 0.89286 0.0685517 0.124378 0.0606544 0.988004
670.000000 0.131185 -0.555662 0.894422 0.0683381 0.120066 0.0590292 0.98865
671.000000 0.127185 -0.55568 0.895853 0.0676585 0.115493 0.0579739 0.989304
672.000000 0.123382 -0.555676 0.897176 0.0675351 0.110994 0.0572589 0.989869
673.000000 0.11936 -0.555105 0.898705 0.0683807 0.106706 0.0555031 0.990382
674.000000 0.115237 -0.555094 0.89978 0.0686375 0.102761 0.0537258 0.99088
675.000000 0.110855 -0.555377 0.900628 0.0689698 0.0990857 0.052654 0.991288
676.000000 0.106149 -0.555504 0.901395 0.069997 0.0949943 0.0514085 0.991682
677.000000 0.10135 -0.55513 0.902416 0.0706621 0.0906339 0.0502723 0.992101
678.000000 0.0961153 -0.554053 0.903447 0.0710365 0.0862326 0.0494936 0.992506
679.000000 0.0913112 -0.553447 0.904775 0.0713453 0.0815598 0.0480593 0.992949
680.000000 0.0889206 -0.553199 0.905505 0.0714883 0.0764484 0.046517 0.993419
681.000000 0.085291 -0.552602 0.906263 0.071834 0.0716912 0.0449906 0.993819
682.000000 0.0825812 -0.55148 0.9072 0.07189 0.0666787 0.0434864 0.994231
683.000000 0.0769232 -0.552046 0.908331 0.0711624 0.0621129 0.0429107 0.994604
684.000000 0.0744797 -0.553067 0.909163 0.0705965 0.057076 0.041605 0.995001
685.000000 0.070631 -0.552214 0.910298 0.070154 0.0528712 0.0400537 0.995328
686.000000 0.0669599 -0.55295 0.911671 0.0698619 0.0487811 0.0383611 0.995625
687.000000 0.0649317 -0.553407 0.912724 0.0696954 0.0448608 0.0365165 0.99589
688.000000 0.0609315 -0.554169 0.913494 0.0684885 0.0415115 0.034824 0.996179
689.000000 0.0575581 -0.55512 0.914566 0.0676755 0.0376705 0.0335093 0.996433
690.000000 0.0543419 -0.555281 0.91557 0.0677218 0.0334464 0.0321172 0.996626
691.000000 0.0506758 -0.556229 0.9168 0.0671491 0.0293664 0.0306892 0.996838
692.000000 0.0464384 -0.555614 0.917836 0.067008 0.0256755 0.0293376 0.99699
693.000000 0.0441221 -0.55592 0.919093 0.0665858 0.0218772 0.028294 0.997139
694.000000 0.0413944 -0.556198 0.920167 0.0659813 0.0179828 0.0269151 0.997296
695.000000 0.0372409 -0.554675 0.921437 0.0660503 0.0144569 0.0254747 0.997386
696.000000 0.0335948 -0.555311 0.922449 0.0658843 0.0106519 0.023757 0.997488
697.000000 0.0309109 -0.555451 0.923537 0.0662349 0.00703507 0.0221211 0.997534
698.000000 0.0270448 -0.556223 0.924585 0.0666607 0.00389052 0.020645 0.997555
699.000000 0.0231621 -0.556329 0.925667 0.0670822 0.00101053 0.018827 0.997569
700.000000 0.0200345 -0.556786 0.926618 0.0670907 -0.00199797 0.017096 0.997598
701.000000 0.015531 -0.559266 0.927186 0.0660211 -0.00486747 0.0154844 0.997686
702.000000 0.0126794 -0.559714 0.928421 0.0657579 -0.00801663 0.0139217 0.997706
703.000000 0.00955763 -0.559602 0.929489 0.0656846 -0.0111941 0.0124495 0.9977
704.000000 0.00643195 -0.559385 0.93095 0.0653275 -0.0145452 0.0109386 0.997698
705.000000 0.00440089 -0.558348 0.932071 0.0653438 -0.0180037 0.0094949 0.997655
706.000000 0.00016056 -0.558016 0.933246 0.0654972 -0.0206121 0.00798736 0.997608
707.000000 -0.00223393 -0.557529 0.934412 0.0655078 -0.0231222 0.00667571 0.997562
708.000000 -0.00593231 -0.558311 0.9355 0.0649253 -0.02559 0.00554526 0.997547
709.000000 -0.00982065 -0.558943 0.936422 0.0645618 -0.0283269 0.00431211 0.997502
710.000000 -0.0135434 -0.558709 0.937693 0.0638909 -0.0313803 0.00288373 0.997459
711.000000 -0.0187244 -0.558682 0.9386 0.0629974 -0.0339371 0.00165221 0.997435
712.000000 -0.0229126 -0.559475 0.939591 0.062091 -0.0366339 0.000462255 0.997398
713.000000 -0.0267611 -0.558736 0.941023 0.0615095 -0.0393124 -0.000774954 0.997332
714.000000 -0.0314419 -0.558917 0.94232 0.0608978 -0.0419356 -0.00169081 0.997261
715.000000 -0.0356971 -0.558074 0.943462 0.0604201 -0.0448792 -0.00300899 0.997159
716.000000 -0.0400461 -0.558411 0.944288 0.0594544 -0.0479403 -0.00409562 0.997071
717.000000 -0.044987 -0.559126 0.94512 0.0586572 -0.0513103 -0.00532702 0.996944
718.000000 -0.0493129 -0.557662 0.946042 0.0581389 -0.0545185 -0.00694653 0.996795
719.000000 -0.0528139 -0.558034 0.946892 0.0566468 -0.0577366 -0.00912735 0.996682
720.000000 -0.0565495 -0.556964 0.948137 0.0559603 -0.0608528 -0.0107461 0.996519
721.000000 -0.0621973 -0.555838 0.949031 0.0553453 -0.0635222 -0.0121841 0.99637
722.000000 -0.0659816 -0.556109 0.949908 0.0541122 -0.0664058 -0.013387 0.996234
723.000000 -0.0717609 -0.555514 0.950661 0.0531993 -0.0692347 -0.0144239 0.996077
724.000000 -0.0752208 -0.554744 0.951868 0.052385 -0.0724236 -0.0153999 0.995878
725.000000 -0.0790461 -0.554814 0.952607 0.0510588 -0.0749408 -0.0165479 0.995742
726.000000 -0.0827155 -0.554635 0.95347 0.0498174 -0.0772999 -0.01802 0.995599
727.000000 -0.0851315 -0.553744 0.954185 0.0486187 -0.0797273 -0.0196165 0.995437
728.000000 -0.0880882 -0.553724 0.954856 0.0474761 -0.0819279 -0.0215623 0.995273
729.000000 -0.0902564 -0.552685 0.955725 0.0461832 -0.0842883 -0.0232892 0.995098
730.000000 -0.0952375 -0.551583 0.955994 0.0447451 -0.0859411 -0.0249944 0.994981
731.000000 -0.0985146 -0.551815 0.956393 0.0434155 -0.0882194 -0.0265744 0.9948
732.000000 -0.101117 -0.550184 0.957063 0.0422382 -0.0904157 -0.0280239 0.994613
733.000000 -0.103853 -0.549611 0.957456 0.0406596 -0.0921079 -0.0290844 0.994493
734.000000 -0.107407 -0.549439 0.957563 0.0392448 -0.0939759 -0.0300301 0.994347
735.000000 -0.110375 -0.547934 0.957691 0.0382296 -0.0959304 -0.0312865 0.994161
736.000000 -0.113163 -0.546064 0.957892 0.0367091 -0.0976 -0.0326428 0.994013
737.000000 -0.114473 -0.544579 0.958452 0.0355851 -0.0992252 -0.0335181 0.993863
738.000000 -0.115823 -0.542527 0.958843 0.0346675 -0.100673 -0.0347018 0.99371
739.000000 -0.117341 -0.540783 0.959025 0.0325688 -0.1018 -0.0363105 0.993608
740.000000 -0.119471 -0.539505 0.959467 0.0309776 -0.102877 -0.0380301 0.993484
741.000000 -0.120874 -0.538323 0.959932 0.0301403 -0.104056 -0.0395629 0.993327
742.000000 -0.122384 -0.536765 0.960014 0.029153 -0.104772 -0.0411142 0.993218
743.000000 -0.125428 -0.533054 0.960755 0.0270386 -0.106297 -0.0432157 0.993027
744.000000 -0.126065 -0.530693 0.961316 0.0250606 -0.107568 -0.0441089 0.992903
745.000000 -0.127641 -0.530072 0.961618 0.0228115 -0.108702 -0.0449068 0.992798
746.000000 -0.128862 -0.528408 0.96217 0.0210656 -0.10988 -0.0456648 0.992672
747.000000 -0.129633 -0.527043 0.962542 0.0188975 -0.111087 -0.0457936 0.992575
748.000000 -0.131279 -0.525793 0.962907 0.0169694 -0.11207 -0.0455907 0.992509
749.000000 -0.132547 -0.525319 0.963257 0.0153517 -0.113123 -0.045433 0.992423
750.000000 -0.13236 -0.521935 0.963983 0.0135385 -0.114603 -0.0451348 0.992293
751.000000 -0.132826 -0.520234 0.964804 0.0105715 -0.115581 -0.04555 0.992197
752.000000 -0.133836 -0.519116 0.965578 0.00814204 -0.116118 -0.0465557 0.99211
753.000000 -0.133028 -0.517286 0.966568 0.00589659 -0.116738 -0.0475716 0.992005
754.000000 -0.132917 -0.51595 0.96774 0.00353994 -0.117666 -0.0485931 0.991857
755.000000 -0.133377 -0.514964 0.968572 0.00147222 -0.118614 -0.0491965 0.99172
756.000000 -0.133137 -0.513269 0.969688 -0.000705493 -0.120114 -0.0501099 0.991494
757.000000 -0.133422 -0.514478 0.970814 -0.00235698 -0.122056 -0.0513409 0.991192
758.000000 -0.132878 -0.513397 0.971996 -0.00263048 -0.124711 -0.0526896 0.99079
759.000000 -0.131497 -0.511064 0.973208 -0.00352466 -0.127534 -0.054453 0.990332
760.000000 -0.1312 -0.510804 0.974763 -0.00442413 -0.129908 -0.0556348 0.989954
761.000000 -0.130557 -0.510177 0.976195 -0.00464667 -0.132524 -0.0559165 0.98959
762.000000 -0.128742 -0.507599 0.977866 -0.00528603 -0.135795 -0.0561696 0.989129
763.000000 -0.126272 -0.505789 0.979454 -0.00699909 -0.139543 -0.0568628 0.988557
764.000000 -0.124474 -0.504313 0.981287 -0.00865781 -0.143155 -0.0576716 0.987981
765.000000 -0.122051 -0.502683 0.98287 -0.0097774 -0.146518 -0.0592406 0.987384
766.000000 -0.119138 -0.499617 0.984657 -0.0108815 -0.149006 -0.0615181 0.986861
767.000000 -0.115953 -0.498709 0.986478 -0.012738 -0.151115 -0.0640413 0.986357
768.000000 -0.10925 -0.496456 0.990186 -0.0133409 -0.157998 -0.0689973 0.984936
769.000000 -0.105217 -0.491739 0.991696 -0.0146984 -0.161768 -0.0728724 0.984025
770.000000 -0.102193 -0.489468 0.99302 -0.0177727 -0.164973 -0.0763232 0.98318
771.000000 -0.0995955 -0.488293 0.993959 -0.0198611 -0.168396 -0.079827 0.982281
772.000000 -0.0958193 -0.484986 0.995607 -0.0205676 -0.171767 -0.0834286 0.981383
773.000000 -0.0921918 -0.481224 0.996784 -0.0215056 -0.174733 -0.0868469 0.980542
774.000000 -0.0890651 -0.47919 0.997766 -0.0226853 -0.178079 -0.0901921 0.979612
775.000000 -0.0850054 -0.476358 0.999414 -0.0233057 -0.181924 -0.0937126 0.978559
776.000000 -0.0815972 -0.474229 1.00098 -0.0235018 -0.185428 -0.0965533 0.97762
777.000000 -0.0788793 -0.470737 1.00255 -0.0228728 -0.188994 -0.0989503 0.976712
778.000000 -0.0758435 -0.467281 1.00455 -0.0226346 -0.192913 -0.100675 0.975775
779.000000 -0.0726745 -0.464334 1.00647 -0.0223537 -0.197223 -0.102146 0.974766
780.000000 -0.0707934 -0.460585 1.00814 -0.0215 -0.20118 -0.103391 0.973845
781.000000 -0.0677325 -0.456454 1.01043 -0.0206139 -0.205522 -0.10485 0.972801
782.000000 -0.0653192 -0.452289 1.01243 -0.0197621 -0.20944 -0.106067 0.971851
783.000000 -0.0630084 -0.447231 1.01434 -0.0192386 -0.213181 -0.10732 0.97091
784.000000 -0.0612202 -0.442704 1.01606 -0.0196333 -0.216247 -0.108484 0.970094
785.000000 -0.059587 -0.439149 1.01749 -0.0195273 -0.218936 -0.109333 0.969398
786.000000 -0.0581186 -0.432752 1.01893 -0.0186787 -0.221677 -0.110006 0.968715
787.000000 -0.0561152 -0.427909 1.02085 -0.0187466 -0.224613 -0.111459 0.967871
788.000000 -0.0546677 -0.423217 1.02248 -0.0184975 -0.22702 -0.113183 0.967114
789.000000 -0.0532641 -0.416454 1.02417 -0.0178933 -0.229422 -0.114896 0.966356
790.000000 -0.0521107 -0.407668 1.02688 -0.0194878 -0.23373 -0.11857 0.964848
791.000000 -0.0516777 -0.403402 1.02884 -0.0189104 -0.23553 -0.120092 0.964233
792.000000 -0.0508662 -0.396742 1.03072 -0.0181055 -0.236911 -0.121477 0.963737
793.000000 -0.0506423 -0.39541 1.0323 -0.0178524 -0.238669 -0.122633 0.963161
794.000000 -0.050845 -0.394039 1.03385 -0.014345 -0.240886 -0.123656 0.962537
795.000000 -0.0504748 -0.388762 1.03602 -0.00828696 -0.243019 -0.124866 0.961916
796.000000 -0.0504239 -0.382977 1.03855 -0.00269362 -0.244732 -0.126576 0.961289
797.000000 -0.0490758 -0.364881 1.04473 0.00351014 -0.246033 -0.131911 0.960237
798.000000 -0.0488775 -0.356672 1.04737 0.00160176 -0.246167 -0.134955 0.959785
799.000000 -0.04934 -0.352342 1.04962 -0.000732011 -0.246346 -0.137383 0.959395
800.000000 -0.0496764 -0.348278 1.0526 -0.00197795 -0.246731 -0.138524 0.95913
801.000000 -0.051023 -0.34059 1.05513 -0.00202918 -0.247126 -0.138392 0.959048
802.000000 -0.051479 -0.33091 1.05817 -0.00285887 -0.24774 -0.138606 0.958856
803.000000 -0.0529166 -0.315679 1.06498 -0.00641333 -0.249178 -0.139602 0.958322
804.000000 -0.0539023 -0.31165 1.06806 -0.00900073 -0.249659 -0.140119 0.9581
805.000000 -0.0555208 -0.306635 1.07144 -0.00907247 -0.250609 -0.140143 0.957848
806.000000 -0.0567008 -0.297973 1.07491 -0.00800012 -0.251904 -0.139795 0.957569
807.000000 -0.0586827 -0.292366 1.07853 -0.00705654 -0.253313 -0.139317 0.957274
808.000000 -0.0596236 -0.27835 1.08321 -0.00426085 -0.254351 -0.139247 0.957026
809.000000 -0.060644 -0.266799 1.08741 -0.00499952 -0.254655 -0.139327 0.956929
810.000000 -0.062588 -0.263608 1.09122 -0.00697543 -0.25589 -0.138753 0.956671
811.000000 -0.0644473 -0.257253 1.0955 -0.00529917 -0.257651 -0.137882 0.956335
812.000000 -0.065905 -0.247825 1.10028 -0.00197712 -0.258989 -0.13738 0.956058
813.000000 -0.066939 -0.236727 1.10526 0.00122038 -0.259939 -0.137253 0.95582
814.000000 -0.0681296 -0.227033 1.1101 0.00374808 -0.260161 -0.137764 0.95568
815.000000 -0.0692825 -0.220032 1.11521 0.00715213 -0.259914 -0.137813 0.95572
816.000000 -0.0701185 -0.207064 1.122 0.0117202 -0.259464 -0.136989 0.955916
817.000000 -0.0711244 -0.189985 1.12861 0.0135246 -0.25846 -0.136959 0.956168
818.000000 -0.0725034 -0.180105 1.13355 0.0114973 -0.257833 -0.137472 0.95629
819.000000 -0.0741562 -0.173813 1.13775 0.0099041 -0.25817 -0.137607 0.956198
820.000000 -0.0750514 -0.165334 1.14248 0.0109413 -0.25911 -0.137767 0.955909
821.000000 -0.0749779 -0.153535 1.14791 0.0129067 -0.260004 -0.138299 0.955565
822.000000 -0.0749064 -0.14163 1.15346 0.0140703 -0.260578 -0.139074 0.95528
823.000000 -0.0746929 -0.130768 1.159 0.0138657 -0.26076 -0.139634 0.955151
824.000000 -0.0750452 -0.121024 1.16364 0.0128224 -0.260866 -0.139311 0.955184
825.000000 -0.0751799 -0.112269 1.16843 0.0121569 -0.262083 -0.138566 0.954968
826.000000 -0.0751951 -0.102147 1.1729 0.0124186 -0.263269 -0.137969 0.954725
827.000000 -0.0752376 -0.0943982 1.17651 0.0128278 -0.264122 -0.137216 0.954592
828.000000 -0.0750744 -0.0834937 1.18067 0.0151595 -0.264685 -0.135913 0.954589
829.000000 -0.0746092 -0.0702658 1.18563 0.0169179 -0.264751 -0.134723 0.95471
830.000000 -0.0742449 -0.057467 1.18986 0.0165522 -0.264542 -0.133984 0.954878
831.000000 -0.0742171 -0.0502593 1.19274 0.0155144 -0.264786 -0.132727 0.955003
832.000000 -0.0737966 -0.0403917 1.19622 0.0159759 -0.265725 -0.131686 0.954879
833.000000 -0.0735443 -0.0314266 1.19904 0.0162099 -0.266625 -0.131242 0.954685
834.000000 -0.0725227 -0.0240037 1.20143 0.0170137 -0.267598 -0.130881 0.954449
835.000000 -0.0709093 -0.0159765 1.20448 0.0192639 -0.268417 -0.129698 0.954337
836.000000 -0.0699623 -0.00512041 1.20778 0.0212538 -0.268613 -0.128195 0.954443
837.000000 -0.0689672 0.00493598 1.21052 0.0215899 -0.268466 -0.12715 0.954617
838.000000 -0.0682039 0.013581 1.21249 0.0211719 -0.26814 -0.126864 0.954755
839.000000 -0.0669663 0.0199027 1.21391 0.0214729 -0.268484 -0.126482 0.954703
840.000000 -0.0656584 0.0326228 1.21725 0.0242554 -0.269536 -0.12528 0.954498
841.000000 -0.064032 0.0456544 1.2212 0.0235366 -0.268883 -0.125664 0.95465
842.000000 -0.0635582 0.0517189 1.22154 0.0194401 -0.266396 -0.125875 0.955411
843.000000 -0.0620826 0.0589808 1.22252 0.018294 -0.265453 -0.124488 0.955878
844.000000 -0.0615647 0.069871 1.22419 0.0179054 -0.264834 -0.122602 0.956301
845.000000 -0.0602411 0.0752193 1.22475 0.0153289 -0.264664 -0.121328 0.956555
846.000000 -0.0597282 0.0804972 1.22481 0.0154286 -0.264352 -0.119723 0.956842
847.000000 -0.0587002 0.0922118 1.22771 0.0171961 -0.263628 -0.1185 0.957164
848.000000 -0.0593224 0.0995461 1.22843 0.0146239 -0.260875 -0.11828 0.957988
849.000000 -0.0604747 0.103447 1.22739 0.011953 -0.258488 -0.117671 0.958747
850.000000 -0.0612808 0.110508 1.22785 0.0111891 -0.257274 -0.117012 0.959163
851.000000 -0.0618488 0.115082 1.22741 0.00931014 -0.25569 -0.116646 0.959651
852.000000 -0.0620633 0.119499 1.22694 0.00835719 -0.254215 -0.115406 0.960201
853.000000 -0.0622998 0.126989 1.22727 0.00800695 -0.253012 -0.11391 0.9607
854.000000 -0.0618825 0.132155 1.22766 0.00502539 -0.25178 -0.11333 0.961113
855.000000 -0.0615154 0.134025 1.22644 0.00112027 -0.250677 -0.112785 0.961478
856.000000 -0.0605063 0.136373 1.22535 -0.000736625 -0.250035 -0.111535 0.961791
857.000000 -0.0592726 0.139594 1.22467 -0.00151859 -0.249208 -0.109924 0.96219
858.000000 -0.0592499 0.141616 1.22283 -0.00229919 -0.247392 -0.108166 0.962856
859.000000 -0.0581879 0.143968 1.22158 -0.00197171 -0.24554 -0.106808 0.963482
860.000000 -0.056122 0.145128 1.22093 -0.00158613 -0.242975 -0.105655 0.96426
861.000000 -0.0545481 0.148244 1.22036 -0.000498835 -0.240293 -0.103388 0.965179
862.000000 -0.0531099 0.151996 1.22002 -0.000975532 -0.237996 -0.101137 0.965986
863.000000 -0.0529752 0.151672 1.21763 -0.00300412 -0.235481 -0.0992091 0.966797
864.000000 -0.0515503 0.15284 1.21625 -0.0024912 -0.233873 -0.0972489 0.967388
865.000000 -0.0504586 0.157006 1.21571 -0.00169713 -0.231967 -0.0957474 0.967998
866.000000 -0.0497677 0.158766 1.2147 -0.00304406 -0.22919 -0.0949483 0.968735
867.000000 -0.0486971 0.159673 1.21312 -0.0040619 -0.226683 -0.0942751 0.969387
868.000000 -0.0477545 0.162171 1.21242 -0.00425233 -0.224943 -0.0935314 0.969863
869.000000 -0.0464865 0.164721 1.2118 -0.00490868 -0.223637 -0.0929219 0.970221
870.000000 -0.0458163 0.168163 1.21102 -0.00582139 -0.222697 -0.0919609 0.970523
871.000000 -0.0455985 0.172138 1.21099 -0.00749438 -0.222237 -0.0911071 0.970698
872.000000 -0.0449301 0.174717 1.21053 -0.0103783 -0.221639 -0.0908198 0.970835
873.000000 -0.0446931 0.176582 1.20937 -0.0127225 -0.220713 -0.0903725 0.97106
874.000000 -0.0449644 0.179841 1.20873 -0.013972 -0.220154 -0.0897712 0.971225
875.000000 -0.0438991 0.182503 1.20867 -0.015806 -0.219843 -0.0895959 0.971284
876.000000 -0.0442812 0.184827 1.20739 -0.0173257 -0.218999 -0.0895167 0.971456
877.000000 -0.0444174 0.188533 1.20648 -0.0182799 -0.218349 -0.0892211 0.971612
878.000000 -0.0439144 0.191632 1.20597 -0.0199117 -0.218006 -0.0892401 0.971655
879.000000 -0.0441586 0.196315 1.20351 -0.0237738 -0.217059 -0.0897324 0.971735
880.000000 -0.0442986 0.197707 1.20182 -0.0248659 -0.216625 -0.0901567 0.971765
881.000000 -0.0443361 0.200484 1.2006 -0.0248696 -0.216721 -0.0909088 0.971673
882.000000 -0.0448912 0.203201 1.19914 -0.0254188 -0.216596 -0.091963 0.971588
883.000000 -0.045422 0.205278 1.1972 -0.0262474 -0.216974 -0.0934037 0.971344
884.000000 -0.0457113 0.207346 1.19571 -0.0267131 -0.218476 -0.0950347 0.970836
885.000000 -0.0467898 0.209114 1.19406 -0.0273511 -0.220377 -0.0967517 0.970219
886.000000 -0.0471576 0.210048 1.19245 -0.0278917 -0.223099 -0.0984981 0.969406
887.000000 -0.0487053 0.212324 1.19062 -0.027592 -0.225657 -0.100145 0.968653
888.000000 -0.0492322 0.213774 1.18908 -0.027967 -0.228359 -0.10229 0.967784
889.000000 -0.0501893 0.21413 1.1874 -0.0280029 -0.231351 -0.104269 0.966861
890.000000 -0.0519596 0.217351 1.18605 -0.0271554 -0.234391 -0.106087 0.965955
891.000000 -0.0532699 0.218426 1.1842 -0.0279419 -0.237489 -0.108394 0.964919
892.000000 -0.0550047 0.219014 1.1824 -0.0280005 -0.240901 -0.110679 0.963811
893.000000 -0.0566386 0.221433 1.1812 -0.0273403 -0.244624 -0.112954 0.962628
894.000000 -0.0583232 0.223707 1.18007 -0.0276966 -0.248544 -0.11554 0.961306
895.000000 -0.0593973 0.223807 1.17858 -0.0289105 -0.253007 -0.118489 0.959746
896.000000 -0.059995 0.223661 1.17784 -0.029049 -0.25783 -0.120983 0.958145
897.000000 -0.0615432 0.224483 1.17656 -0.0285344 -0.262076 -0.123092 0.956739
898.000000 -0.0618206 0.224852 1.17665 -0.0281293 -0.266778 -0.125152 0.955183
899.000000 -0.0628933 0.225332 1.17589 -0.0280808 -0.27127 -0.126926 0.953684
900.000000 -0.0639885 0.226049 1.17492 -0.0279026 -0.275929 -0.128869 0.952091
901.000000 -0.0652557 0.226464 1.1742 -0.0279027 -0.280698 -0.131034 0.9504
902.000000 -0.0671994 0.226863 1.17261 -0.0276125 -0.285376 -0.133229 0.948709
903.000000 -0.0683106 0.227953 1.17205 -0.0269426 -0.290182 -0.135787 0.946906
904.000000 -0.0698833 0.228275 1.17085 -0.0269722 -0.29423 -0.138731 0.945227
905.000000 -0.0711648 0.228195 1.17002 -0.0264711 -0.298626 -0.141684 0.943423
906.000000 -0.0724649 0.229598 1.1695 -0.0255987 -0.302694 -0.14451 0.941721
907.000000 -0.0740635 0.229214 1.16877 -0.0256408 -0.306339 -0.147161 0.940129
908.000000 -0.0756508 0.229436 1.16804 -0.0250361 -0.310073 -0.149307 0.938582
909.000000 -0.0774127 0.229942 1.1674 -0.0243463 -0.313563 -0.151329 0.937115
910.000000 -0.0785317 0.231027 1.16712 -0.023641 -0.3172 -0.153283 0.935591
911.000000 -0.0802827 0.232327 1.16691 -0.0236629 -0.320689 -0.155221 0.93408
912.000000 -0.0836969 0.232427 1.1655 -0.0247384 -0.328143 -0.160085 0.930636
913.000000 -0.0848941 0.232894 1.16535 -0.0240139 -0.332 -0.162819 0.928811
914.000000 -0.0866852 0.233101 1.16522 -0.0235309 -0.335313 -0.16546 0.927165
915.000000 -0.0884052 0.233165 1.16484 -0.0230784 -0.338886 -0.168044 0.925411
916.000000 -0.09021 0.233518 1.16454 -0.0226354 -0.342589 -0.17032 0.92364
917.000000 -0.0916858 0.234003 1.16441 -0.0222795 -0.346512 -0.172625 0.921756
918.000000 -0.0932836 0.234487 1.16433 -0.022139 -0.350262 -0.175211 0.919852
919.000000 -0.0949001 0.234193 1.16389 -0.0220363 -0.353826 -0.177844 0.917983
920.000000 -0.0964743 0.234795 1.16408 -0.0211467 -0.357865 -0.179929 0.91603
921.000000 -0.0981945 0.235505 1.16454 -0.0208518 -0.362227 -0.181866 0.913937
922.000000 -0.0999632 0.235879 1.16524 -0.0211952 -0.366715 -0.183663 0.911778
923.000000 -0.101762 0.236371 1.16537 -0.0219435 -0.371214 -0.185219 0.909622
924.000000 -0.103461 0.236371 1.16553 -0.022703 -0.375614 -0.186833 0.907465
925.000000 -0.104867 0.236497 1.16555 -0.0228612 -0.379694 -0.18849 0.905418
926.000000 -0.106126 0.237176 1.16597 -0.022836 -0.383751 -0.190323 0.903322
927.000000 -0.107785 0.236669 1.16606 -0.0234113 -0.387735 -0.192558 0.90113
928.000000 -0.109359 0.235832 1.16553 -0.0231611 -0.392055 -0.194728 0.898798
929.000000 -0.111129 0.23535 1.16496 -0.0222673 -0.39647 -0.196662 0.896459
930.000000 -0.112753 0.235626 1.1648 -0.0211503 -0.401113 -0.198487 0.894016
931.000000 -0.114536 0.235867 1.16407 -0.0208005 -0.405806 -0.20093 0.891356
932.000000 -0.116281 0.235223 1.16276 -0.0206665 -0.410625 -0.203898 0.888474
933.000000 -0.118177 0.23385 1.16207 -0.0201068 -0.415684 -0.206757 0.885468
934.000000 -0.119867 0.233331 1.16058 -0.018904 -0.420975 -0.20898 0.882468
935.000000 -0.12138 0.233033 1.16 -0.0176736 -0.426561 -0.210925 0.879343
936.000000 -0.122893 0.231431 1.15943 -0.0165897 -0.432138 -0.21258 0.876237
937.000000 -0.124146 0.231318 1.15913 -0.0144036 -0.437859 -0.213676 0.873164
938.000000 -0.125432 0.231258 1.15874 -0.0126897 -0.443315 -0.214947 0.87012
939.000000 -0.126713 0.231027 1.1584 -0.0112723 -0.448511 -0.216031 0.867203
940.000000 -0.127918 0.230521 1.15722 -0.00991135 -0.453845 -0.217007 0.864196
941.000000 -0.129144 0.230217 1.15607 -0.00785451 -0.459417 -0.217806 0.861066
942.000000 -0.130197 0.230499 1.15545 -0.00544913 -0.464727 -0.218582 0.858033
943.000000 -0.131293 0.23084 1.15536 -0.00341631 -0.469717 -0.219652 0.855048
944.000000 -0.132698 0.23047 1.15679 -0.00195547 -0.474254 -0.220946 0.85221
945.000000 -0.133895 0.230892 1.15641 -0.000791641 -0.478578 -0.222291 0.84944
946.000000 -0.135305 0.230502 1.15605 0.00048146 -0.482704 -0.223503 0.846784
947.000000 -0.136576 0.230446 1.15783 0.00211682 -0.487013 -0.224364 0.844082
948.000000 -0.137814 0.224905 1.1665 0.00278067 -0.49186 -0.225511 0.840958
949.000000 -0.139528 0.22021 1.17645 0.00458965 -0.496165 -0.226342 0.838193
950.000000 -0.140756 0.218388 1.17995 0.00557732 -0.500309 -0.227628 0.835371
951.000000 -0.141783 0.217473 1.18038 0.00634327 -0.504678 -0.228718 0.832435
952.000000 -0.142851 0.217306 1.18066 0.00724168 -0.508936 -0.22921 0.829695
953.000000 -0.143904 0.216991 1.18231 0.0075694 -0.513039 -0.230094 0.826917
954.000000 -0.144662 0.217519 1.18071 0.00747739 -0.517175 -0.231381 0.823976
955.000000 -0.145904 0.216817 1.18124 0.0072991 -0.520824 -0.232732 0.821294
956.000000 -0.147171 0.216212 1.18051 0.00730585 -0.524574 -0.233686 0.818633
957.000000 -0.14806 0.217595 1.18141 0.00780899 -0.528422 -0.234373 0.815953
958.000000 -0.149268 0.217587 1.18367 0.00781544 -0.531981 -0.235294 0.813371
959.000000 -0.150707 0.216462 1.18981 0.00773986 -0.535434 -0.236532 0.810742
960.000000 -0.151834 0.217008 1.19491 0.00782348 -0.539183 -0.237292 0.808031
961.000000 -0.153234 0.216988 1.20431 0.00762705 -0.542986 -0.237911 0.805299
962.000000 -0.154457 0.218186 1.21499 0.00763518 -0.546889 -0.238651 0.802434
963.000000 -0.155934 0.216977 1.22414 0.00807503 -0.550824 -0.239525 0.799472
964.000000 -0.157149 0.216867 1.23253 0.00884947 -0.55483 -0.240378 0.796432
965.000000 -0.158371 0.216351 1.24432 0.0103448 -0.558923 -0.241048 0.793343
966.000000 -0.159903 0.214819 1.25846 0.0117771 -0.563173 -0.241651 0.790128
967.000000 -0.161406 0.215072 1.27046 0.0132462 -0.56729 -0.242769 0.78681
968.000000 -0.162731 0.215462 1.28164 0.0138005 -0.571065 -0.244362 0.78357
969.000000 -0.163799 0.215449 1.28777 0.0144524 -0.575135 -0.245665 0.780166
970.000000 -0.165125 0.216111 1.29457 0.0152375 -0.579651 -0.2463 0.776601
971.000000 -0.166244 0.215261 1.28758 0.0153373 -0.583943 -0.247506 0.772991
972.000000 -0.167286 0.215508 1.29772 0.0160222 -0.588124 -0.248697 0.769417
973.000000 -0.16843 0.214465 1.30574 0.0157433 -0.59247 -0.249234 0.765907
974.000000 -0.169551 0.213522 1.31406 0.0159207 -0.59692 -0.24991 0.762219
975.000000 -0.170876 0.214175 1.33026 0.0161773 -0.600986 -0.250218 0.75891
976.000000 -0.172169 0.212916 1.33949 0.0155522 -0.604612 -0.251334 0.755668
977.000000 -0.173178 0.213059 1.35971 0.0159237 -0.608808 -0.251382 0.752268
978.000000 -0.173952 0.213968 1.36297 0.0163968 -0.613016 -0.251716 0.74872
979.000000 -0.174934 0.21337 1.36826 0.0166854 -0.616981 -0.252208 0.745283
980.000000 -0.175398 0.213226 1.35919 0.0172687 -0.62087 -0.25267 0.741876
981.000000 -0.176403 0.212901 1.36798 0.0170734 -0.624431 -0.25353 0.738591
982.000000 -0.176917 0.212075 1.36531 0.0171663 -0.628333 -0.254222 0.735033
983.000000 -0.17788 0.211398 1.37831 0.0172979 -0.632285 -0.254344 0.731591
984.000000 -0.178744 0.211423 1.40933 0.018205 -0.63635 -0.254876 0.72785
985.000000 -0.178858 0.211038 1.41165 0.0196842 -0.640518 -0.255128 0.724057
986.000000 -0.179107 0.211269 1.42 0.0209608 -0.644571 -0.255006 0.720459
987.000000 -0.178972 0.211095 1.4088 0.021372 -0.648777 -0.254713 0.716766
988.000000 -0.180907 0.211374 1.4873 0.0223781 -0.652753 -0.25549 0.712838
989.000000 -0.182963 0.211399 1.57135 0.0222364 -0.657086 -0.255359 0.708897
990.000000 -0.185166 0.211575 1.65883 0.0238729 -0.660734 -0.256294 0.705105
991.000000 -0.187286 0.211524 1.73638 0.0247926 -0.664156 -0.256739 0.701689
992.000000 -0.188539 0.212221 1.78034 0.0251609 -0.667482 -0.256721 0.69852
993.000000 -0.188621 0.212642 1.77228 0.0254587 -0.670454 -0.257283 0.695448
994.000000 -0.189389 0.211131 1.77852 0.0256257 -0.673337 -0.257978 0.692392
995.000000 -0.189626 0.210032 1.77048 0.0269931 -0.676649 -0.25754 0.689269
996.000000 -0.19012 0.209083 1.77611 0.0282428 -0.679585 -0.257017 0.68652
997.000000 -0.190331 0.208079 1.7729 0.0292149 -0.68232 -0.256516 0.683948
998.000000 -0.190944 0.20664 1.77024 0.0314892 -0.688012 -0.2549 0.678729
999.000000 -0.19164 0.205625 1.78149 0.0324043 -0.690705 -0.254266 0.676184
1000.000000 -0.192152 0.204587 1.78519 0.0336671 -0.693229 -0.253366 0.673873
1001.000000 -0.192412 0.203898 1.78084 0.0347839 -0.695808 -0.251907 0.671702
