1.000000 0 0 0 0 0 0 1
2.000000 2.23379e-05 0.00272269 -0.000818951 0.00124168 -0.000193576 -0.000302609 0.999999
3.000000 0.000219569 0.00197933 -0.000711952 -0.000952912 -0.000426409 -0.000181457 0.999999
4.000000 9.5621e-05 0.00156752 -0.000517975 -0.00137611 0.000201899 -0.000520866 0.999999
5.000000 0.000192221 0.00263604 -0.000839043 -0.00122969 0.00064047 -0.000916545 0.999999
6.000000 0.000348183 0.00268892 -0.000906411 -0.00239645 0.00087532 -0.00130451 0.999996
7.000000 7.9486e-05 0.0014663 -0.000452471 -0.0036288 0.00103896 -0.00100325 0.999992
8.000000 0.000287572 0.00145725 -0.000384518 -0.00279049 0.000816809 -0.000947846 0.999995
9.000000 0.000330618 0.0021879 -0.00055183 -0.00232049 0.000806061 -0.00108659 0.999996
10.000000 0.000248908 0.0015735 -0.000354825 -0.00307131 0.000862674 -0.00103985 0.999994
11.000000 0.000263104 0.000706415 -6.39346e-05 -0.00278759 0.000913705 -0.000905896 0.999995
12.000000 0.00023766 0.000250321 0.000271919 -0.00169598 0.00105284 -0.00073039 0.999998
13.000000 0.000354134 0.000196396 0.000361478 -0.000645534 0.000881261 -0.000250827 0.999999
14.000000 0.000321037 0.000101613 0.000435886 4.46389e-05 0.000564266 0.000212688 1
15.000000 0.000885088 -6.58102e-05 0.000375553 0.0007261 0.000183199 0.000420867 1
16.000000 0.00051371 0.000264265 0.000416829 0.000976618 0.000110874 0.000608465 0.999999
17.000000 0.000519172 0.000951696 0.000172741 0.00130617 -0.000193819 0.000425485 0.999999
18.000000 0.000446893 0.000865006 0.000126953 0.000750107 -0.000306581 -0.000160941 1
19.000000 0.000252642 0.00112831 1.37224e-05 0.000440046 -0.000237039 -0.000923459 0.999999
20.000000 0.000256413 0.00122007 -0.00012425 -0.00029487 -3.62928e-06 -0.00178032 0.999998
21.000000 0.000333272 0.00106351 -1.98074e-05 -0.00086395 0.00011262 -0.00224026 0.999997
22.000000 -8.42281e-06 0.00121419 -8.91445e-05 -0.00109117 0.000152036 -0.00268114 0.999996
23.000000 3.91617e-05 0.00106649 -7.24899e-05 -0.00161014 -2.28227e-05 -0.00287668 0.999995
24.000000 -0.000257872 0.00105057 -7.82431e-05 -0.00172293 -0.000107936 -0.00296075 0.999994
25.000000 -5.91724e-05 0.000768796 -2.84617e-05 -0.00175731 -0.000592128 -0.00306578 0.999994
26.000000 -0.000357346 0.000838243 -4.99376e-05 -0.00144477 -0.00057656 -0.0032138 0.999994
27.000000 -0.000452815 0.000946319 -1.59721e-05 -0.00125676 -0.000553283 -0.00355234 0.999993
28.000000 -0.000769623 0.000659863 0.000101756 -0.00155171 -0.000329817 -0.00375535 0.999992
29.000000 -0.000594892 0.00025091 6.62595e-05 -0.0015281 -0.000412368 -0.004056 0.999991
30.000000 -0.00077871 0.000511461 5.38803e-05 -0.00106548 -0.000287664 -0.0043509 0.99999
31.000000 -0.000990306 0.000908666 1.30436e-05 -0.000954048 -0.000162291 -0.00453285 0.999989
32.000000 -0.0012749 0.000745031 0.000173806 -0.00187905 -0.000211265 -0.00498846 0.999986
33.000000 -0.0017198 0.00108421 0.00024277 -0.00161247 -0.000163563 -0.00534476 0.999984
34.000000 -0.00198677 0.00192261 1.04086e-05 -0.00163117 8.83259e-05 -0.00563169 0.999983
35.000000 -0.00239196 0.00206655 -1.05396e-05 -0.002352 0.000644334 -0.00586436 0.99998
36.000000 -0.00252512 0.00162047 0.00023643 -0.00286389 0.00158727 -0.00595281 0.999977
37.000000 -0.00268705 0.0021543 0.000261449 -0.00256375 0.00259216 -0.00593912 0.999976
38.000000 -0.00325174 0.00368495 -7.22104e-05 -0.00279309 0.00385269 -0.00569389 0.999972
39.000000 -0.00356387 0.00323768 0.000343193 -0.00491265 0.00467057 -0.00485981 0.999965
40.000000 -0.00387335 0.00201496 0.00107034 -0.00599544 0.00499948 -0.00382994 0.999962
41.000000 -0.00447696 0.00227744 0.00141517 -0.00518585 0.00538101 -0.00298279 0.999968
42.000000 -0.00470559 0.00242374 0.00195826 -0.00507348 0.00567809 -0.00241047 0.999968
43.000000 -0.00505981 0.00203855 0.00261195 -0.00496507 0.00613338 -0.00218416 0.999967
44.000000 -0.00540273 0.00253125 0.00316283 -0.00401572 0.0069569 -0.00260939 0.999964
45.000000 -0.00567677 0.00365436 0.00370813 -0.00361137 0.00778041 -0.00368689 0.999956
46.000000 -0.00574442 0.00405045 0.00460858 -0.00454093 0.00880521 -0.00496492 0.999939
47.000000 -0.00606403 0.0041039 0.00605801 -0.00542968 0.00981688 -0.00645166 0.999916
48.000000 -0.00600979 0.00552957 0.00708837 -0.00566336 0.0101143 -0.00829035 0.999898
49.000000 -0.00597016 0.00606798 0.00860685 -0.00746707 0.0103945 -0.010242 0.999866
50.000000 -0.00591084 0.0058928 0.0105116 -0.00915493 0.0107066 -0.0119311 0.99983
51.000000 -0.00533881 0.00599695 0.0124325 -0.00973911 0.0104711 -0.0135147 0.999806
52.000000 -0.00495408 0.00724102 0.0140735 -0.0099935 0.0100885 -0.0147014 0.999791
53.000000 -0.00396866 0.00796178 0.0158618 -0.0113821 0.00975813 -0.0160007 0.99976
54.000000 -0.00362538 0.00768581 0.0183702 -0.012969 0.00949653 -0.0167941 0.99973
55.000000 -0.00309604 0.00742906 0.0208885 -0.0135652 0.00824199 -0.0173346 0.999724
56.000000 -0.00198067 0.00757275 0.0232958 -0.0135035 0.00624929 -0.0182255 0.999723
57.000000 -0.00132204 0.006514 0.0261547 -0.0135108 0.00480964 -0.0194583 0.999708
58.000000 -1.56138e-05 0.00682347 0.0288006 -0.0116573 0.00307362 -0.0209577 0.999708
59.000000 0.000917869 0.00814384 0.0312012 -0.0101127 0.00156309 -0.0234099 0.999674
60.000000 0.00218805 0.00816585 0.0341308 -0.0100916 5.49962e-05 -0.0258206 0.999616
61.000000 0.00347212 0.00824861 0.0370445 -0.00966871 -0.00165466 -0.0282841 0.999552
62.000000 0.00488326 0.00889122 0.0397373 -0.00914484 -0.0038706 -0.0305272 0.999485
63.000000 0.00645625 0.00855065 0.0428936 -0.00919914 -0.00641068 -0.0325388 0.999408
64.000000 0.00766042 0.00892676 0.0457385 -0.00886768 -0.00910195 -0.035232 0.999298
65.000000 0.00940462 0.00991388 0.0482764 -0.00916753 -0.0118043 -0.0384438 0.999149
66.000000 0.0115043 0.00844069 0.0515925 -0.0105238 -0.0145939 -0.0415183 0.998976
67.000000 0.0118352 0.00821813 0.0544447 -0.00866642 -0.0167258 -0.0452165 0.9988
68.000000 0.013652 0.00909351 0.0571113 -0.0068264 -0.0197926 -0.048138 0.998621
69.000000 0.0151376 0.00982022 0.0595824 -0.00646661 -0.0227115 -0.050563 0.998442
70.000000 0.0163961 0.00910981 0.0626216 -0.00697843 -0.0258607 -0.0521445 0.99828
71.000000 0.0178348 0.00940213 0.0652891 -0.0063614 -0.0291749 -0.0532925 0.998132
72.000000 0.0191645 0.00991407 0.0677511 -0.00664192 -0.0321224 -0.0544223 0.997979
73.000000 0.0206383 0.00903762 0.0706453 -0.00746137 -0.0356164 -0.0559013 0.997773
74.000000 0.0219897 0.00872887 0.0733488 -0.00647214 -0.0392798 -0.0579157 0.997527
75.000000 0.0234821 0.00997363 0.0755319 -0.00497402 -0.0432306 -0.0607958 0.997201
76.000000 0.0245718 0.0111131 0.0776304 -0.00544007 -0.0468714 -0.0636493 0.996856
77.000000 0.0260859 0.010424 0.080468 -0.00699547 -0.0506978 -0.0670121 0.996439
78.000000 0.0268965 0.0102233 0.0831986 -0.00686232 -0.0536737 -0.0702587 0.99606
79.000000 0.0280087 0.0112899 0.0854219 -0.00613938 -0.0573205 -0.0731506 0.995653
80.000000 0.0293451 0.0115317 0.0879495 -0.00696744 -0.0619714 -0.0761486 0.995144
81.000000 0.0298802 0.0117986 0.0904631 -0.00760312 -0.0661432 -0.0793722 0.994619
82.000000 0.0309933 0.0127208 0.092856 -0.00814275 -0.0707995 -0.0827457 0.994019
83.000000 0.0317393 0.0129026 0.0954033 -0.0101168 -0.0749684 -0.0855454 0.993458
84.000000 0.0323304 0.0125275 0.098183 -0.0119223 -0.0792739 -0.0880041 0.992889
85.000000 0.0331151 0.01271 0.100758 -0.0124714 -0.083943 -0.0903865 0.992284
86.000000 0.0339532 0.0126962 0.103611 -0.0127306 -0.088612 -0.0928607 0.991646
87.000000 0.0347614 0.0130144 0.106376 -0.0125249 -0.0929396 -0.0955757 0.990995
88.000000 0.0355628 0.012996 0.109285 -0.0126717 -0.0967077 -0.0982463 0.990371
89.000000 0.0360107 0.0130056 0.112254 -0.0122676 -0.100209 -0.101287 0.989722
90.000000 0.0372674 0.0135909 0.115261 -0.011268 -0.104144 -0.104563 0.988986
91.000000 0.0378199 0.0138355 0.118438 -0.0113472 -0.1074 -0.107413 0.988331
92.000000 0.0382593 0.0143713 0.121377 -0.0115253 -0.110963 -0.109124 0.987748
93.000000 0.0390761 0.0141747 0.124563 -0.0125722 -0.115011 -0.110374 0.987133
94.000000 0.039909 0.0144248 0.127639 -0.0130571 -0.11944 -0.111775 0.986443
95.000000 0.040819 0.0142944 0.130888 -0.0142195 -0.124515 -0.113761 0.985572
96.000000 0.0413779 0.0128333 0.134527 -0.0151035 -0.12962 -0.116934 0.984529
97.000000 0.0420244 0.0129615 0.137684 -0.0136194 -0.134021 -0.120211 0.983566
98.000000 0.0430693 0.012989 0.140915 -0.0130757 -0.138468 -0.123566 0.982541
99.000000 0.0432771 0.011396 0.144539 -0.0129352 -0.142823 -0.126814 0.981505
100.000000 0.0438268 0.0108659 0.147927 -0.010492 -0.147288 -0.129309 0.980549
101.000000 0.0445548 0.0111528 0.150879 -0.00809414 -0.151611 -0.131298 0.979648
102.000000 0.0448875 0.00995246 0.154285 -0.00657198 -0.156343 -0.133202 0.978658
103.000000 0.045749 0.00995114 0.157425 -0.00348005 -0.161509 -0.134977 0.977591
104.000000 0.0462164 0.00983688 0.160162 -0.00120805 -0.165751 -0.136823 0.976629
105.000000 0.0463197 0.00912807 0.163001 0.00100082 -0.169689 -0.138334 0.97574
106.000000 0.0469404 0.00980557 0.165455 0.00358236 -0.173793 -0.139442 0.974853
107.000000 0.0470703 0.00888951 0.168225 0.00449003 -0.177916 -0.140907 0.973895
108.000000 0.0472886 0.00800979 0.170917 0.00626521 -0.18239 -0.142205 0.972868
109.000000 0.0476788 0.00767247 0.173469 0.00900735 -0.187613 -0.142341 0.971833
110.000000 0.0481554 0.00749477 0.176002 0.0114502 -0.193769 -0.14199 0.97065
111.000000 0.0486452 0.00727744 0.178408 0.0135869 -0.199999 -0.141653 0.969407
112.000000 0.0483049 0.00654292 0.180836 0.015371 -0.205949 -0.141783 0.968115
113.000000 0.0487073 0.00673328 0.183271 0.0178046 -0.212138 -0.141831 0.966729
114.000000 0.0490991 0.00679254 0.185623 0.0195512 -0.218142 -0.142286 0.965291
115.000000 0.0489646 0.00613647 0.18822 0.0208705 -0.223663 -0.143254 0.963856
116.000000 0.0492052 0.00640672 0.19066 0.0226066 -0.22921 -0.143577 0.962464
117.000000 0.0492426 0.00624616 0.193351 0.0236729 -0.235783 -0.143879 0.960804
118.000000 0.0497599 0.00611407 0.196322 0.0254173 -0.243018 -0.143779 0.95897
119.000000 0.049881 0.00637449 0.199081 0.027223 -0.249265 -0.144312 0.957236
120.000000 0.050102 0.00619914 0.202128 0.0282239 -0.255816 -0.145343 0.95532
121.000000 0.050124 0.00615057 0.205208 0.0299217 -0.262678 -0.146894 0.953167
122.000000 0.0502196 0.00599955 0.208367 0.0311288 -0.269271 -0.147841 0.95114
123.000000 0.050243 0.0056842 0.211447 0.0322945 -0.275576 -0.148378 0.94921
124.000000 0.0506021 0.00535124 0.214752 0.0336766 -0.282342 -0.148861 0.947095
125.000000 0.0508867 0.00545804 0.217906 0.0353657 -0.288914 -0.149795 0.944902
126.000000 0.0513893 0.0053806 0.221175 0.036284 -0.295061 -0.151272 0.94273
127.000000 0.0518505 0.0048873 0.224372 0.037257 -0.30116 -0.15312 0.940462
128.000000 0.0524124 0.00491052 0.227489 0.0388764 -0.307155 -0.153992 0.938313
129.000000 0.0530351 0.00569134 0.230139 0.039355 -0.312716 -0.155068 0.936277
130.000000 0.0536363 0.00549883 0.232944 0.0383544 -0.318554 -0.156181 0.934163
131.000000 0.0539651 0.00497264 0.235893 0.0378019 -0.324815 -0.156629 0.931951
132.000000 0.0546615 0.00560325 0.238447 0.0381128 -0.331087 -0.157776 0.929535
133.000000 0.0552546 0.00494419 0.241505 0.0376427 -0.337522 -0.159792 0.926892
134.000000 0.0557627 0.00527957 0.243788 0.0388067 -0.343839 -0.161179 0.924278
135.000000 0.0565009 0.0060572 0.24607 0.039249 -0.350755 -0.162626 0.921403
136.000000 0.0572718 0.00630188 0.248569 0.038522 -0.3579 -0.163775 0.918478
137.000000 0.0577165 0.0062031 0.250886 0.0376278 -0.364426 -0.164027 0.9159
138.000000 0.0580875 0.00636458 0.253158 0.0375688 -0.37167 -0.163282 0.913121
139.000000 0.058307 0.0067485 0.25543 0.0377938 -0.379714 -0.162641 0.90991
140.000000 0.0583501 0.00713815 0.259586 0.0354465 -0.394902 -0.161874 0.903655
141.000000 0.0582498 0.00763065 0.261619 0.034974 -0.402852 -0.160508 0.900402
142.000000 0.0580887 0.00814767 0.263505 0.0337663 -0.410648 -0.15922 0.897149
143.000000 0.0576454 0.00809282 0.265474 0.0324468 -0.417965 -0.158096 0.894013
144.000000 0.0570224 0.00809392 0.267254 0.0319859 -0.424819 -0.157221 0.890947
145.000000 0.0563959 0.00786907 0.26916 0.0325573 -0.43212 -0.15593 0.887636
146.000000 0.0556883 0.00881474 0.270664 0.0340253 -0.439353 -0.155079 0.884173
147.000000 0.0547397 0.00950273 0.271989 0.033897 -0.44596 -0.155194 0.880844
148.000000 0.0538638 0.0095865 0.273842 0.0332063 -0.452889 -0.155275 0.877313
149.000000 0.052926 0.00986258 0.275835 0.0328623 -0.459755 -0.155274 0.873748
150.000000 0.0517885 0.0100349 0.277603 0.0326226 -0.466084 -0.155254 0.870401
151.000000 0.0506829 0.0102228 0.279495 0.0326273 -0.472498 -0.154685 0.867037
152.000000 0.0495624 0.0104884 0.281734 0.0332192 -0.479433 -0.154126 0.863299
153.000000 0.0483114 0.0109026 0.283705 0.0339305 -0.4859 -0.153715 0.859722
154.000000 0.0468848 0.0110391 0.285712 0.0342798 -0.491753 -0.153529 0.856407
155.000000 0.0440166 0.0120625 0.289895 0.0340739 -0.501772 -0.152527 0.850764
156.000000 0.0426192 0.0121712 0.292196 0.0331513 -0.507579 -0.152055 0.847434
157.000000 0.0411655 0.0126508 0.294216 0.0330087 -0.513476 -0.151656 0.843951
158.000000 0.0395206 0.0128958 0.296227 0.0323496 -0.519412 -0.152317 0.840217
159.000000 0.0379649 0.0128777 0.298381 0.0319258 -0.525229 -0.152768 0.836527
160.000000 0.0362916 0.0129764 0.300318 0.0324107 -0.531021 -0.153678 0.832676
161.000000 0.034504 0.0132433 0.302118 0.0323251 -0.536266 -0.155315 0.829006
162.000000 0.032942 0.0132656 0.30385 0.0313824 -0.54143 -0.156377 0.825479
163.000000 0.0314118 0.0132262 0.305807 0.0309813 -0.547429 -0.156715 0.821464
164.000000 0.0298098 0.0134056 0.307761 0.0305076 -0.553569 -0.157508 0.817203
165.000000 0.0283534 0.0134993 0.30953 0.0293553 -0.559294 -0.157843 0.813274
166.000000 0.0268255 0.0131488 0.311706 0.0286107 -0.565167 -0.157093 0.809376
167.000000 0.0253539 0.0137333 0.313167 0.0289532 -0.57058 -0.156769 0.80562
168.000000 0.0238903 0.0139759 0.314629 0.0279016 -0.575658 -0.15734 0.801925
169.000000 0.0227574 0.0141379 0.316341 0.0275616 -0.580946 -0.156821 0.798216
170.000000 0.0217144 0.0149156 0.317783 0.0276842 -0.586452 -0.156251 0.794288
171.000000 0.0205414 0.015533 0.318844 0.0262699 -0.5917 -0.156211 0.790443
172.000000 0.0195764 0.0160474 0.319797 0.0240901 -0.596712 -0.155639 0.786849
173.000000 0.0187418 0.0165697 0.320821 0.0222667 -0.602188 -0.153961 0.783051
174.000000 0.0178775 0.0171631 0.321913 0.0205325 -0.60816 -0.152099 0.778836
175.000000 0.0170333 0.0176996 0.322504 0.0184914 -0.613676 -0.150438 0.774873
176.000000 0.0164294 0.0183283 0.323336 0.016677 -0.619745 -0.148317 0.77048
177.000000 0.0158454 0.0189469 0.324009 0.0148154 -0.62599 -0.146845 0.765737
178.000000 0.0153577 0.019338 0.324741 0.0131949 -0.632197 -0.145324 0.760943
179.000000 0.014925 0.0198518 0.325538 0.0118999 -0.638544 -0.143182 0.756055
180.000000 0.0143872 0.0202018 0.325934 0.0101687 -0.644648 -0.141243 0.751249
181.000000 0.0139053 0.0204389 0.326344 0.0084759 -0.65077 -0.139313 0.746337
182.000000 0.013506 0.0207673 0.326445 0.00749313 -0.657132 -0.137229 0.741141
183.000000 0.0127685 0.0212784 0.326899 0.00548954 -0.670689 -0.133638 0.72958
184.000000 0.012472 0.0215067 0.327084 0.00587951 -0.677825 -0.131673 0.723312
185.000000 0.0119448 0.0218285 0.328009 0.0057881 -0.684646 -0.130494 0.717076
186.000000 0.0116027 0.0220003 0.329272 0.0050796 -0.691164 -0.130519 0.710796
187.000000 0.0113762 0.0222127 0.330697 0.00432321 -0.697512 -0.130396 0.704596
188.000000 0.011193 0.0224821 0.332026 0.00290825 -0.70362 -0.131396 0.698316
189.000000 0.0111869 0.0223496 0.333527 0.0017124 -0.709651 -0.133091 0.691867
190.000000 0.0114675 0.0224447 0.334917 0.00300942 -0.715925 -0.133659 0.685257
191.000000 0.0115502 0.0227196 0.3368 0.00453344 -0.722189 -0.133612 0.678653
192.000000 0.0115638 0.0228481 0.338377 0.00443632 -0.727824 -0.134262 0.672478
193.000000 0.0117014 0.0229026 0.339757 0.00398627 -0.73313 -0.134815 0.66658
194.000000 0.0119216 0.0230276 0.340712 0.00382384 -0.738446 -0.1346 0.660731
195.000000 0.0120843 0.0232586 0.341427 0.00342046 -0.743448 -0.134164 0.65519
196.000000 0.0122903 0.0235783 0.342233 0.0026338 -0.748263 -0.133579 0.649809
197.000000 0.0125118 0.0236908 0.343302 0.00173851 -0.753251 -0.133362 0.644069
198.000000 0.0127804 0.0238761 0.343766 0.00138263 -0.757881 -0.13259 0.638776
199.000000 0.0128541 0.0237124 0.345244 0.000723862 -0.762364 -0.131418 0.633664
200.000000 0.013119 0.0243259 0.345025 -0.000554325 -0.766752 -0.130644 0.628509
201.000000 0.0133944 0.0244316 0.345154 -0.0015177 -0.771119 -0.129701 0.623338
202.000000 0.0134846 0.0243547 0.345804 -0.00203042 -0.775342 -0.128591 0.618308
203.000000 0.0136072 0.0243385 0.346176 -0.00243686 -0.779595 -0.127172 0.613231
204.000000 0.0136682 0.0242634 0.347134 -0.00268263 -0.783636 -0.125626 0.60838
205.000000 0.0136601 0.0239859 0.347705 -0.00324508 -0.787559 -0.124067 0.603612
206.000000 0.0137593 0.0238558 0.34802 -0.00330763 -0.791729 -0.121624 0.598634
207.000000 0.013748 0.0237824 0.348153 -0.00309444 -0.795631 -0.119017 0.593966
208.000000 0.0137149 0.0238511 0.348045 -0.00380873 -0.799294 -0.116552 0.589517
209.000000 0.0136093 0.023793 0.348134 -0.00511847 -0.802862 -0.115065 0.584934
210.000000 0.0135975 0.0236596 0.348284 -0.00631151 -0.806209 -0.113898 0.580529
211.000000 0.0135776 0.023365 0.34776 -0.00747716 -0.809409 -0.112414 0.576336
212.000000 0.0136037 0.0233393 0.347518 -0.00845373 -0.812737 -0.110421 0.572009
213.000000 0.0136191 0.0232665 0.347006 -0.00935359 -0.815701 -0.108946 0.568045
214.000000 0.0135271 0.0228676 0.346449 -0.0101894 -0.818448 -0.107738 0.564298
215.000000 0.0134404 0.0225464 0.346079 -0.0105299 -0.821199 -0.105897 0.560631
216.000000 0.0132901 0.0221907 0.345592 -0.0108558 -0.824124 -0.103905 0.556692
217.000000 0.0131866 0.0217935 0.345074 -0.0112322 -0.827088 -0.101736 0.552674
218.000000 0.0130715 0.0213738 0.344675 -0.0113522 -0.829933 -0.0995993 0.548783
219.000000 0.0129636 0.0209679 0.34417 -0.0109816 -0.832821 -0.0975685 0.544765
220.000000 0.0128807 0.020768 0.343796 -0.0101189 -0.835532 -0.0953588 0.541008
221.000000 0.0127049 0.0203407 0.343245 -0.00881252 -0.83803 -0.0935188 0.537479
222.000000 0.0123987 0.0197683 0.342476 -0.00760259 -0.840234 -0.091399 0.534411
223.000000 0.0121126 0.0195213 0.34191 -0.00713722 -0.842421 -0.0888028 0.531404
224.000000 0.0117655 0.0189227 0.341093 -0.00731997 -0.844711 -0.0864053 0.528151
225.000000 0.0114773 0.0185271 0.340326 -0.00697233 -0.847271 -0.0837411 0.524471
226.000000 0.0110801 0.0181048 0.33946 -0.00683095 -0.849774 -0.0813606 0.520786
227.000000 0.0107258 0.0176539 0.338688 -0.0062739 -0.852136 -0.0786748 0.517334
228.000000 0.0103199 0.0175126 0.337751 -0.00583108 -0.854053 -0.0759188 0.514584
229.000000 0.00986162 0.0170894 0.336677 -0.0060584 -0.855667 -0.0737811 0.512205
230.000000 0.00932576 0.0164535 0.335666 -0.00634322 -0.857501 -0.0714475 0.509457
231.000000 0.00880383 0.0159109 0.334685 -0.00597765 -0.859271 -0.0689631 0.506815
232.000000 0.00820736 0.0153822 0.333903 -0.00494031 -0.860992 -0.0662382 0.504263
233.000000 0.00760011 0.0148858 0.332715 -0.00364418 -0.862362 -0.063473 0.502284
234.000000 0.0069755 0.0145705 0.331729 -0.00227458 -0.863515 -0.0612051 0.50059
235.000000 0.00626208 0.0139808 0.330575 -0.000595919 -0.864501 -0.059262 0.499124
236.000000 0.00548065 0.0135095 0.329579 0.000378734 -0.865371 -0.0570835 0.49787
237.000000 0.00369888 0.0115825 0.327258 0.00347873 -0.867045 -0.0531683 0.495373
238.000000 0.00273733 0.0107186 0.326082 0.00533299 -0.868044 -0.0503499 0.4939
239.000000 0.00168134 0.00928778 0.324797 0.00754419 -0.869165 -0.047558 0.492172
240.000000 0.000629157 0.00838234 0.323779 0.00991142 -0.870278 -0.0437341 0.490515
241.000000 -0.000433028 0.00748532 0.322737 0.0124348 -0.871303 -0.0398086 0.48897
242.000000 -0.00147511 0.00675194 0.321254 0.0146175 -0.871991 -0.0361415 0.487967
243.000000 -0.00261308 0.00578241 0.319994 0.0164605 -0.872624 -0.0325521 0.487028
244.000000 -0.00363444 0.00497835 0.318628 0.0175052 -0.873054 -0.0292221 0.486431
245.000000 -0.00475296 0.00406357 0.317159 0.0175164 -0.873702 -0.026334 0.485432
246.000000 -0.00584725 0.00282287 0.315767 0.0179157 -0.874476 -0.0231154 0.484187
247.000000 -0.00694317 0.00183747 0.31409 0.0185858 -0.875237 -0.0195397 0.482942
248.000000 -0.00790146 0.000972691 0.312432 0.0199029 -0.875904 -0.0158927 0.481813
249.000000 -0.00892943 0.000118485 0.311014 0.020815 -0.876579 -0.0124431 0.480647
250.000000 -0.0100165 -0.00114203 0.309421 0.0217923 -0.87746 -0.00896156 0.47907
251.000000 -0.0110148 -0.00187352 0.307787 0.0233131 -0.878553 -0.00501414 0.47705
252.000000 -0.0118895 -0.00284448 0.306031 0.025265 -0.879633 -0.00172221 0.474978
253.000000 -0.0128797 -0.00400814 0.304448 0.0272838 -0.880857 0.00156053 0.472593
254.000000 -0.0139121 -0.00493517 0.30289 0.0296003 -0.882019 0.0052812 0.470254
255.000000 -0.0148096 -0.00582076 0.301414 0.0318523 -0.883075 0.00882265 0.468066
256.000000 -0.0157884 -0.00684102 0.299924 0.0338904 -0.884225 0.0123662 0.465666
257.000000 -0.0166054 -0.00770932 0.298302 0.0358018 -0.885325 0.0149483 0.463351
258.000000 -0.0175147 -0.00858975 0.296695 0.0368705 -0.886454 0.0170616 0.46103
259.000000 -0.0184998 -0.00975025 0.295286 0.0378309 -0.88777 0.0198692 0.458299
260.000000 -0.0193384 -0.0104432 0.293728 0.0396005 -0.889155 0.0231703 0.4553
261.000000 -0.0201802 -0.0111052 0.292162 0.0411871 -0.890364 0.0257641 0.45265
262.000000 -0.0210849 -0.0120075 0.290577 0.0422884 -0.891726 0.027789 0.449737
263.000000 -0.022027 -0.0128603 0.288943 0.0431678 -0.893322 0.03001 0.446331
264.000000 -0.0229107 -0.0130693 0.287648 0.044757 -0.894963 0.0330876 0.442654
265.000000 -0.0236632 -0.0135249 0.285999 0.0466242 -0.896332 0.035084 0.439527
266.000000 -0.024548 -0.0142713 0.284358 0.0475005 -0.89765 0.0359494 0.436664
267.000000 -0.0254144 -0.0147178 0.282501 0.0485116 -0.899108 0.0374452 0.433416
268.000000 -0.0262956 -0.0149847 0.281229 0.0500728 -0.900495 0.0394099 0.430171
269.000000 -0.0271401 -0.0152754 0.279544 0.051916 -0.901508 0.0417219 0.427606
270.000000 -0.0277941 -0.0159395 0.277456 0.0528696 -0.902379 0.0434292 0.425478
271.000000 -0.0287023 -0.0165687 0.275764 0.0529092 -0.903637 0.0445344 0.422679
272.000000 -0.0295641 -0.0170542 0.273863 0.0529297 -0.905035 0.046798 0.419428
273.000000 -0.030431 -0.0172487 0.272284 0.0535052 -0.906519 0.0487907 0.415909
274.000000 -0.0309507 -0.0172716 0.270274 0.0540356 -0.907769 0.0499206 0.412968
275.000000 -0.031738 -0.0174014 0.268569 0.0544766 -0.909121 0.0508635 0.409809
276.000000 -0.0326085 -0.0175 0.26702 0.0550915 -0.910382 0.0523504 0.406729
277.000000 -0.0333821 -0.0176107 0.265401 0.0563039 -0.911449 0.0539675 0.403954
278.000000 -0.0340433 -0.0175734 0.263762 0.0572913 -0.912443 0.0549185 0.401434
279.000000 -0.034805 -0.0180175 0.262047 0.0574491 -0.913442 0.0553515 0.399074
280.000000 -0.035563 -0.0183173 0.260442 0.0576589 -0.914592 0.0560884 0.396295
281.000000 -0.0364346 -0.0186486 0.258883 0.0578136 -0.915976 0.0567838 0.392965
282.000000 -0.0374122 -0.0188309 0.256933 0.0581071 -0.9176 0.0572783 0.389042
283.000000 -0.0381432 -0.0190663 0.255642 0.0577474 -0.919342 0.0574203 0.38494
284.000000 -0.0391232 -0.0192327 0.253691 0.0575056 -0.921227 0.0573477 0.380453
285.000000 -0.0400357 -0.0192508 0.251821 0.0572223 -0.923075 0.0572261 0.376009
286.000000 -0.0410766 -0.0191347 0.250246 0.0562226 -0.924923 0.0571706 0.371602
287.000000 -0.0421233 -0.0190527 0.248274 0.0548337 -0.926819 0.0572884 0.367039
288.000000 -0.0438605 -0.0187702 0.247057 0.0527537 -0.928916 0.0569384 0.362063
289.000000 -0.0452373 -0.018574 0.245022 0.0507969 -0.930751 0.056755 0.357633
290.000000 -0.0467275 -0.0183235 0.243345 0.0490118 -0.932519 0.0576696 0.353102
291.000000 -0.0483761 -0.0176396 0.241804 0.0479048 -0.934307 0.0577424 0.348484
292.000000 -0.0500467 -0.017134 0.240116 0.0466544 -0.935984 0.0565327 0.344327
293.000000 -0.0519889 -0.0170277 0.238351 0.0446344 -0.937533 0.0562498 0.340404
294.000000 -0.0540621 -0.0169781 0.236822 0.043275 -0.939032 0.0568362 0.336328
295.000000 -0.0561791 -0.0167816 0.235219 0.0423401 -0.940535 0.0571336 0.33217
296.000000 -0.0583384 -0.0166212 0.233716 0.0419261 -0.942002 0.0570915 0.328048
297.000000 -0.0604925 -0.0164122 0.232161 0.0417189 -0.943435 0.0560954 0.324104
298.000000 -0.0629197 -0.016549 0.230724 0.0406268 -0.944957 0.0547819 0.320008
299.000000 -0.0653165 -0.0162832 0.229225 0.0392784 -0.946479 0.0540114 0.31578
300.000000 -0.0677467 -0.0164403 0.227693 0.0377795 -0.947943 0.0527978 0.311751
301.000000 -0.0703012 -0.0167643 0.226254 0.0358294 -0.949416 0.0517819 0.307644
302.000000 -0.0727044 -0.0167482 0.224657 0.0347388 -0.950885 0.0509593 0.303339
303.000000 -0.0752112 -0.0165544 0.223267 0.0344645 -0.952316 0.0498176 0.29904
304.000000 -0.0778445 -0.0170265 0.2219 0.0344458 -0.953754 0.0484145 0.294659
305.000000 -0.0804547 -0.0172841 0.220288 0.0347778 -0.955269 0.047692 0.289787
306.000000 -0.0829702 -0.0173807 0.218722 0.0354792 -0.956678 0.047619 0.285029
307.000000 -0.0854059 -0.0168013 0.217492 0.0365343 -0.957966 0.0473256 0.280581
308.000000 -0.087903 -0.0165002 0.216201 0.0370523 -0.959278 0.0461117 0.276201
309.000000 -0.0904795 -0.0166859 0.214793 0.0372486 -0.960603 0.0448137 0.271748
310.000000 -0.0933217 -0.0167027 0.21383 0.0371619 -0.961951 0.04465 0.266974
311.000000 -0.0957457 -0.0162558 0.212674 0.0371531 -0.963257 0.0445049 0.262249
312.000000 -0.0981137 -0.015989 0.211521 0.0363421 -0.964639 0.043962 0.257331
313.000000 -0.100879 -0.015633 0.210669 0.0351997 -0.966171 0.043758 0.251712
314.000000 -0.10319 -0.0145932 0.209779 0.0343599 -0.967667 0.043188 0.24612
315.000000 -0.105698 -0.0138622 0.209001 0.0342612 -0.969098 0.0421686 0.240619
316.000000 -0.10784 -0.012929 0.208084 0.0345845 -0.970236 0.0410672 0.236133
317.000000 -0.109923 -0.0120814 0.207381 0.0343347 -0.971284 0.0390547 0.232171
318.000000 -0.111898 -0.0118002 0.206175 0.0335713 -0.972205 0.0373786 0.228679
319.000000 -0.113926 -0.0116369 0.205019 0.0325049 -0.973054 0.0367826 0.225294
320.000000 -0.115529 -0.0109357 0.203737 0.0314333 -0.973801 0.0364837 0.222247
321.000000 -0.117177 -0.0096529 0.202642 0.0304569 -0.97449 0.0356611 0.219475
322.000000 -0.118948 -0.00933405 0.20135 0.0290254 -0.975191 0.0341622 0.21678
323.000000 -0.120625 -0.00891867 0.199854 0.0281 -0.975949 0.0331859 0.21362
324.000000 -0.122229 -0.0080755 0.198434 0.0277336 -0.976716 0.0323983 0.210255
325.000000 -0.123568 -0.0071613 0.196907 0.0273792 -0.977406 0.0312549 0.207248
326.000000 -0.125283 -0.00665425 0.195257 0.0268985 -0.978076 0.0300199 0.20431
327.000000 -0.126782 -0.00607634 0.193862 0.0263154 -0.97855 0.0291447 0.20223
328.000000 -0.128306 -0.00533519 0.192079 0.0257419 -0.978895 0.0280434 0.200788
329.000000 -0.12981 -0.00457816 0.190387 0.0248909 -0.97918 0.026979 0.199649
330.000000 -0.131197 -0.00410324 0.188373 0.0241783 -0.979469 0.0258617 0.198462
331.000000 -0.132576 -0.00332335 0.186458 0.0237002 -0.979753 0.0246622 0.197265
332.000000 -0.133827 -0.00321433 0.184007 0.0232852 -0.979979 0.0231 0.196383
333.000000 -0.135291 -0.00304428 0.181703 0.023438 -0.980194 0.0220203 0.195411
334.000000 -0.136611 -0.00132979 0.179773 0.0241367 -0.980314 0.0208699 0.194852
335.000000 -0.137883 -0.00127097 0.177165 0.0240448 -0.980359 0.0177516 0.194941
336.000000 -0.139145 -0.00184303 0.173777 0.0239543 -0.980469 0.0153193 0.194605
337.000000 -0.140434 -0.00154852 0.171375 0.0239975 -0.980673 0.0136251 0.193698
338.000000 -0.14178 -0.00200464 0.168648 0.0237652 -0.980972 0.0118152 0.192329
339.000000 -0.143126 -0.00266865 0.165852 0.0232108 -0.981253 0.0110286 0.191001
340.000000 -0.144416 -0.00289447 0.16332 0.0226905 -0.981538 0.0110589 0.189596
341.000000 -0.145674 -0.00265742 0.160671 0.0230573 -0.981795 0.0111397 0.188211
342.000000 -0.146847 -0.00198294 0.158097 0.0235516 -0.981896 0.0108133 0.18764
343.000000 -0.147929 -0.00197906 0.154792 0.0233403 -0.981992 0.00940486 0.187238
344.000000 -0.148923 -0.00241754 0.151668 0.0228307 -0.982162 0.00819297 0.186468
345.000000 -0.149944 -0.00253159 0.148885 0.0228437 -0.982357 0.00784664 0.185447
346.000000 -0.150934 -0.00231453 0.145956 0.0227419 -0.982489 0.00795012 0.184755
347.000000 -0.151937 -0.00191129 0.143429 0.0226695 -0.98256 0.00761773 0.1844
348.000000 -0.152831 -0.00155203 0.140602 0.0219477 -0.982575 0.00692774 0.184439
349.000000 -0.153529 -0.00119339 0.137362 0.0210699 -0.982574 0.00594835 0.18458
350.000000 -0.154279 -0.00062745 0.134579 0.0200638 -0.9826 0.00504325 0.184576
351.000000 -0.15508 -0.000250374 0.131478 0.0190313 -0.982671 0.00370643 0.184344
352.000000 -0.155811 -7.76863e-06 0.128645 0.0180763 -0.98276 0.00250678 0.183984
353.000000 -0.156753 -0.000371723 0.125771 0.0169766 -0.982928 0.00168487 0.183197
354.000000 -0.157468 -0.000276342 0.12336 0.0162737 -0.983093 0.00187675 0.182374
355.000000 -0.158121 -0.000170002 0.120684 0.0154435 -0.983297 0.00203309 0.181343
356.000000 -0.158907 -0.00045836 0.117969 0.014038 -0.983627 0.00222597 0.179655
357.000000 -0.159885 -0.000557118 0.115854 0.0129438 -0.984044 0.00322699 0.177426
358.000000 -0.160327 0.000401958 0.113328 0.0125911 -0.984384 0.0045166 0.175528
359.000000 -0.160355 0.00133588 0.111029 0.0118912 -0.984726 0.00398373 0.173658
360.000000 -0.160952 0.00149647 0.108757 0.0105852 -0.98524 0.00236992 0.170834
361.000000 -0.161511 0.00141265 0.105927 0.00979766 -0.985866 0.00157489 0.167238
362.000000 -0.161973 0.00215691 0.103887 0.0095535 -0.986544 0.00122723 0.163213
363.000000 -0.162108 0.00256969 0.101477 0.00964605 -0.987177 0.000116313 0.15934
364.000000 -0.162872 0.00201956 0.0989916 0.00953003 -0.987796 -0.000692391 0.155461
365.000000 -0.163463 0.00194841 0.096499 0.00997332 -0.98835 0.000263048 0.15187
366.000000 -0.163456 0.00315372 0.0941832 0.0108071 -0.988861 0.00133228 0.148446
367.000000 -0.163707 0.00371713 0.091756 0.0108981 -0.989486 0.000365031 0.144217
368.000000 -0.164183 0.00381211 0.0895414 0.0110332 -0.990156 -0.000569404 0.139529
369.000000 -0.164677 0.00346524 0.087337 0.0111565 -0.990814 -0.00104761 0.134766
370.000000 -0.165492 0.00287867 0.0845502 0.0109356 -0.991493 -0.000794228 0.129697
371.000000 -0.165811 0.00289026 0.0816416 0.0106601 -0.992136 0.000482573 0.124707
372.000000 -0.16621 0.00242166 0.0788725 0.010091 -0.99277 0.00172341 0.119598
373.000000 -0.167004 0.00198653 0.0765394 0.00965043 -0.993375 0.00382996 0.11445
374.000000 -0.167539 0.00315756 0.0746351 0.00936855 -0.993911 0.00645924 0.109593
375.000000 -0.168042 0.00370157 0.0722769 0.00852255 -0.994357 0.00734681 0.105485
376.000000 -0.169067 0.00259083 0.069837 0.00711535 -0.994752 0.00767913 0.101774
377.000000 -0.169303 0.00308255 0.0671093 0.00591026 -0.995079 0.010113 0.0983944
378.000000 -0.169836 0.00408749 0.0647449 0.00551173 -0.995457 0.0116057 0.0943448
379.000000 -0.170626 0.00386991 0.0618449 0.00533115 -0.995875 0.0115025 0.0898487
380.000000 -0.171528 0.00380795 0.0597564 0.00519288 -0.996246 0.0120937 0.0855669
381.000000 -0.171902 0.00425893 0.056786 0.00439183 -0.996513 0.0126559 0.0823549
382.000000 -0.172702 0.00404283 0.0546106 0.00294577 -0.996794 0.0127632 0.0789285
383.000000 -0.173942 0.00385213 0.0519825 0.00159583 -0.997097 0.0132219 0.0749733
384.000000 -0.175214 0.00348995 0.0496711 0.000460365 -0.997352 0.0140037 0.0713592
385.000000 -0.175855 0.00338657 0.046803 -0.000370044 -0.997566 0.014653 0.0681679
386.000000 -0.176882 0.00285941 0.0441414 -0.000979871 -0.997799 0.0149755 0.0645975
387.000000 -0.178479 0.0021214 0.0420608 -0.00151049 -0.998019 0.0159988 0.0608353
388.000000 -0.179387 0.00176021 0.0392813 -0.00141491 -0.998174 0.0175334 0.0577827
389.000000 -0.18082 0.00153611 0.0370511 -0.00125463 -0.998314 0.0188053 0.0549013
390.000000 -0.182394 0.000482732 0.0346682 -0.00142321 -0.998434 0.0196611 0.0523532
391.000000 -0.183762 -0.000126896 0.0321421 -0.00128862 -0.998507 0.0214951 0.0501952
392.000000 -0.184776 -0.000472173 0.0297298 -0.00170069 -0.998539 0.0231163 0.0488067
393.000000 -0.18607 -0.000963026 0.02739 -0.0022885 -0.998581 0.0245134 0.0472163
394.000000 -0.188053 -0.00186242 0.0247199 -0.00319927 -0.998628 0.0256793 0.045526
395.000000 -0.188985 -0.00278958 0.0218492 -0.00369388 -0.998616 0.0270964 0.044936
396.000000 -0.190323 -0.00344239 0.0197861 -0.00394292 -0.998611 0.0291946 0.0436866
397.000000 -0.191549 -0.00298336 0.0172626 -0.00386397 -0.998607 0.0316192 0.0420695
398.000000 -0.192648 -0.00288959 0.015059 -0.00332841 -0.998644 0.0327049 0.0403639
399.000000 -0.193998 -0.00415895 0.0124939 -0.0031112 -0.99872 0.0332157 0.0380223
400.000000 -0.194964 -0.00428634 0.0101932 -0.0029603 -0.99874 0.0353451 0.0355122
401.000000 -0.196154 -0.00462007 0.00801373 -0.00249611 -0.99878 0.0368511 0.0327627
402.000000 -0.197295 -0.00542779 0.00573556 -0.00261379 -0.998782 0.0387602 0.0304154
403.000000 -0.1976 -0.00598066 0.00312228 -0.00284102 -0.998734 0.0415227 0.0282595
404.000000 -0.198668 -0.0057306 0.00138014 -0.00225616 -0.998683 0.0445494 0.0253338
405.000000 -0.199368 -0.00725617 -0.0010872 -0.000958232 -0.998672 0.0459314 0.0233163
406.000000 -0.200277 -0.00736301 -0.00284249 -0.000317749 -0.998577 0.0487366 0.0216502
407.000000 -0.200716 -0.00751543 -0.00495699 -0.000104316 -0.998502 0.0508997 0.020085
408.000000 -0.201373 -0.00757129 -0.00703209 -8.6242e-05 -0.998478 0.0520607 0.0181803
409.000000 -0.201776 -0.00881736 -0.00919025 -0.000654738 -0.998472 0.0527819 0.0163649
410.000000 -0.202104 -0.00950314 -0.0112064 -0.00108366 -0.99838 0.0550146 0.0144456
411.000000 -0.202609 -0.0101097 -0.0133953 -0.000900354 -0.998277 0.0572228 0.0129392
412.000000 -0.203289 -0.0103251 -0.0154209 -0.000982223 -0.998198 0.0588809 0.01154
413.000000 -0.203548 -0.0105448 -0.0175859 -0.00151905 -0.998152 0.059892 0.0101307
414.000000 -0.203822 -0.0114834 -0.0200893 -0.00268569 -0.998142 0.0602515 0.0086722
415.000000 -0.204172 -0.011589 -0.0222225 -0.00423943 -0.998082 0.0613725 0.0068753
416.000000 -0.204891 -0.0122359 -0.024626 -0.0061025 -0.998011 0.062592 0.00434321
417.000000 -0.205891 -0.0132662 -0.0270629 -0.00709549 -0.997903 0.0643123 0.00151356
418.000000 -0.206284 -0.0145928 -0.0297945 0.00721616 0.997734 -0.0668942 0.000513391
419.000000 -0.20635 -0.0144425 -0.0322969 0.00672473 0.997517 -0.0700736 0.00199063
420.000000 -0.206874 -0.0150812 -0.0351252 0.00626792 0.99741 -0.0715932 0.00308616
421.000000 -0.206476 -0.015836 -0.0379353 0.00599766 0.997312 -0.0729611 0.00310142
422.000000 -0.207331 -0.0164366 -0.0405212 0.00575313 0.997212 -0.0743194 0.00340755
423.000000 -0.207609 -0.0175056 -0.0435593 0.00552031 0.997116 -0.0756364 0.00281055
424.000000 -0.207292 -0.0178049 -0.0466177 0.00470486 0.9969 -0.0785268 0.00164767
425.000000 -0.2071 -0.0178609 -0.049545 0.00310908 0.996765 -0.080315 0.000260786
426.000000 -0.207114 -0.0175462 -0.0523546 -0.00143427 -0.996723 0.0808635 0.00119729
427.000000 -0.205489 -0.0182212 -0.0557471 0.000145127 -0.996711 0.0809575 0.00366814
428.000000 -0.205005 -0.0183958 -0.0589188 0.00147357 -0.996654 0.0815655 0.00510412
429.000000 -0.205417 -0.0186931 -0.0618828 0.00234721 -0.996623 0.081875 0.00572483
430.000000 -0.204972 -0.0195714 -0.0654048 0.00230921 -0.996605 0.0820098 0.006848
431.000000 -0.204872 -0.0200332 -0.0683572 0.00194181 -0.996501 0.0832386 0.00724221
432.000000 -0.20502 -0.020363 -0.0716764 0.00185576 -0.996365 0.0848242 0.00766814
433.000000 -0.2047 -0.020741 -0.0747535 0.00135843 -0.996265 0.0858689 0.00902409
434.000000 -0.204839 -0.0221704 -0.0781874 0.000360907 -0.996211 0.086443 0.00953429
435.000000 -0.204053 -0.022589 -0.0813781 9.90574e-05 -0.995994 0.0888349 0.0102241
436.000000 -0.203379 -0.0228447 -0.0842274 0.000904203 -0.995724 0.0917003 0.0110987
437.000000 -0.202242 -0.0231485 -0.0874468 0.00227337 -0.995555 0.0933063 0.0125783
438.000000 -0.199996 -0.0236144 -0.0905419 0.00404872 -0.995363 0.0950406 0.0142335
439.000000 -0.199369 -0.0238649 -0.0932153 0.00522666 -0.995134 0.0972248 0.0150822
440.000000 -0.198676 -0.0244172 -0.0958621 0.00641356 -0.994893 0.0993892 0.0163776
441.000000 -0.198455 -0.0240942 -0.0985732 0.00685665 -0.99461 0.101972 0.0174835
442.000000 -0.19827 -0.0235168 -0.10095 0.00717407 -0.994376 0.103993 0.0187477
443.000000 -0.198106 -0.0234953 -0.10359 0.00706218 -0.99424 0.105005 0.0202506
444.000000 -0.198138 -0.0243052 -0.106352 0.00668307 -0.994232 0.104932 0.0211596
445.000000 -0.198151 -0.0244611 -0.109103 0.00683115 -0.994275 0.104463 0.0213906
446.000000 -0.198235 -0.0250366 -0.111578 0.00683904 -0.99439 0.103378 0.0213254
447.000000 -0.197892 -0.0251023 -0.114131 0.00688831 -0.99431 0.104047 0.0217736
448.000000 -0.197319 -0.0240566 -0.116333 0.00745678 -0.994185 0.105076 0.022336
449.000000 -0.197681 -0.0251049 -0.121438 0.00582335 -0.994222 0.104732 0.0227992
450.000000 -0.197577 -0.0248233 -0.123945 0.00495353 -0.993973 0.106998 0.0233399
451.000000 -0.197934 -0.0235914 -0.126075 0.00437145 -0.993713 0.109303 0.0238497
452.000000 -0.198017 -0.0230002 -0.128413 0.0035638 -0.993451 0.111422 0.0250624
453.000000 -0.198485 -0.0235414 -0.131244 0.00326873 -0.993288 0.112667 0.0259705
454.000000 -0.199052 -0.0247721 -0.134245 0.00261521 -0.993302 0.112401 0.0266366
455.000000 -0.199543 -0.0257898 -0.136995 0.00210503 -0.993244 0.112848 0.0269706
456.000000 -0.200021 -0.0254948 -0.139459 0.00235889 -0.992998 0.114874 0.0274478
457.000000 -0.200799 -0.0262771 -0.142258 0.00205571 -0.992821 0.116319 0.0277868
458.000000 -0.201785 -0.0264107 -0.144861 0.00192592 -0.992493 0.11919 0.0273654
459.000000 -0.202017 -0.0265804 -0.147779 0.00284314 -0.992226 0.121442 0.0270389
460.000000 -0.202862 -0.0268703 -0.150619 0.00334962 -0.992047 0.12294 0.0267737
461.000000 -0.203161 -0.0260493 -0.153098 0.00348771 -0.991638 0.126121 0.0271065
462.000000 -0.203648 -0.0262329 -0.156026 0.00410337 -0.991342 0.128369 0.0273206
463.000000 -0.204592 -0.0255878 -0.158611 0.00526108 -0.991076 0.130268 0.027749
464.000000 -0.205258 -0.0260495 -0.161672 0.00640813 -0.990826 0.131837 0.0289949
465.000000 -0.206694 -0.0273543 -0.164963 0.00714234 -0.990731 0.132389 0.0295799
466.000000 -0.207944 -0.0285733 -0.168101 0.00762059 -0.990723 0.132258 0.0303054
467.000000 -0.209114 -0.0297602 -0.171266 0.00754128 -0.990631 0.132684 0.0314294
468.000000 -0.209925 -0.0301664 -0.174129 0.00729308 -0.990357 0.13443 0.0326719
469.000000 -0.21159 -0.0329164 -0.177566 0.00711815 -0.990311 0.134756 0.0327877
470.000000 -0.212039 -0.0325932 -0.180226 0.00812377 -0.989752 0.138454 0.0339933
471.000000 -0.212928 -0.0337724 -0.183282 0.00949799 -0.98887 0.144143 0.0356155
472.000000 -0.213881 -0.0334061 -0.186276 0.0113407 -0.988027 0.149191 0.0376193
473.000000 -0.215687 -0.0339103 -0.189053 0.0124616 -0.98768 0.151036 0.0390043
474.000000 -0.217047 -0.0352664 -0.191854 0.0130859 -0.987402 0.152411 0.040465
475.000000 -0.218179 -0.0369407 -0.194747 0.0138577 -0.986888 0.155338 0.0415939
476.000000 -0.218908 -0.0389249 -0.197775 0.0149716 -0.98655 0.15706 0.0427468
477.000000 -0.219984 -0.0410902 -0.200377 0.014947 -0.986415 0.157701 0.0434932
478.000000 -0.221413 -0.0420623 -0.202949 0.0146825 -0.986179 0.159334 0.0429916
479.000000 -0.222284 -0.0430066 -0.205575 0.0146677 -0.985891 0.161309 0.0422206
480.000000 -0.223214 -0.0437679 -0.207969 0.0149246 -0.985697 0.162778 0.0410051
481.000000 -0.22432 -0.0448154 -0.210542 0.0150473 -0.985506 0.164302 0.0394586
482.000000 -0.225041 -0.0441325 -0.21266 0.0149898 -0.98502 0.167467 0.038286
483.000000 -0.225571 -0.0445514 -0.214673 0.0153105 -0.984796 0.169025 0.0370508
484.000000 -0.225854 -0.044802 -0.216485 0.0157395 -0.984707 0.169734 0.0359947
485.000000 -0.226116 -0.0454555 -0.218485 0.0156167 -0.984657 0.170299 0.0347188
486.000000 -0.226639 -0.0465256 -0.220526 0.0150476 -0.984552 0.171276 0.0330998
487.000000 -0.226909 -0.0472604 -0.222668 0.0144554 -0.984393 0.172608 0.0311213
488.000000 -0.227183 -0.04688 -0.224548 0.0141497 -0.984102 0.174693 0.0287241
489.000000 -0.227323 -0.0476155 -0.226551 0.0143355 -0.983968 0.175825 0.0261974
490.000000 -0.228233 -0.0478924 -0.22851 0.013468 -0.983992 0.176248 0.0227156
491.000000 -0.227808 -0.0488214 -0.230463 0.0128752 -0.984035 0.176472 0.0191625
492.000000 -0.228084 -0.0489497 -0.232401 0.0127673 -0.983943 0.177425 0.014627
493.000000 -0.227575 -0.049939 -0.234343 0.0124298 -0.983908 0.17791 0.0108567
494.000000 -0.228709 -0.0494954 -0.236481 0.0119293 -0.983643 0.179636 0.00595275
495.000000 -0.230105 -0.0496069 -0.238895 0.0109428 -0.98339 0.181173 0.00114258
496.000000 -0.230311 -0.0490444 -0.240797 -0.010262 0.98316 -0.182439 0.00271876
497.000000 -0.229022 -0.0472198 -0.242111 -0.0101843 0.982929 -0.183633 0.0050556
498.000000 -0.228469 -0.0474034 -0.244295 -0.00999775 0.982931 -0.183547 0.00755287
499.000000 -0.227509 -0.0479523 -0.246559 -0.0100125 0.982928 -0.183475 0.00946801
500.000000 -0.228416 -0.0459209 -0.249017 -0.00933584 0.98239 -0.186182 0.0125835
501.000000 -0.229472 -0.0451283 -0.251867 -0.00849748 0.981805 -0.189035 0.0158796
502.000000 -0.228807 -0.0462497 -0.254644 -0.00901511 0.981653 -0.189575 0.0183616
503.000000 -0.228222 -0.0468445 -0.256924 -0.00903249 0.981588 -0.189644 0.0209182
504.000000 -0.22791 -0.0480196 -0.259619 -0.00839145 0.981603 -0.189255 0.0238441
505.000000 -0.228148 -0.0490376 -0.262036 -0.00698792 0.981541 -0.189159 0.0273506
506.000000 -0.228889 -0.0479026 -0.264615 -0.00568373 0.981244 -0.190104 0.0314502
507.000000 -0.228635 -0.0478509 -0.267359 -0.00456147 0.981002 -0.190746 0.0350926
508.000000 -0.227651 -0.0473004 -0.269455 -0.00378212 0.980631 -0.192059 0.03824
509.000000 -0.227345 -0.0483542 -0.271798 -0.00209075 0.980155 -0.193689 0.0421577
510.000000 -0.227425 -0.0489168 -0.274457 -0.000769267 0.979904 -0.194085 0.0460264
511.000000 -0.227182 -0.0495508 -0.277295 0.000261821 0.979734 -0.194226 0.0489625
512.000000 -0.224452 -0.0509816 -0.280126 0.0022397 0.979562 -0.19482 0.0499906
513.000000 -0.22389 -0.0509863 -0.283278 0.00365835 0.979252 -0.195795 0.0521097
514.000000 -0.22238 -0.0503895 -0.28603 0.00512124 0.978996 -0.196655 0.0535472
515.000000 -0.219888 -0.0498503 -0.28866 0.00711366 0.978685 -0.197942 0.0542575
516.000000 -0.217769 -0.0501655 -0.291095 0.0085796 0.978485 -0.198575 0.0553296
517.000000 -0.215945 -0.0509515 -0.293611 0.0100449 0.978211 -0.199576 0.0563166
518.000000 -0.214602 -0.0516047 -0.29625 0.0116836 0.977911 -0.200654 0.0573732
519.000000 -0.213827 -0.0512379 -0.298691 0.0120875 0.977585 -0.201834 0.0586954
520.000000 -0.212824 -0.0524135 -0.300863 0.0130905 0.977413 -0.202168 0.0601775
521.000000 -0.212312 -0.0544619 -0.303257 0.0146467 0.977206 -0.202402 0.0623509
522.000000 -0.211591 -0.0549331 -0.305546 0.014951 0.977021 -0.202535 0.0647005
523.000000 -0.211307 -0.0549593 -0.30799 0.0153749 0.976932 -0.202048 0.0674062
524.000000 -0.210752 -0.05516 -0.3103 0.0161467 0.976945 -0.201026 0.0700418
525.000000 -0.210165 -0.055748 -0.312474 0.0170607 0.976963 -0.199751 0.0731483
526.000000 -0.209611 -0.0559596 -0.314338 0.0186323 0.976916 -0.198559 0.0765612
527.000000 -0.208584 -0.0562132 -0.316127 0.0206363 0.976997 -0.196542 0.0801415
528.000000 -0.207884 -0.0553359 -0.317995 0.0232395 0.977 -0.194767 0.0836454
529.000000 -0.208116 -0.0552702 -0.31986 0.025041 0.977009 -0.192811 0.0874632
530.000000 -0.207509 -0.0555418 -0.321689 0.0261889 0.977133 -0.19041 0.0909359
531.000000 -0.20665 -0.054118 -0.323289 0.02735 0.977359 -0.187763 0.0936296
532.000000 -0.206217 -0.0537874 -0.32488 0.0280951 0.977523 -0.185254 0.0966505
533.000000 -0.205628 -0.0529152 -0.326287 0.029689 0.977355 -0.184233 0.0997725
534.000000 -0.205511 -0.0519273 -0.327673 0.0308219 0.977283 -0.182759 0.102799
535.000000 -0.205267 -0.0521223 -0.329239 0.032404 0.9772 -0.181008 0.106145
536.000000 -0.20539 -0.051139 -0.330519 0.0327443 0.977094 -0.179497 0.10953
537.000000 -0.204732 -0.0509981 -0.331651 0.0333442 0.97723 -0.176774 0.112524
538.000000 -0.204506 -0.0500066 -0.332951 0.0332528 0.97739 -0.173769 0.115793
539.000000 -0.204359 -0.0497466 -0.334195 0.0332695 0.977461 -0.171331 0.118783
540.000000 -0.204682 -0.0494906 -0.335507 0.0333494 0.977335 -0.169206 0.122776
541.000000 -0.204815 -0.0481285 -0.336719 0.033901 0.977085 -0.167441 0.126958
542.000000 -0.205528 -0.0471861 -0.337874 0.0338383 0.976804 -0.165519 0.131577
543.000000 -0.206112 -0.0461155 -0.339128 0.0341641 0.976294 -0.164288 0.136721
544.000000 -0.206334 -0.0447665 -0.340136 0.0350982 0.975662 -0.163324 0.142049
545.000000 -0.206753 -0.0438575 -0.341136 0.0349839 0.975155 -0.161142 0.147924
546.000000 -0.206646 -0.0424073 -0.342146 0.03484 0.974804 -0.157751 0.153811
547.000000 -0.207107 -0.0413903 -0.343328 0.0343238 0.974287 -0.155023 0.159857
548.000000 -0.207691 -0.0379146 -0.344357 0.0368792 0.973739 -0.15225 0.165206
549.000000 -0.20854 -0.0371344 -0.345459 0.0368775 0.973155 -0.149773 0.170817
550.000000 -0.209171 -0.0373555 -0.3466 0.0375926 0.972379 -0.148397 0.176195
551.000000 -0.209928 -0.036443 -0.347524 0.0377505 0.971635 -0.147143 0.181245
552.000000 -0.210861 -0.0344741 -0.348461 0.0394502 0.970993 -0.145294 0.185755
553.000000 -0.211459 -0.0342726 -0.34934 0.039318 0.970445 -0.142841 0.190492
554.000000 -0.211824 -0.0356456 -0.350442 0.0384367 0.969826 -0.140852 0.195246
555.000000 -0.211999 -0.0353878 -0.351389 0.0395987 0.969002 -0.140056 0.199628
556.000000 -0.212252 -0.0337408 -0.352161 0.0404336 0.968161 -0.139611 0.203811
557.000000 -0.212083 -0.0332974 -0.352799 0.0395913 0.967634 -0.138091 0.207479
558.000000 -0.212518 -0.0329124 -0.353747 0.0388504 0.967222 -0.136064 0.210854
559.000000 -0.212815 -0.0331186 -0.354481 0.0378862 0.966784 -0.134639 0.21393
560.000000 -0.212672 -0.0324826 -0.355225 0.0374685 0.966262 -0.133196 0.217238
561.000000 -0.213277 -0.0318582 -0.355936 0.0369635 0.965761 -0.131877 0.220336
562.000000 -0.213405 -0.0313923 -0.356635 0.0366738 0.965296 -0.130448 0.223255
563.000000 -0.213568 -0.0312764 -0.357197 0.0353559 0.96484 -0.12876 0.226396
564.000000 -0.214293 -0.0304213 -0.357963 0.0351077 0.96436 -0.126741 0.229596
565.000000 -0.214161 -0.0301684 -0.358469 0.0342355 0.963855 -0.125065 0.232746
566.000000 -0.214432 -0.0298134 -0.35935 0.0339873 0.963241 -0.123502 0.236132
567.000000 -0.21491 -0.0291647 -0.359727 0.0336462 0.962698 -0.121835 0.239244
568.000000 -0.215164 -0.0288444 -0.360352 0.0341281 0.962182 -0.119431 0.242439
569.000000 -0.215637 -0.0284996 -0.360951 0.0342347 0.961609 -0.117361 0.24569
570.000000 -0.215876 -0.0274863 -0.361705 0.0361392 0.960945 -0.114966 0.249122
571.000000 -0.215942 -0.0277837 -0.362426 0.0360943 0.960235 -0.112285 0.253059
572.000000 -0.216322 -0.0273292 -0.363296 0.0373555 0.959227 -0.110518 0.257436
573.000000 -0.216048 -0.0264787 -0.364304 0.0386358 0.958223 -0.108486 0.261814
574.000000 -0.216099 -0.025785 -0.365189 0.0391773 0.957263 -0.106254 0.266127
575.000000 -0.216448 -0.0249118 -0.366261 0.0402509 0.956224 -0.103731 0.270656
576.000000 -0.215987 -0.0239069 -0.367032 0.0410324 0.955192 -0.101188 0.275109
577.000000 -0.215926 -0.0228515 -0.367836 0.0414772 0.954259 -0.0985948 0.279191
578.000000 -0.215936 -0.021971 -0.368699 0.0413575 0.953279 -0.096247 0.283345
579.000000 -0.216178 -0.0212955 -0.369495 0.0405641 0.952318 -0.0938957 0.287451
580.000000 -0.216292 -0.0202859 -0.370033 0.0393101 0.951334 -0.0918934 0.291503
581.000000 -0.215564 -0.0198107 -0.370583 0.0376888 0.950268 -0.0900266 0.295745
582.000000 -0.214714 -0.0199171 -0.371199 0.0370079 0.949181 -0.0876055 0.300019
583.000000 -0.215273 -0.0184953 -0.371861 0.0365327 0.948071 -0.0857866 0.304085
584.000000 -0.214575 -0.0180344 -0.371984 0.0353597 0.947259 -0.0830962 0.307481
585.000000 -0.214559 -0.0182873 -0.372595 0.0345932 0.94622 -0.0800094 0.31156
586.000000 -0.214575 -0.0178189 -0.373083 0.034343 0.945073 -0.0777571 0.315612
587.000000 -0.214017 -0.0172165 -0.372998 0.0338944 0.944012 -0.0754308 0.319379
588.000000 -0.21395 -0.017055 -0.373384 0.0333354 0.942901 -0.0729928 0.323263
589.000000 -0.213845 -0.016771 -0.373683 0.0330481 0.9418 -0.0707581 0.326978
590.000000 -0.213974 -0.0152844 -0.3737 0.0331517 0.940699 -0.069009 0.33049
591.000000 -0.214186 -0.0146449 -0.374062 0.0327852 0.939588 -0.0662648 0.334228
592.000000 -0.214318 -0.0143055 -0.374236 0.0324508 0.938662 -0.0639559 0.337298
593.000000 -0.214368 -0.0139022 -0.374772 0.0322069 0.937563 -0.0623267 0.340667
594.000000 -0.214375 -0.0130087 -0.374882 0.0322171 0.9366 -0.0603812 0.343652
595.000000 -0.214992 -0.0125686 -0.375096 0.0320669 0.935605 -0.0581445 0.346747
596.000000 -0.214788 -0.0123786 -0.374918 0.0323049 0.934723 -0.0563481 0.349392
597.000000 -0.214879 -0.0117859 -0.375057 0.0326091 0.933668 -0.0549017 0.352401
598.000000 -0.214843 -0.0105138 -0.374984 0.0325911 0.93254 -0.0539866 0.355516
599.000000 -0.214827 -0.00963935 -0.375192 0.0325781 0.931348 -0.0529014 0.35879
600.000000 -0.214893 -0.00876335 -0.375201 0.0328861 0.930204 -0.0514844 0.361923
601.000000 -0.21478 -0.00771494 -0.375134 0.033097 0.92905 -0.0496582 0.36511
602.000000 -0.21461 -0.00696634 -0.37487 0.0333715 0.92795 -0.0470996 0.368207
603.000000 -0.214499 -0.00645758 -0.374615 0.0332403 0.926746 -0.044937 0.371507
604.000000 -0.214746 -0.00633317 -0.37462 0.0331697 0.925285 -0.0434513 0.375312
605.000000 -0.214531 -0.00572563 -0.374548 0.0330924 0.92391 -0.0426704 0.37878
606.000000 -0.214225 -0.0053822 -0.374515 0.0329398 0.922619 -0.0419661 0.382006
607.000000 -0.21383 -0.00498954 -0.374444 0.0324684 0.921439 -0.0413489 0.384949
608.000000 -0.214534 -0.00368138 -0.374482 0.0321585 0.920268 -0.0407257 0.387832
609.000000 -0.21432 -0.00352119 -0.374736 0.0318333 0.919017 -0.0389784 0.390992
610.000000 -0.214053 -0.00252506 -0.37452 0.0319556 0.917694 -0.0379687 0.394177
611.000000 -0.213887 -0.00223625 -0.374811 0.0319633 0.916136 -0.0365434 0.397918
612.000000 -0.212995 -0.0033532 -0.374608 0.0319159 0.91483 -0.035446 0.401012
613.000000 -0.212878 -0.00312966 -0.374601 0.0336691 0.913128 -0.0355723 0.40472
614.000000 -0.213457 -0.00154435 -0.374873 0.0359264 0.910827 -0.0351108 0.409721
615.000000 -0.213758 0.000248328 -0.375299 0.036989 0.908548 -0.0335427 0.414785
616.000000 -0.213297 0.000608904 -0.375185 0.0366735 0.906851 -0.0315596 0.418664
617.000000 -0.212726 0.00127881 -0.375318 0.0366644 0.905261 -0.0297197 0.422226
618.000000 -0.212222 0.0014277 -0.375641 0.0356284 0.903484 -0.0268196 0.426296
619.000000 -0.212059 0.000773688 -0.376652 0.0345981 0.901351 -0.0245156 0.431009
620.000000 -0.211324 0.000809657 -0.376826 0.0340961 0.899352 -0.0239711 0.435235
621.000000 -0.210214 0.00129871 -0.376825 0.0336724 0.897577 -0.0240045 0.438913
622.000000 -0.209343 0.0017592 -0.376792 0.0330325 0.896125 -0.0237303 0.441935
623.000000 -0.20889 0.00253137 -0.377203 0.0322765 0.894388 -0.023342 0.445515
624.000000 -0.207458 0.00234886 -0.376945 0.031146 0.89308 -0.0224458 0.448256
625.000000 -0.206234 0.00194786 -0.376911 0.0307325 0.891415 -0.0221784 0.451601
626.000000 -0.205143 0.00278509 -0.377011 0.0313858 0.889424 -0.0220736 0.45547
627.000000 -0.203659 0.00250379 -0.377014 0.0312876 0.887782 -0.020929 0.458723
628.000000 -0.201921 0.00102598 -0.377407 0.0310131 0.886064 -0.0202424 0.462081
629.000000 -0.200851 0.00140206 -0.377278 0.0313553 0.884458 -0.0216094 0.465063
630.000000 -0.199063 0.00202584 -0.37688 0.0309654 0.883029 -0.0223647 0.467762
631.000000 -0.197463 0.00201948 -0.376851 0.0301908 0.881383 -0.0223765 0.470906
632.000000 -0.195934 0.000889011 -0.37688 0.0296077 0.879528 -0.0223391 0.4744
633.000000 -0.193993 0.00103564 -0.376232 0.0300793 0.877673 -0.0232231 0.477751
634.000000 -0.191931 0.00136943 -0.375471 0.0306241 0.875827 -0.0241672 0.481047
635.000000 -0.190215 0.00110684 -0.375756 0.0307768 0.8737 -0.0247997 0.484856
636.000000 -0.187952 0.000923277 -0.375296 0.030784 0.871829 -0.0256464 0.488168
637.000000 -0.186258 0.00198101 -0.374776 0.0311282 0.87004 -0.0268809 0.491263
638.000000 -0.183945 0.00186494 -0.374656 0.0308414 0.868352 -0.0269858 0.494253
639.000000 -0.181547 0.00138244 -0.374062 0.0306452 0.86674 -0.0273699 0.497064
640.000000 -0.178723 0.000955346 -0.373433 0.0305768 0.865277 -0.0278728 0.499584
641.000000 -0.176681 0.0014789 -0.373327 0.0307604 0.863601 -0.0287946 0.502412
642.000000 -0.174102 0.000768283 -0.373023 0.0303249 0.862279 -0.0288046 0.504704
643.000000 -0.171592 0.00100293 -0.372225 0.0307851 0.861095 -0.0293933 0.506659
644.000000 -0.169026 0.00164666 -0.371519 0.0311403 0.86 -0.0295902 0.508483
645.000000 -0.16654 0.00110557 -0.371085 0.030694 0.858864 -0.0286727 0.510479
646.000000 -0.16381 0.000725576 -0.370204 0.030639 0.857903 -0.0286682 0.512096
647.000000 -0.16165 0.00129089 -0.369379 0.0310724 0.856859 -0.0293107 0.513779
648.000000 -0.159052 0.00174866 -0.368947 0.0306911 0.85574 -0.0293301 0.515662
649.000000 -0.156407 0.00125065 -0.368297 0.0298606 0.85501 -0.0288732 0.516945
650.000000 -0.153917 0.000701919 -0.367781 0.0290348 0.85433 -0.0288262 0.518117
651.000000 -0.151556 0.000550448 -0.367914 0.0282504 0.853425 -0.0291283 0.519633
652.000000 -0.149297 0.000775625 -0.367707 0.0278757 0.852797 -0.0293713 0.520671
653.000000 -0.143655 -2.01398e-05 -0.365789 0.0271013 0.853105 -0.028928 0.520231
654.000000 -0.141422 0.000608751 -0.365413 0.0273133 0.852956 -0.029129 0.520453
655.000000 -0.138516 0.000130681 -0.364354 0.0268778 0.853106 -0.0287369 0.520252
656.000000 -0.135823 0.000231914 -0.36321 0.0270569 0.853291 -0.0286059 0.519946
657.000000 -0.133263 0.000427664 -0.362559 0.027235 0.852899 -0.0283785 0.520592
658.000000 -0.130684 -7.16569e-05 -0.362373 0.0273865 0.852359 -0.0277052 0.521504
659.000000 -0.128132 0.000399502 -0.361557 0.027744 0.852052 -0.0277286 0.521986
660.000000 -0.125173 0.000672656 -0.360219 0.0279631 0.852185 -0.0272767 0.52178
661.000000 -0.122481 0.000538716 -0.359582 0.0275362 0.852153 -0.0264937 0.521895
662.000000 -0.11999 0.00112846 -0.359057 0.0269269 0.852247 -0.0265995 0.521769
663.000000 -0.117579 0.00228242 -0.358164 0.026106 0.852935 -0.0262646 0.520702
664.000000 -0.115479 0.00391893 -0.357959 0.0251745 0.853352 -0.0252933 0.520112
665.000000 -0.112936 0.00452551 -0.357484 0.0236879 0.853677 -0.0235813 0.519729
666.000000 -0.110571 0.00521255 -0.357354 0.0223561 0.853619 -0.0220888 0.519949
667.000000 -0.108158 0.00587718 -0.356862 0.020609 0.853569 -0.0210268 0.520148
668.000000 -0.105911 0.00698974 -0.356878 0.0185953 0.85346 -0.0201417 0.520437
669.000000 -0.103548 0.00736242 -0.357037 0.0155694 0.853507 -0.0185471 0.520519
670.000000 -0.100975 0.00705849 -0.357448 0.012898 0.853704 -0.0173694 0.520308
671.000000 -0.0987286 0.00838172 -0.35766 0.0113449 0.853764 -0.0170463 0.520258
672.000000 -0.0962193 0.00917728 -0.357829 0.00947725 0.853827 -0.0151177 0.52025
673.000000 -0.0934824 0.008432 -0.35816 0.00808955 0.853732 -0.0126582 0.520496
674.000000 -0.0909605 0.00843474 -0.359216 0.00800563 0.853244 -0.0116468 0.521321
675.000000 -0.0884563 0.00979498 -0.359222 0.00808262 0.853049 -0.0111904 0.521648
676.000000 -0.0857637 0.00984904 -0.36035 0.00705652 0.852631 -0.00993903 0.522371
677.000000 -0.0830788 0.0101463 -0.360982 0.00674858 0.852125 -0.00897831 0.523218
678.000000 -0.080738 0.0106227 -0.36208 0.00682337 0.851026 -0.00768291 0.525023
679.000000 -0.077928 0.0101897 -0.36334 0.00754872 0.849801 -0.00612164 0.527015
680.000000 -0.0753028 0.0103159 -0.36453 0.00916178 0.848203 -0.00568821 0.529562
681.000000 -0.0727448 0.0106102 -0.366114 0.0106856 0.846259 -0.00513975 0.53264
682.000000 -0.0698628 0.0105933 -0.367309 0.0119675 0.844751 -0.00429031 0.535008
683.000000 -0.0670773 0.0107346 -0.369046 0.0135109 0.843525 -0.00401034 0.536905
684.000000 -0.0644233 0.0126095 -0.370135 0.014636 0.843143 -0.00419268 0.537473
685.000000 -0.0617715 0.0134704 -0.371812 0.0138873 0.843127 -0.0026027 0.537529
686.000000 -0.0587294 0.0133503 -0.373762 0.0125345 0.843312 -0.000701265 0.537277
687.000000 -0.0556439 0.0133645 -0.375688 0.0116875 0.843797 0.00106473 0.536534
688.000000 -0.0528803 0.0137218 -0.377824 0.0107247 0.844283 0.00283734 0.535783
689.000000 -0.0495688 0.0128922 -0.380098 0.00949184 0.844712 0.00499531 0.535113
690.000000 -0.0462732 0.0117888 -0.38243 0.00868337 0.844882 0.00523114 0.534858
691.000000 -0.0431901 0.0116204 -0.384922 0.00837974 0.845165 0.00401746 0.534425
692.000000 -0.0402264 0.01244 -0.38683 0.00770059 0.845686 0.00285976 0.533617
693.000000 -0.037216 0.0127718 -0.389086 0.00646953 0.846272 0.00285458 0.532705
694.000000 -0.0342097 0.013245 -0.390992 0.00542495 0.84665 0.00316295 0.532114
695.000000 -0.0313539 0.013591 -0.392621 0.004333 0.846882 0.00409678 0.531748
696.000000 -0.0255797 0.0126268 -0.397424 0.00316555 0.847055 0.00537363 0.531468
697.000000 -0.0230914 0.0136447 -0.399076 0.00386198 0.847747 0.00534719 0.53036
698.000000 -0.018526 0.0139375 -0.403142 0.0026958 0.848845 0.00854565 0.528567
699.000000 -0.0164061 0.0146119 -0.405168 0.00228702 0.849224 0.00922929 0.527947
700.000000 -0.0142506 0.0156212 -0.406442 0.00187923 0.849663 0.0104063 0.52722
701.000000 -0.012299 0.0165543 -0.40797 0.00116229 0.849811 0.0126384 0.526935
702.000000 -0.0101223 0.0162993 -0.409963 0.000396737 0.850011 0.0159221 0.526523
703.000000 -0.00770408 0.0161467 -0.411445 0.000372533 0.850567 0.0182745 0.52555
704.000000 -0.00577134 0.0170486 -0.412811 0.000465858 0.851293 0.0199554 0.524311
705.000000 -0.00366236 0.0175083 -0.414177 -0.00053231 0.851973 0.0222561 0.523113
706.000000 -0.00124761 0.0166595 -0.415785 -0.00186051 0.852302 0.0244549 0.522475
707.000000 0.00126623 0.0164091 -0.41735 -0.00229704 0.852674 0.0247047 0.521854
708.000000 0.00344783 0.0175114 -0.418134 -0.00204461 0.853214 0.0244804 0.520983
709.000000 0.00586033 0.0178963 -0.418805 -0.002437 0.854047 0.0258221 0.519548
710.000000 0.00827933 0.0168517 -0.420469 -0.00278595 0.854777 0.027281 0.51827
711.000000 0.01084 0.0181222 -0.420437 -0.00255069 0.85606 0.0271964 0.516154
712.000000 0.0131648 0.0189631 -0.420771 -0.0037404 0.857401 0.0278259 0.513883
713.000000 0.0157903 0.0185246 -0.421561 -0.00577941 0.858604 0.0292473 0.511772
714.000000 0.0188112 0.0175164 -0.422153 -0.00715418 0.860005 0.0298822 0.509359
715.000000 0.0216909 0.0170568 -0.422356 -0.0072709 0.861741 0.0291087 0.50646
716.000000 0.024527 0.0173895 -0.422479 -0.0072508 0.863752 0.027958 0.503089
717.000000 0.0272762 0.0175077 -0.422413 -0.00707379 0.865765 0.027599 0.499639
718.000000 0.0301637 0.0178919 -0.422012 -0.00707238 0.867736 0.0276258 0.496206
719.000000 0.0333663 0.0181605 -0.421309 -0.00766743 0.869737 0.0287179 0.49262
720.000000 0.0366874 0.0169253 -0.421283 -0.00829646 0.871681 0.0305631 0.489049
721.000000 0.0402601 0.0165432 -0.420601 -0.00742828 0.873811 0.0307157 0.485238
722.000000 0.0436452 0.0163922 -0.419903 -0.00663122 0.875796 0.0310921 0.481634
723.000000 0.0470841 0.0162627 -0.418975 -0.00641896 0.877706 0.0312582 0.478137
724.000000 0.0507507 0.0162399 -0.417815 -0.00654605 0.879649 0.0314504 0.474536
725.000000 0.0539895 0.0163884 -0.41703 -0.00718488 0.881369 0.0321901 0.471275
726.000000 0.0579695 0.0154212 -0.415831 -0.00787984 0.883373 0.0338906 0.467378
727.000000 0.0618141 0.0146598 -0.414745 -0.0071453 0.885281 0.0343776 0.463729
728.000000 0.0653092 0.0152815 -0.413262 -0.00522911 0.887424 0.0344148 0.459638
729.000000 0.0686338 0.0153871 -0.412078 -0.00407917 0.889428 0.0364408 0.455602
730.000000 0.0725695 0.0148569 -0.410522 -0.00337729 0.891743 0.0385769 0.450882
731.000000 0.0760773 0.0146069 -0.40928 -0.00262021 0.894079 0.0398912 0.446122
732.000000 0.0795275 0.0141974 -0.408419 -0.00197565 0.896341 0.0410784 0.441455
733.000000 0.083082 0.0139816 -0.407153 -0.0013672 0.898739 0.0418439 0.436481
734.000000 0.0862193 0.0141472 -0.40604 -0.00106929 0.900977 0.0420039 0.431827
735.000000 0.0892607 0.0145417 -0.40472 -0.00109633 0.903121 0.0421238 0.427314
736.000000 0.0921872 0.0146438 -0.403663 -0.00165775 0.905237 0.0429794 0.422724
737.000000 0.0952237 0.0143545 -0.402613 -0.00202423 0.907433 0.0438107 0.417901
738.000000 0.0978668 0.0149116 -0.401417 -0.00166424 0.909581 0.0439283 0.413194
739.000000 0.100305 0.0157738 -0.40017 -0.00188111 0.911434 0.0451688 0.408954
740.000000 0.102542 0.0159736 -0.399188 -0.00339688 0.913164 0.0475906 0.404791
741.000000 0.105298 0.0156763 -0.398191 -0.00520142 0.91494 0.0494837 0.400511
742.000000 0.107623 0.0155167 -0.397392 -0.00703382 0.91651 0.0506219 0.396734
743.000000 0.109853 0.0157367 -0.396471 -0.00859945 0.917988 0.0512581 0.393189
744.000000 0.112167 0.0149727 -0.395826 -0.0102777 0.919102 0.052248 0.390405
745.000000 0.114176 0.0143411 -0.395522 -0.0108638 0.919794 0.0513104 0.388882
746.000000 0.11579 0.0153823 -0.394568 -0.0103146 0.920415 0.049646 0.387639
747.000000 0.119709 0.0152324 -0.392727 -0.0133917 0.921818 0.0520815 0.383874
748.000000 0.121851 0.0147539 -0.392002 -0.0142608 0.92267 0.0521548 0.381781
749.000000 0.123512 0.0147601 -0.39138 -0.0146233 0.923364 0.0517496 0.380141
750.000000 0.125449 0.0141916 -0.390864 -0.0148639 0.924025 0.0516783 0.378531
751.000000 0.127441 0.0136424 -0.39035 -0.0143277 0.924899 0.0506538 0.376551
752.000000 0.129236 0.0140781 -0.389698 -0.0126506 0.926141 0.0494953 0.373701
753.000000 0.131295 0.013752 -0.389214 -0.0116503 0.92749 0.0495549 0.370365
754.000000 0.133044 0.0138346 -0.388715 -0.0104989 0.929009 0.0490392 0.366644
755.000000 0.134639 0.0147418 -0.387885 -0.00933055 0.930668 0.0489171 0.362459
756.000000 0.136437 0.0156142 -0.387054 -0.00973895 0.932381 0.0505825 0.357788
757.000000 0.138398 0.0154634 -0.386808 -0.0110118 0.934181 0.0537915 0.352548
758.000000 0.140833 0.0151104 -0.386392 -0.0119997 0.936186 0.0566297 0.346707
759.000000 0.142954 0.0153928 -0.385765 -0.0117352 0.937998 0.0586714 0.341437
760.000000 0.14498 0.0157558 -0.385494 -0.0110366 0.939609 0.0612242 0.336549
761.000000 0.14747 0.0156841 -0.384782 -0.010021 0.941395 0.0642997 0.330968
762.000000 0.150081 0.015455 -0.384536 -0.0086348 0.943257 0.0669706 0.325127
763.000000 0.152589 0.0157846 -0.384072 -0.0067509 0.945078 0.0694391 0.319312
764.000000 0.15485 0.0159233 -0.383797 -0.00581012 0.946792 0.0726442 0.313487
765.000000 0.157482 0.0152374 -0.383752 -0.00560816 0.948557 0.0756734 0.30738
766.000000 0.160145 0.014775 -0.383815 -0.00457927 0.9503 0.0772967 0.301553
767.000000 0.162215 0.0149324 -0.383793 -0.00331034 0.951749 0.0786052 0.296623
768.000000 0.164474 0.0143678 -0.384012 -0.0023595 0.952934 0.0804673 0.292295
769.000000 0.166659 0.01384 -0.384261 -0.000357034 0.953892 0.0813512 0.288916
770.000000 0.168586 0.0146124 -0.384293 0.00255643 0.954566 0.0813633 0.286666
771.000000 0.170262 0.0147765 -0.384544 0.0050634 0.954869 0.0833985 0.285035
772.000000 0.17253 0.0142501 -0.384725 0.0071286 0.954923 0.0850102 0.284332
773.000000 0.174414 0.014172 -0.384896 0.00849777 0.954909 0.0854399 0.284213
774.000000 0.176006 0.0138104 -0.385262 0.00838701 0.954778 0.0857131 0.284574
775.000000 0.177694 0.0137056 -0.385447 0.00782568 0.954574 0.0845292 0.285626
776.000000 0.179237 0.0138392 -0.385518 0.00624224 0.954381 0.0836107 0.286577
777.000000 0.180725 0.0127403 -0.386266 0.00375596 0.954079 0.0831424 0.287762
778.000000 0.181914 0.0119289 -0.386992 0.00235716 0.953727 0.0803856 0.289718
779.000000 0.1829 0.0116223 -0.387325 0.00123523 0.953267 0.0761031 0.292384
780.000000 0.183773 0.0114711 -0.387768 -0.000511227 0.952635 0.0717857 0.295521
781.000000 0.184657 0.0111892 -0.388134 -0.00276364 0.951939 0.0675965 0.298723
782.000000 0.18544 0.0112324 -0.388475 -0.00441391 0.95159 0.0634838 0.30071
783.000000 0.18616 0.011527 -0.388604 -0.00473848 0.951295 0.0603391 0.302282
784.000000 0.186874 0.0118246 -0.388674 -0.00463176 0.950884 0.0589804 0.30384
785.000000 0.187886 0.0110317 -0.389049 -0.00517498 0.950495 0.0586995 0.305102
786.000000 0.188773 0.0103239 -0.389295 -0.00454328 0.950092 0.0570206 0.306682
787.000000 0.189616 0.00984228 -0.38941 -0.00360766 0.949868 0.055022 0.307749
788.000000 0.190628 0.00875575 -0.389713 -0.00362817 0.949743 0.0528827 0.308511
789.000000 0.191471 0.00794315 -0.389816 -0.00257862 0.949787 0.0488137 0.309056
790.000000 0.192441 0.00773772 -0.389829 -0.000785011 0.949912 0.044466 0.309337
791.000000 0.193509 0.00723844 -0.389688 0.000491517 0.949901 0.041614 0.309768
792.000000 0.194228 0.00645776 -0.389771 0.00165109 0.94951 0.0389164 0.31131
793.000000 0.195156 0.00547808 -0.389723 0.00269704 0.949033 0.0352952 0.313183
794.000000 0.195894 0.00491197 -0.389331 0.00398248 0.948643 0.0312221 0.314778
795.000000 0.196569 0.00406777 -0.38911 0.00449558 0.948192 0.0268983 0.316525
796.000000 0.197376 0.00314594 -0.388768 0.00496123 0.947517 0.0204397 0.319012
797.000000 0.197494 0.00282483 -0.388684 0.00521913 0.946627 0.0132124 0.322017
798.000000 0.198019 0.00249085 -0.388366 0.0049385 0.945949 0.00773942 0.324185
799.000000 0.198586 0.00227715 -0.388109 0.0050294 0.945103 0.00417016 0.326706
800.000000 0.19929 0.00200608 -0.387594 0.00509978 0.944106 0.00203908 0.329597
801.000000 0.200055 0.00179898 -0.38716 0.00561741 0.942894 -1.2736e-05 0.333047
802.000000 0.200789 0.00143625 -0.386778 0.00645399 0.941545 -0.00150361 0.336821
803.000000 0.201465 0.00122045 -0.386116 0.00702212 0.940141 -0.00307695 0.340699
804.000000 0.202064 0.000990379 -0.385672 0.00774968 0.938776 -0.00492381 0.344405
805.000000 0.202684 0.00103754 -0.385027 0.00844806 0.937318 -0.00653212 0.348311
806.000000 0.20352 0.000867654 -0.384467 0.00813353 0.936037 -0.00724259 0.351733
807.000000 0.204061 0.000653616 -0.383911 0.00727589 0.934702 -0.00789651 0.35527
808.000000 0.204798 0.00054173 -0.383291 0.00680091 0.933424 -0.00894957 0.358598
809.000000 0.205374 0.000703624 -0.382495 0.00642873 0.931957 -0.0100936 0.362372
810.000000 0.206106 0.000786654 -0.381721 0.00580113 0.930388 -0.0104617 0.366381
811.000000 0.206852 0.00096068 -0.380833 0.00511003 0.928612 -0.0101261 0.370878
812.000000 0.207831 0.000804129 -0.380039 0.00424812 0.926895 -0.00949984 0.375177
813.000000 0.208578 0.00100475 -0.379032 0.00371492 0.925209 -0.00827165 0.379348
814.000000 0.209345 0.00108867 -0.378042 0.0027614 0.923491 -0.00629014 0.383557
815.000000 0.210132 0.000876259 -0.377242 0.00195725 0.921715 -0.00421803 0.38784
816.000000 0.210814 0.000972126 -0.376264 0.00159856 0.919928 -0.00219734 0.392077
817.000000 0.211417 0.000991608 -0.375355 0.00085625 0.918208 -2.6721e-05 0.396097
818.000000 0.211977 0.000991117 -0.374251 0.000241513 0.916452 0.00193965 0.400139
819.000000 0.212151 0.00119663 -0.373357 -0.000639111 0.914578 0.00407299 0.404389
820.000000 0.212316 0.00125973 -0.372646 -0.00178517 0.912811 0.00624984 0.408331
821.000000 0.212231 0.00179676 -0.371704 -0.00199434 0.911059 0.00841602 0.412185
822.000000 0.212509 0.00214934 -0.370495 -0.00269708 0.909419 0.0113816 0.415717
823.000000 0.212403 0.00264252 -0.369563 -0.00358762 0.90772 0.0141283 0.419323
824.000000 0.212361 0.00298453 -0.368622 -0.00506972 0.906242 0.0170978 0.422382
825.000000 0.212151 0.00299897 -0.368004 -0.00672442 0.904602 0.0200338 0.425732
826.000000 0.211919 0.00334411 -0.367188 -0.00830414 0.903103 0.0223765 0.42876
827.000000 0.211449 0.00393049 -0.366574 -0.00985218 0.901778 0.0250414 0.431362
828.000000 0.210998 0.0038053 -0.366013 -0.011943 0.900384 0.027791 0.434044
829.000000 0.21074 0.00392131 -0.364828 -0.0132355 0.89936 0.0295079 0.436011
830.000000 0.209329 0.00383443 -0.363663 -0.0159878 0.896677 0.0316704 0.441261
831.000000 0.20908 0.00397164 -0.362504 -0.0165737 0.895656 0.0321488 0.443275
832.000000 0.208229 0.0042771 -0.361744 -0.017546 0.893984 0.032984 0.446538
833.000000 0.207511 0.00405172 -0.360863 -0.018826 0.892146 0.0339217 0.450079
834.000000 0.207015 0.00397813 -0.359753 -0.0192714 0.890306 0.0341215 0.453674
835.000000 0.206017 0.00438718 -0.35884 -0.0197895 0.888139 0.0343366 0.457863
836.000000 0.20501 0.00469698 -0.358001 -0.0211867 0.886053 0.035006 0.461775
837.000000 0.204023 0.00467682 -0.357332 -0.0232978 0.884206 0.0356742 0.46515
838.000000 0.202863 0.00484682 -0.356909 -0.0255218 0.88252 0.0359485 0.468203
839.000000 0.201712 0.00561403 -0.35608 -0.0272679 0.88112 0.0363675 0.470703
840.000000 0.200385 0.00660244 -0.354837 -0.0297384 0.879683 0.0376309 0.473135
841.000000 0.199155 0.00706853 -0.354117 -0.0329359 0.877888 0.0400307 0.476052
842.000000 0.197982 0.00711138 -0.353398 -0.0355938 0.875842 0.0419198 0.479455
843.000000 0.196692 0.0075855 -0.352385 -0.0371455 0.873688 0.0431452 0.483143
844.000000 0.19527 0.00774287 -0.352221 -0.0390377 0.871117 0.0449973 0.487449
845.000000 0.194093 0.0074853 -0.351574 -0.0407773 0.868587 0.0466894 0.491645
846.000000 0.193001 0.00737548 -0.350581 -0.0416249 0.866092 0.0476076 0.495868
847.000000 0.191668 0.00730094 -0.350034 -0.0417931 0.863132 0.0477622 0.500974
848.000000 0.190475 0.00707334 -0.349554 -0.0416192 0.859929 0.047618 0.506481
849.000000 0.18925 0.00712273 -0.348365 -0.040866 0.856538 0.0470281 0.512309
850.000000 0.187883 0.00734306 -0.348171 -0.0405942 0.8524 0.0460115 0.519277
851.000000 0.18613 0.00752335 -0.348464 -0.0412347 0.848028 0.0449579 0.526429
852.000000 0.184757 0.00791191 -0.348043 -0.0424168 0.844146 0.0439987 0.532619
853.000000 0.183476 0.00847717 -0.347131 -0.043559 0.840547 0.0432089 0.538253
854.000000 0.182132 0.00984034 -0.345846 -0.0447299 0.837059 0.0426445 0.543611
855.000000 0.180943 0.0106874 -0.344189 -0.047034 0.8339 0.0439674 0.548148
856.000000 0.1799 0.0105919 -0.343176 -0.0496064 0.830841 0.0457881 0.5524
857.000000 0.178622 0.0112042 -0.34184 -0.0502006 0.827993 0.0465483 0.556543
858.000000 0.177226 0.0117052 -0.340198 -0.0506296 0.825119 0.047756 0.560655
859.000000 0.17584 0.011521 -0.33888 -0.0513542 0.822154 0.048662 0.564852
860.000000 0.174387 0.011731 -0.337428 -0.0513383 0.819549 0.0484427 0.568645
861.000000 0.172924 0.0119002 -0.335645 -0.0512008 0.817454 0.0482775 0.571679
862.000000 0.171418 0.0116147 -0.334076 -0.0511937 0.81546 0.0483499 0.574514
863.000000 0.169523 0.0113765 -0.332088 -0.0505544 0.813531 0.0478117 0.577344
864.000000 0.167632 0.0117336 -0.329941 -0.0492305 0.811733 0.0468128 0.580064
865.000000 0.165539 0.0120604 -0.327607 -0.0488574 0.8095 0.0467228 0.583214
866.000000 0.163386 0.0115011 -0.325858 -0.0492715 0.807305 0.0471251 0.586182
867.000000 0.161112 0.0109966 -0.323799 -0.048622 0.80549 0.0461688 0.588804
868.000000 0.158794 0.010273 -0.321698 -0.0479362 0.803803 0.0448559 0.591262
869.000000 0.156201 0.00984629 -0.319258 -0.0466471 0.80229 0.0427167 0.593574
870.000000 0.153455 0.0104463 -0.316791 -0.0451272 0.800825 0.0405133 0.59582
871.000000 0.150536 0.0109672 -0.313946 -0.044989 0.79929 0.04046 0.597892
872.000000 0.147819 0.00965809 -0.311752 -0.0456786 0.797884 0.0420268 0.599607
873.000000 0.145024 0.00836162 -0.309642 -0.0441275 0.796833 0.0413712 0.601164
874.000000 0.142046 0.00801131 -0.307435 -0.0414307 0.79609 0.0391501 0.602487
875.000000 0.139045 0.00774472 -0.305214 -0.039572 0.79554 0.0369273 0.603479
876.000000 0.136026 0.00713416 -0.302916 -0.0382965 0.794866 0.0350202 0.604562
877.000000 0.132858 0.00729547 -0.300555 -0.0374397 0.793989 0.0325994 0.605902
878.000000 0.129808 0.00678321 -0.298596 -0.0381646 0.792629 0.0311368 0.607711
879.000000 0.126842 0.00576906 -0.29614 -0.0379792 0.791271 0.0285362 0.609617
880.000000 0.123749 0.00591031 -0.294034 -0.0366291 0.789701 0.0249328 0.611889
881.000000 0.120714 0.00592807 -0.291625 -0.0365209 0.788194 0.0229957 0.613912
882.000000 0.117553 0.00584899 -0.289357 -0.0369891 0.786337 0.0219963 0.616297
883.000000 0.11476 0.00488816 -0.287496 -0.0377767 0.784206 0.0212269 0.618985
884.000000 0.111844 0.00434862 -0.285601 -0.0379405 0.782098 0.0201415 0.621673
885.000000 0.108825 0.00448164 -0.283478 -0.0381957 0.780041 0.0193553 0.624262
886.000000 0.105905 0.0043833 -0.281626 -0.0382876 0.777663 0.0190565 0.627224
887.000000 0.103066 0.00433903 -0.2798 -0.0381899 0.77484 0.0192753 0.630708
888.000000 0.100418 0.00387617 -0.278097 -0.038298 0.771459 0.0202285 0.634803
889.000000 0.0978401 0.00334323 -0.276379 -0.0379144 0.767573 0.0207642 0.639503
890.000000 0.0952498 0.00252911 -0.274715 -0.037059 0.763205 0.0209691 0.644751
891.000000 0.0927034 0.00212619 -0.273088 -0.03548 0.758527 0.0211045 0.650332
892.000000 0.0901323 0.00162989 -0.271546 -0.0336457 0.753562 0.0209902 0.65618
893.000000 0.0876245 0.00110323 -0.270101 -0.0317515 0.748607 0.0206953 0.66193
894.000000 0.085127 0.000771927 -0.26881 -0.0303621 0.744043 0.0201359 0.667138
895.000000 0.0826518 0.000632711 -0.267408 -0.0292188 0.739736 0.0197517 0.671972
896.000000 0.0802706 0.00013936 -0.266372 -0.0289622 0.735379 0.0195015 0.676756
897.000000 0.0778105 -0.000537208 -0.265268 -0.0282601 0.730775 0.019082 0.681766
898.000000 0.0752019 -0.000750632 -0.264457 -0.026554 0.725734 0.0184593 0.687215
899.000000 0.0726551 -0.000404062 -0.263923 -0.0247579 0.720578 0.0185674 0.692683
900.000000 0.0702859 -0.000573746 -0.263748 -0.0245647 0.715864 0.0195961 0.697532
901.000000 0.0679205 -0.000903475 -0.26356 -0.0245746 0.711394 0.0196842 0.702087
902.000000 0.0653567 -0.000774219 -0.263134 -0.024511 0.707196 0.0194473 0.706325
903.000000 0.0628852 -0.000774701 -0.262829 -0.0250147 0.703269 0.019216 0.710223
904.000000 0.0604229 -0.00127232 -0.262295 -0.0253051 0.699314 0.0186773 0.714123
905.000000 0.0577872 -0.00121533 -0.262153 -0.0252938 0.695065 0.0176034 0.718286
906.000000 0.0551517 -0.000951839 -0.262545 -0.0251266 0.690845 0.0165353 0.722377
907.000000 0.052497 -0.000847312 -0.263097 -0.0253935 0.686689 0.0163236 0.726324
908.000000 0.0498643 -0.000870844 -0.263067 -0.026009 0.68293 0.0162777 0.729839
909.000000 0.0472513 -0.00112966 -0.263051 -0.0259974 0.679732 0.0161215 0.732822
910.000000 0.0445883 -0.000788894 -0.263408 -0.0255372 0.676569 0.0155438 0.735772
911.000000 0.0420829 -0.00096471 -0.263248 -0.0255689 0.673562 0.0156921 0.738522
912.000000 0.0396183 -0.00138942 -0.2632 -0.0256046 0.670609 0.0152039 0.741213
913.000000 0.0369621 -0.00119436 -0.263134 -0.0250847 0.667683 0.0142112 0.743887
914.000000 0.0345164 -0.000940522 -0.263491 -0.0246524 0.664599 0.0132915 0.746675
915.000000 0.0321323 -0.000863928 -0.263579 -0.0242063 0.661721 0.012865 0.749249
916.000000 0.0297065 -0.000163702 -0.263752 -0.0239056 0.65881 0.0128547 0.751819
917.000000 0.0274606 -0.000173327 -0.263556 -0.0242947 0.656403 0.0132644 0.753903
918.000000 0.0253999 -0.000395857 -0.263314 -0.0240401 0.654092 0.0133556 0.755915
919.000000 0.0233446 -0.000232019 -0.26333 -0.0231138 0.651797 0.0129148 0.757931
920.000000 0.0215361 -0.00047614 -0.263222 -0.0222253 0.649719 0.0127171 0.759743
921.000000 0.019901 -0.00105847 -0.26282 -0.0207878 0.648007 0.0121959 0.761253
922.000000 0.0183179 -0.00116192 -0.26259 -0.0183858 0.646316 0.0113469 0.762764
923.000000 0.0168488 -0.000948431 -0.262762 -0.0160893 0.644714 0.0100639 0.764189
924.000000 0.01531 -0.000744755 -0.262557 -0.0146045 0.64358 0.00939614 0.765181
925.000000 0.0140313 -0.000928988 -0.262496 -0.014218 0.642168 0.00918143 0.766377
926.000000 0.0128813 -0.00103792 -0.262419 -0.0134142 0.640418 0.00862471 0.767861
927.000000 0.0118357 -0.00190202 -0.26182 -0.0125819 0.638988 0.00750251 0.769077
928.000000 0.0108422 -0.00206078 -0.261467 -0.010916 0.637431 0.0059293 0.770407
929.000000 0.0100037 -0.00224216 -0.261201 -0.00980684 0.636025 0.00430849 0.771594
930.000000 0.00925445 -0.00289953 -0.261235 -0.00885992 0.635223 0.00291448 0.772273
931.000000 0.00855162 -0.00279611 -0.260878 -0.00777271 0.634705 0.00176015 0.772714
932.000000 0.00785279 -0.00320547 -0.260412 -0.00668323 0.634667 0.000645142 0.772757
933.000000 0.00733273 -0.00394993 -0.259963 -0.00524281 0.634518 -0.000619664 0.77289
934.000000 0.00693765 -0.00435799 -0.259831 -0.00296659 0.634559 -0.00233087 0.772865
935.000000 0.00653365 -0.00443903 -0.259676 -0.00117927 0.634654 -0.00369344 0.772786
936.000000 0.00625976 -0.00430757 -0.259688 8.68358e-05 0.634605 -0.00468082 0.772823
937.000000 0.00600291 -0.00422406 -0.259772 0.0011617 0.634574 -0.00570034 0.77284
938.000000 0.00601497 -0.00442743 -0.260002 0.0017721 0.634596 -0.00634811 0.772816
939.000000 0.00601155 -0.00472444 -0.260095 0.00210681 0.635049 -0.00703694 0.772437
940.000000 0.00594989 -0.0052576 -0.25993 0.00271255 0.635805 -0.00795471 0.771804
941.000000 0.00607536 -0.00574098 -0.260076 0.00373264 0.636584 -0.00903181 0.771145
942.000000 0.00617535 -0.00596358 -0.260297 0.00498735 0.637035 -0.0104683 0.770747
943.000000 0.00631172 -0.00644975 -0.260435 0.00594032 0.637412 -0.0117683 0.77041
944.000000 0.00647091 -0.00674962 -0.260628 0.00728127 0.637751 -0.0130184 0.770098
945.000000 0.00648521 -0.00689312 -0.260714 0.00850979 0.638182 -0.0142948 0.769706
946.000000 0.00663323 -0.00719583 -0.260704 0.00952208 0.638797 -0.0152683 0.769165
947.000000 0.00674165 -0.007386 -0.26077 0.0106523 0.639525 -0.0164697 0.76852
948.000000 0.00695457 -0.00767705 -0.260953 0.0119866 0.640155 -0.0175758 0.767951
949.000000 0.00721299 -0.00809745 -0.261171 0.012835 0.640517 -0.0183745 0.767617
950.000000 0.00741656 -0.00836283 -0.261244 0.0135878 0.640653 -0.0190276 0.767474
951.000000 0.0075584 -0.00860228 -0.261141 0.0146428 0.64097 -0.0203036 0.767157
952.000000 0.00791709 -0.00886286 -0.261484 0.0154602 0.641161 -0.0210047 0.766963
953.000000 0.00816027 -0.00921728 -0.261507 0.0159746 0.641507 -0.0212746 0.766656
954.000000 0.00832503 -0.00923235 -0.26152 0.0171411 0.641817 -0.0217463 0.766358
955.000000 0.00864105 -0.00960158 -0.261797 0.0180891 0.642157 -0.0218845 0.766047
956.000000 0.00876769 -0.00945889 -0.261988 0.0190868 0.642484 -0.0221596 0.765741
957.000000 0.00893528 -0.00970879 -0.262024 0.0200979 0.643007 -0.0217764 0.765287
958.000000 0.0092134 -0.00971123 -0.262262 0.0212518 0.64327 -0.0214441 0.765044
959.000000 0.009379 -0.00984315 -0.262204 0.0218997 0.643797 -0.0209848 0.764595
960.000000 0.00968485 -0.00997773 -0.262361 0.0226042 0.644108 -0.0205062 0.764326
961.000000 0.0099557 -0.0100919 -0.262607 0.0235816 0.644565 -0.0201197 0.763921
962.000000 0.0102275 -0.00995645 -0.262714 0.024669 0.645104 -0.019828 0.763439
963.000000 0.0105558 -0.010175 -0.262825 0.0255579 0.645685 -0.0195885 0.762924
964.000000 0.0108329 -0.0102458 -0.262869 0.0264381 0.646451 -0.0197956 0.76224
965.000000 0.0110993 -0.0102303 -0.263038 0.0271197 0.647185 -0.0201501 0.761584
