2.000000 0 0 0 0 0 0 1
3.000000 -0.000512999 -0.00802081 0.00392871 -0.00327237 -8.61797e-05 0.000452526 0.999995
4.000000 0.000644006 -0.0106709 0.00301977 -0.00287005 -0.000363467 0.00094944 0.999995
5.000000 0.00123508 -0.00516665 0.00379562 -0.00195656 -0.000390544 0.00126452 0.999997
6.000000 0.00264484 -0.00488356 0.00654092 -0.00310115 -0.000715625 0.00153487 0.999994
7.000000 0.00404436 -0.00784603 0.00849665 -0.00399944 -0.00109322 0.00186756 0.99999
8.000000 0.00225939 -0.0076446 0.00490813 -0.00346818 -0.000525777 0.00207028 0.999992
9.000000 0.00527333 -0.00634864 0.00765087 -0.00330071 -0.000808331 0.00190082 0.999992
10.000000 0.00276749 -0.00576888 0.00543971 -0.0035363 -8.47253e-05 0.00211063 0.999992
11.000000 0.00533726 -0.00621772 0.0114618 -0.00382236 -0.000368456 0.00229591 0.99999
12.000000 0.00289447 -0.0078818 0.00445544 -0.0039508 0.000126861 0.00283392 0.999988
13.000000 0.00449174 -0.00880265 0.00763047 -0.00368425 -0.00011564 0.0032459 0.999988
14.000000 0.00319564 -0.00949689 0.00409908 -0.00338124 -3.25912e-05 0.00345073 0.999988
15.000000 0.00413106 -0.00938275 0.00519211 -0.00296754 -0.000299647 0.00352046 0.999989
16.000000 0.00293669 -0.0100294 0.00345245 -0.00269209 -0.000116512 0.00332692 0.999991
17.000000 0.00346492 -0.0112102 0.00317757 -0.0026169 -9.31333e-05 0.00305785 0.999992
18.000000 0.00373995 -0.011625 0.00258198 -0.0022684 0.000389328 0.002429 0.999994
19.000000 0.0040981 -0.0116809 0.00188852 -0.00198046 0.00104481 0.00229548 0.999995
20.000000 0.00348366 -0.012411 0.00242565 -0.00170182 0.00181284 0.00225909 0.999994
21.000000 0.00280311 -0.0123106 0.00213218 -0.00110667 0.00274276 0.00219443 0.999993
22.000000 0.0034194 -0.0113652 0.0019376 -0.000623075 0.00334686 0.00215552 0.999992
23.000000 0.0041574 -0.0109386 0.0025804 -0.000441124 0.00380826 0.00223588 0.99999
24.000000 0.00525864 -0.0109986 0.00228013 -0.000624551 0.00426561 0.00206035 0.999989
25.000000 0.00454079 -0.0105323 0.00194303 -0.000606745 0.00526785 0.00208383 0.999984
26.000000 0.00514293 -0.0111805 0.00211212 -0.000808469 0.00618754 0.00216062 0.999978
27.000000 0.00702001 -0.0100145 0.00209467 -0.000697017 0.00709106 0.00236118 0.999972
28.000000 0.00831338 -0.0105586 0.00238449 -0.000876986 0.00813932 0.00307332 0.999962
29.000000 0.0073682 -0.00893477 0.00255013 -0.000809138 0.00978195 0.00393697 0.999944
30.000000 0.0100082 -0.00913951 0.00371538 -0.00118919 0.0111296 0.00469198 0.999926
31.000000 0.0121722 -0.0103705 0.00398374 -0.00139289 0.0131003 0.00588664 0.999896
32.000000 0.010825 -0.00958612 0.00455356 -0.00107619 0.0161993 0.00700477 0.999844
33.000000 0.011612 -0.00938609 0.00617925 -0.00121579 0.0190114 0.00787541 0.999787
34.000000 0.0124098 -0.0100078 0.00733766 -0.00137478 0.0224288 0.00924032 0.999705
35.000000 0.013373 -0.0082887 0.0079156 -0.00109079 0.0257197 0.0106381 0.999612
36.000000 0.0147641 -0.00828312 0.00915648 -0.00136112 0.0290481 0.0122244 0.999502
37.000000 0.0160914 -0.00732057 0.0110779 -0.00132478 0.0365072 0.0157422 0.999209
38.000000 0.0177694 -0.00742243 0.0139908 -0.00145559 0.040664 0.0174261 0.99902
39.000000 0.0181565 -0.00720167 0.0162748 -0.00130724 0.0447906 0.0186793 0.998821
40.000000 0.0198581 -0.0036327 0.0209271 -0.000825035 0.0488568 0.0199924 0.998605
41.000000 0.021325 -0.00383494 0.0228467 -0.00188426 0.053107 0.0212845 0.99836
42.000000 0.0226704 -0.00593656 0.0242285 -0.00284478 0.0579009 0.023011 0.998053
43.000000 0.0239797 -0.00736581 0.0256871 -0.00315685 0.0632409 0.0246932 0.997688
44.000000 0.0255418 -0.00521438 0.0283318 -0.00245991 0.0682625 0.0266514 0.997308
45.000000 0.0539545 -0.00509315 0.0250611 -0.00327242 0.0677304 0.0312638 0.997208
46.000000 0.113946 -0.00255048 0.0161212 -0.0040083 0.0607632 0.0325852 0.997612
47.000000 0.115447 -0.00214873 0.0173872 -0.00383022 0.0660534 0.0341915 0.997223
48.000000 0.118845 -0.00118437 0.0170203 -0.00392783 0.07095 0.0358799 0.996827
49.000000 0.119593 -0.000759317 0.018523 -0.00399037 0.0761581 0.0373533 0.996388
50.000000 0.123599 0.000104808 0.0185858 -0.00396906 0.0807688 0.0387441 0.995972
51.000000 0.126975 0.000999808 0.0189912 -0.00401626 0.0853778 0.0401312 0.995532
52.000000 0.12776 0.0019762 0.020397 -0.00411286 0.0906833 0.0413044 0.995014
53.000000 0.131335 0.00151871 0.0207127 -0.00467147 0.0957068 0.0424889 0.994491
54.000000 0.134393 -0.000650322 0.0205993 -0.00457146 0.100601 0.043756 0.993954
55.000000 0.137154 0.000712975 0.0191522 -0.00348045 0.105312 0.0451998 0.993405
56.000000 0.136169 0.00343635 0.0199422 -0.0028966 0.11077 0.0470702 0.992727
57.000000 0.137957 0.00455618 0.0203468 -0.00277086 0.115514 0.0490988 0.992088
58.000000 0.139723 0.00501045 0.0200983 -0.00252769 0.120604 0.051477 0.991362
59.000000 0.143215 0.00564518 0.0205755 -0.00263586 0.125258 0.0536413 0.99067
60.000000 0.144832 0.00601271 0.0196241 -0.0030239 0.130318 0.0562602 0.98987
61.000000 0.148322 0.00609506 0.0180701 -0.00343807 0.134801 0.0588541 0.989117
62.000000 0.151911 0.00547003 0.0166805 -0.00342658 0.139504 0.0613725 0.988312
63.000000 0.155241 0.00734668 0.0171746 -0.00306491 0.144363 0.0635382 0.987478
64.000000 0.159984 0.00693903 0.0148004 -0.00347678 0.148898 0.065532 0.986673
65.000000 0.164388 0.00771506 0.012078 -0.00366311 0.153702 0.0674522 0.985806
66.000000 0.167843 0.00806313 0.00948881 -0.00388265 0.15891 0.0694572 0.984839
67.000000 0.1724 0.00760663 0.00645104 -0.00403109 0.164015 0.0715593 0.983851
68.000000 0.175903 0.00950049 0.00505012 -0.00385213 0.168899 0.0736822 0.982868
69.000000 0.178239 0.0108428 0.00365113 -0.00414924 0.174051 0.0762182 0.981774
70.000000 0.182198 0.0101752 0.00115023 -0.00495459 0.178373 0.0785285 0.980812
71.000000 0.185048 0.0101521 -0.000627715 -0.00511636 0.183225 0.0810847 0.979708
72.000000 0.187456 0.0106367 -0.0019786 -0.00547666 0.188333 0.083424 0.97854
73.000000 0.191848 0.0108137 -0.00498639 -0.00560631 0.19291 0.085526 0.977466
74.000000 0.193529 0.0106748 -0.00630229 -0.00540658 0.198243 0.0879482 0.976184
75.000000 0.198531 0.0129653 -0.00990584 -0.00530492 0.202479 0.089732 0.975152
76.000000 0.201599 0.0140914 -0.0121237 -0.00555452 0.20727 0.091773 0.973954
77.000000 0.206292 0.0150369 -0.0161202 -0.0059605 0.211405 0.0934295 0.972905
78.000000 0.210383 0.0149986 -0.0180732 -0.00643054 0.21548 0.0954545 0.97181
79.000000 0.218975 0.0157048 -0.0242328 -0.00687841 0.223164 0.0993513 0.96968
80.000000 0.222996 0.0158967 -0.0274159 -0.00662059 0.226996 0.101202 0.968601
81.000000 0.226414 0.0186273 -0.0292776 -0.00632074 0.230693 0.102832 0.967557
82.000000 0.229173 0.0191361 -0.0320276 -0.00633172 0.234757 0.104906 0.966356
83.000000 0.231456 0.0218842 -0.0342135 -0.00601543 0.238666 0.106364 0.96524
84.000000 0.234723 0.0231771 -0.0366842 -0.0062241 0.24228 0.108132 0.964142
85.000000 0.236886 0.0242942 -0.0382004 -0.00615688 0.24635 0.110141 0.962883
86.000000 0.240425 0.0246725 -0.0407198 -0.00629714 0.249765 0.112105 0.961775
87.000000 0.244521 0.0234296 -0.0428964 -0.00650659 0.252776 0.114121 0.960749
88.000000 0.246968 0.0240544 -0.045541 -0.00571697 0.256587 0.115695 0.959555
89.000000 0.249534 0.0257866 -0.0468663 -0.0050762 0.260214 0.117374 0.958377
90.000000 0.251737 0.0266875 -0.0490294 -0.00480902 0.263847 0.119199 0.957159
91.000000 0.255079 0.0254999 -0.0502735 -0.00496606 0.266816 0.1209 0.956121
92.000000 0.256981 0.0268634 -0.052706 -0.00406575 0.270195 0.121916 0.955047
93.000000 0.259802 0.0271571 -0.0534993 -0.00377466 0.27312 0.123014 0.954075
94.000000 0.262946 0.0267032 -0.0555768 -0.00377309 0.275794 0.124114 0.953163
95.000000 0.265328 0.0270769 -0.0587346 -0.00335206 0.27875 0.125029 0.952184
96.000000 0.267691 0.0272317 -0.0611813 -0.00293156 0.281533 0.12613 0.951221
97.000000 0.268695 0.0282535 -0.061649 -0.00234939 0.284289 0.127078 0.950277
98.000000 0.271563 0.028559 -0.0636967 -0.00247232 0.28621 0.127976 0.949579
99.000000 0.272929 0.0300363 -0.0655138 -0.00224647 0.288305 0.128812 0.948832
100.000000 0.27535 0.0282787 -0.0673317 -0.00253371 0.290175 0.129789 0.948128
101.000000 0.277451 0.0275091 -0.0690853 -0.0019746 0.292141 0.130772 0.94739
102.000000 0.279949 0.0267147 -0.0698864 -0.00115683 0.293938 0.131736 0.946702
103.000000 0.281458 0.0254059 -0.0747095 -0.000836392 0.29607 0.132466 0.945936
104.000000 0.284172 0.0239967 -0.0764559 -0.000212074 0.297969 0.133347 0.945216
105.000000 0.285746 0.0234369 -0.0775951 0.00102628 0.300268 0.133718 0.944435
106.000000 0.286579 0.0233929 -0.0782889 0.00224369 0.302744 0.133666 0.94365
107.000000 0.29022 0.0208473 -0.0811274 0.00437594 0.305845 0.133002 0.942736
108.000000 0.291815 0.0201154 -0.0823378 0.00584432 0.306874 0.132777 0.942425
109.000000 0.292707 0.0189688 -0.0832719 0.00733697 0.307681 0.132853 0.94214
110.000000 0.293948 0.0167269 -0.0843667 0.00878041 0.308257 0.13296 0.941925
111.000000 0.296294 0.0139194 -0.0863879 0.0119576 0.309244 0.133079 0.941549
112.000000 0.297599 0.0114193 -0.0872037 0.0134172 0.309529 0.13308 0.941436
113.000000 0.298559 0.00980825 -0.0880267 0.0155003 0.310095 0.132597 0.941286
114.000000 0.299805 0.0072256 -0.0893765 0.0176318 0.310651 0.131783 0.941179
115.000000 0.3003 0.00568697 -0.0901679 0.0197179 0.31088 0.130837 0.941194
116.000000 0.301235 0.00301991 -0.0913377 0.021174 0.310729 0.129463 0.941402
117.000000 0.301659 0.0024754 -0.0918088 0.0233793 0.311083 0.127625 0.941484
118.000000 0.301844 -0.000220525 -0.0919771 0.0250458 0.311547 0.126055 0.9415
119.000000 0.30177 -0.00111571 -0.0930759 0.0269437 0.311691 0.124748 0.941573
120.000000 0.301 -0.00255645 -0.0923638 0.0279132 0.31153 0.123551 0.941757
121.000000 0.300207 -0.00735149 -0.0929839 0.0307602 0.309366 0.122016 0.942581
122.000000 0.299387 -0.00960368 -0.0925817 0.0330166 0.307311 0.121242 0.943276
123.000000 0.298637 -0.0106304 -0.0925493 0.0350584 0.304936 0.120313 0.944092
124.000000 0.298014 -0.013506 -0.0919874 0.0366075 0.302721 0.119462 0.944854
125.000000 0.297799 -0.01536 -0.0917676 0.0384538 0.300357 0.118554 0.945649
126.000000 0.296476 -0.0168317 -0.0907253 0.0404025 0.29848 0.117147 0.946337
127.000000 0.295562 -0.0184352 -0.0900857 0.0420544 0.296819 0.115702 0.946965
128.000000 0.295613 -0.0212045 -0.0899607 0.0436846 0.295016 0.114296 0.947625
129.000000 0.293754 -0.0219515 -0.0884404 0.0456133 0.293477 0.112575 0.948218
130.000000 0.291748 -0.0219072 -0.0870423 0.0465102 0.291389 0.111082 0.948994
131.000000 0.289845 -0.0221392 -0.0858759 0.0465571 0.288662 0.109821 0.949972
132.000000 0.288568 -0.0228599 -0.0841802 0.0466981 0.285824 0.108937 0.950924
133.000000 0.286688 -0.0244111 -0.0824758 0.0475644 0.282995 0.108249 0.951805
134.000000 0.284082 -0.0245132 -0.0801873 0.0486219 0.279877 0.107595 0.952748
135.000000 0.282703 -0.0260428 -0.0786527 0.0491957 0.275984 0.107092 0.95391
136.000000 0.281659 -0.0285817 -0.0772714 0.0501731 0.272024 0.106539 0.955058
137.000000 0.278132 -0.0283682 -0.0739731 0.0519581 0.264422 0.104532 0.957316
138.000000 0.275765 -0.0290858 -0.0721984 0.0526346 0.261129 0.103757 0.958267
139.000000 0.274846 -0.0308812 -0.0706049 0.0533207 0.257148 0.102765 0.959412
140.000000 0.273051 -0.0324785 -0.0686871 0.0536433 0.253133 0.101934 0.96055
141.000000 0.271679 -0.0349313 -0.0671117 0.053867 0.248939 0.101261 0.961704
142.000000 0.269346 -0.0351531 -0.065312 0.0548546 0.245076 0.100179 0.962753
143.000000 0.266586 -0.0354614 -0.0640495 0.0549492 0.241247 0.0995678 0.963777
144.000000 0.264873 -0.0388858 -0.0617973 0.0547448 0.23723 0.0991012 0.964834
145.000000 0.262697 -0.0395322 -0.060247 0.05534 0.233597 0.0983976 0.965758
146.000000 0.259739 -0.0404305 -0.0578159 0.0556488 0.230322 0.0974227 0.966625
147.000000 0.258154 -0.0417181 -0.0569548 0.0556776 0.226637 0.0964785 0.967589
148.000000 0.25491 -0.0416722 -0.0547665 0.0561735 0.223453 0.0954302 0.968404
149.000000 0.251201 -0.0402493 -0.0525616 0.0565509 0.220328 0.0943323 0.969205
150.000000 0.247518 -0.0405744 -0.0502082 0.0562049 0.217162 0.0934245 0.970028
151.000000 0.243916 -0.0390618 -0.0478684 0.0564932 0.213853 0.0923034 0.970853
152.000000 0.239998 -0.0411815 -0.045064 0.0558784 0.210233 0.0913272 0.971771
153.000000 0.237124 -0.042846 -0.0433909 0.0556142 0.206112 0.0901203 0.972781
154.000000 0.232858 -0.0420458 -0.040844 0.0561231 0.202436 0.0887529 0.973649
155.000000 0.228293 -0.0428547 -0.0377922 0.0558251 0.198918 0.0873363 0.974519
156.000000 0.224061 -0.0447005 -0.0359251 0.0554189 0.195014 0.0858691 0.975461
157.000000 0.221232 -0.0459633 -0.033746 0.055455 0.190715 0.0841395 0.97646
158.000000 0.217352 -0.0459155 -0.0322152 0.0554838 0.186985 0.0825057 0.977318
159.000000 0.214255 -0.0471239 -0.0304796 0.0548304 0.183081 0.0811009 0.978211
160.000000 0.211283 -0.0482452 -0.0287957 0.0543466 0.179359 0.0796118 0.97905
161.000000 0.206917 -0.0476357 -0.0268189 0.054317 0.1761 0.0777791 0.97979
162.000000 0.202811 -0.0469059 -0.0251776 0.0539122 0.172407 0.0763665 0.98058
163.000000 0.19972 -0.0457182 -0.0230459 0.053409 0.167886 0.0752066 0.981481
164.000000 0.195481 -0.0487424 -0.0215359 0.0527327 0.163247 0.0742472 0.982373
165.000000 0.189772 -0.0469424 -0.0191903 0.0530619 0.158708 0.0726089 0.983221
166.000000 0.18569 -0.0470243 -0.0166307 0.0523879 0.153935 0.0709576 0.984137
167.000000 0.181985 -0.0491659 -0.014609 0.052208 0.14955 0.0695772 0.98492
168.000000 0.178117 -0.0480894 -0.0128818 0.0526928 0.145209 0.0673079 0.985702
169.000000 0.174283 -0.0470378 -0.0112775 0.0524037 0.140944 0.0655148 0.986456
170.000000 0.171573 -0.0495163 -0.0104692 0.0517312 0.136297 0.0639347 0.987248
171.000000 0.169531 -0.0504663 -0.00927137 0.0516786 0.131501 0.0621613 0.988015
172.000000 0.168769 -0.0501903 -0.00863072 0.0517219 0.12614 0.0603454 0.988824
173.000000 0.16709 -0.0481735 -0.00730471 0.0518184 0.121094 0.0584111 0.989565
174.000000 0.167259 -0.04926 -0.00685593 0.0510638 0.11586 0.0562602 0.990355
175.000000 0.167083 -0.0506611 -0.00642228 0.0503934 0.110346 0.0547765 0.991102
176.000000 0.164651 -0.0526616 -0.00564407 0.0497803 0.105722 0.0525379 0.991758
177.000000 0.162344 -0.0528511 -0.0049005 0.0494863 0.100933 0.0502965 0.992388
178.000000 0.160713 -0.051234 -0.00465842 0.0492317 0.0954284 0.0478264 0.993067
179.000000 0.159542 -0.0529373 -0.00412597 0.0484413 0.0903111 0.0458047 0.99368
180.000000 0.156781 -0.0531606 -0.00354674 0.0480821 0.0851852 0.0447339 0.994198
181.000000 0.155166 -0.0536871 -0.00288082 0.0477921 0.0803856 0.0434759 0.994668
182.000000 0.15179 -0.0550381 -0.00208769 0.047516 0.0759543 0.0425042 0.995071
183.000000 0.149939 -0.0538789 -0.00138043 0.0475363 0.0712121 0.0410438 0.995482
184.000000 0.144851 -0.0544256 -0.00074438 0.047683 0.0669338 0.0399415 0.995817
185.000000 0.14471 -0.0538044 -0.00081997 0.047787 0.0615469 0.0383161 0.996223
186.000000 0.142254 -0.0518385 -0.00058149 0.0481325 0.0566307 0.0365243 0.996565
187.000000 0.139268 -0.0508726 0.000958571 0.0484438 0.0523343 0.0346924 0.99685
188.000000 0.136899 -0.0527299 0.00159792 0.0482256 0.0474804 0.0325408 0.997176
189.000000 0.13417 -0.0510042 0.00230673 0.0483366 0.0426537 0.030068 0.997467
190.000000 0.132813 -0.0526811 0.00254601 0.0476927 0.0383091 0.0277772 0.997741
191.000000 0.129079 -0.0527815 0.00326998 0.0477226 0.034242 0.0257957 0.99794
192.000000 0.1293 -0.053254 0.00283873 0.0473703 0.0289349 0.0236343 0.998179
193.000000 0.128025 -0.0523239 0.00130053 0.046877 0.0238176 0.0220875 0.998372
194.000000 0.128469 -0.0530319 0.000439056 0.0464952 0.0186061 0.0207467 0.99853
195.000000 0.127555 -0.0525599 -0.00277859 0.046629 0.0132122 0.0197617 0.998629
196.000000 0.130315 -0.0535137 -0.00600687 0.0459674 0.00818791 0.0181162 0.998745
197.000000 0.127704 -0.053032 -0.0077136 0.0455682 0.00349819 0.0164715 0.998819
198.000000 0.132258 -0.054106 -0.00876655 0.0447887 -0.00182408 0.0145234 0.998889
199.000000 0.138148 -0.056565 -0.00776025 0.044003 -0.00761422 0.0126771 0.998922
200.000000 0.139863 -0.0572273 -0.00851022 0.0436748 -0.0121171 0.0107937 0.998914
201.000000 0.139097 -0.0567357 -0.00827876 0.0432798 -0.0166673 0.0093814 0.99888
202.000000 0.136692 -0.0577671 -0.00735724 0.0425434 -0.0211931 0.00843774 0.998834
203.000000 0.134679 -0.0608392 -0.00708332 0.0417657 -0.0255367 0.0081397 0.998768
204.000000 0.135737 -0.0587731 -0.00500509 0.0421878 -0.0305818 0.00752867 0.998613
205.000000 0.134082 -0.0560955 -0.00338999 0.0423772 -0.0351317 0.00662282 0.998462
206.000000 0.132534 -0.0578597 -0.00233143 0.0415668 -0.0394902 0.00534593 0.998341
207.000000 0.132983 -0.0549656 -0.000604623 0.0419384 -0.0444855 0.00351554 0.998123
208.000000 0.131098 -0.0569536 5.18309e-05 0.0408123 -0.0491277 0.00176971 0.997957
209.000000 0.127929 -0.0605321 0.00104014 0.0399613 -0.0534926 -4.86269e-05 0.997768
210.000000 0.125917 -0.060883 0.00196201 0.0403338 -0.0582757 -0.00225118 0.997483
211.000000 0.126284 -0.0578681 0.00386901 0.0406988 -0.0638571 -0.00420031 0.99712
212.000000 0.121931 -0.059272 0.00474916 0.0399651 -0.0682708 -0.00593809 0.996848
213.000000 0.120745 -0.0590636 0.00636429 0.039476 -0.0735353 -0.00774752 0.996481
214.000000 0.118842 -0.0572249 0.00764754 0.0386731 -0.0789087 -0.00990703 0.996082
215.000000 0.121416 -0.0612031 0.010289 0.0373527 -0.085252 -0.0116541 0.995591
216.000000 0.120755 -0.0624423 0.0121461 0.0372126 -0.0908347 -0.0131314 0.995084
217.000000 0.122753 -0.0615295 0.0146133 0.0373191 -0.0973406 -0.0146784 0.994443
218.000000 0.124974 -0.0605206 0.018246 0.0375763 -0.103964 -0.0165968 0.993732
219.000000 0.125281 -0.0582808 0.0216554 0.0378531 -0.110062 -0.0182705 0.993036
220.000000 0.126147 -0.058606 0.0242292 0.0373846 -0.116283 -0.0202459 0.992306
221.000000 0.1251 -0.0605926 0.0262276 0.036915 -0.121741 -0.0223372 0.991624
222.000000 0.122445 -0.0590935 0.0284935 0.0372865 -0.126621 -0.0246101 0.990945
223.000000 0.117602 -0.058618 0.0298098 0.036901 -0.130815 -0.0265597 0.990364
224.000000 0.0756448 -0.0539065 0.0146646 0.0366641 -0.126473 -0.0309395 0.990809
225.000000 0.0706526 -0.0573667 0.0138358 0.0354654 -0.130717 -0.0326371 0.990248
226.000000 0.0661183 -0.0559827 0.0145964 0.0354345 -0.13504 -0.0342474 0.989614
227.000000 0.0616696 -0.0559343 0.0148189 0.0348279 -0.139356 -0.0359183 0.988978
228.000000 0.0575939 -0.0552883 0.0145943 0.034629 -0.143704 -0.0375854 0.9883
229.000000 0.0518274 -0.0557384 0.0147125 0.0338384 -0.147755 -0.039305 0.987663
230.000000 0.0483642 -0.0553386 0.0140681 0.033456 -0.15221 -0.0408704 0.986936
231.000000 0.044764 -0.054734 0.0143507 0.0333972 -0.156498 -0.0424973 0.986198
232.000000 0.0420359 -0.0557981 0.0136741 0.0328068 -0.160762 -0.0443178 0.985452
233.000000 0.0373685 -0.0558643 0.0130619 0.0327174 -0.164488 -0.0458797 0.984768
234.000000 0.0344887 -0.0551793 0.0130542 0.0326283 -0.168919 -0.0478389 0.983927
235.000000 0.0331713 -0.0541002 0.0124209 0.0325753 -0.173424 -0.0501238 0.983031
236.000000 0.0305073 -0.0513489 0.0117683 0.0328719 -0.177436 -0.052247 0.982195
237.000000 0.0271766 -0.0472787 0.011189 0.0331268 -0.181254 -0.0543335 0.981375
238.000000 0.0253398 -0.0476528 0.0107463 0.0324291 -0.185597 -0.056213 0.980481
239.000000 0.0225389 -0.0411782 0.0114776 0.032943 -0.194983 -0.059842 0.978425
240.000000 0.0198564 -0.0410289 0.0107351 0.031918 -0.199581 -0.0613127 0.97744
241.000000 0.018581 -0.0382283 0.0112706 0.0319513 -0.204552 -0.0630466 0.976301
242.000000 0.016673 -0.0352802 0.0108815 0.0318061 -0.209225 -0.0648446 0.975197
243.000000 0.0150615 -0.034287 0.0112828 0.0313047 -0.213985 -0.0665884 0.974062
244.000000 0.0131187 -0.034966 0.0111194 0.0304432 -0.218728 -0.0679949 0.972938
245.000000 0.0100389 -0.033522 0.0112202 0.0298642 -0.22328 -0.0694876 0.971816
246.000000 0.00608616 -0.0329329 0.0104634 0.0295044 -0.227281 -0.0710755 0.970784
247.000000 0.00262192 -0.0295391 0.00969781 0.0295012 -0.231193 -0.0724293 0.96976
248.000000 -0.000379423 -0.02654 0.00736655 0.0286017 -0.234769 -0.0740397 0.968805
249.000000 -0.00348847 -0.0264891 0.00665254 0.0274941 -0.238424 -0.0752929 0.967848
250.000000 -0.00829017 -0.0239555 0.00569348 0.0269973 -0.241435 -0.0767202 0.967003
251.000000 -0.0117894 -0.0219223 0.00430403 0.0258366 -0.244502 -0.0783789 0.96613
252.000000 -0.0144673 -0.021261 0.00437849 0.0246464 -0.247871 -0.0797447 0.965191
253.000000 -0.0171184 -0.0193765 0.00405159 0.0239409 -0.251157 -0.0811433 0.964242
254.000000 -0.0198747 -0.0183568 0.0056662 0.022928 -0.254351 -0.08245 0.963318
255.000000 -0.0219201 -0.0171933 0.00779483 0.0221916 -0.257738 -0.0839684 0.962304
256.000000 -0.026962 -0.0139257 0.00479798 0.0214028 -0.263442 -0.0873427 0.960475
257.000000 -0.0299611 -0.013612 -0.0006826 0.0202745 -0.266022 -0.0890801 0.959628
258.000000 -0.0319778 -0.0126189 -0.000684389 0.0196723 -0.269072 -0.0903132 0.958675
259.000000 -0.0338111 -0.0108228 0.000723664 0.0192075 -0.272405 -0.0914327 0.957636
260.000000 -0.0358232 -0.00966003 -0.000489224 0.018483 -0.275907 -0.0922557 0.956568
261.000000 -0.0380532 -0.00799161 -0.00169814 0.0178994 -0.279757 -0.0930418 0.955384
262.000000 -0.0406291 -0.00692235 -0.00221753 0.0168993 -0.283441 -0.0938814 0.954234
263.000000 -0.0424013 -0.00566868 -0.00398631 0.0163879 -0.287392 -0.0947259 0.952977
264.000000 -0.0455651 -0.00378792 -0.00586852 0.0157995 -0.290797 -0.0956705 0.951859
265.000000 -0.0483262 -0.00180559 -0.00931409 0.0150655 -0.294168 -0.0968444 0.950715
266.000000 -0.0506673 -0.00115127 -0.0104866 0.0143958 -0.297842 -0.0983409 0.949427
267.000000 -0.0532682 0.000505976 -0.0117889 0.014107 -0.301425 -0.0999043 0.948137
268.000000 -0.0557785 0.00228245 -0.0140365 0.0135017 -0.304866 -0.101632 0.946861
269.000000 -0.0583786 0.00388405 -0.0175826 0.0126735 -0.308197 -0.103247 0.945618
270.000000 -0.0607878 0.00558701 -0.0198698 0.0119794 -0.311582 -0.104813 0.944345
271.000000 -0.0631928 0.00712681 -0.0223394 0.0111935 -0.314693 -0.106692 0.943112
272.000000 -0.0658868 0.00880994 -0.0248667 0.0105488 -0.317486 -0.108548 0.941971
273.000000 -0.0676834 0.0102273 -0.0256993 0.010123 -0.320612 -0.110238 0.940719
274.000000 -0.0699166 0.0121611 -0.028524 0.00934155 -0.323567 -0.111913 0.939517
275.000000 -0.0718513 0.0125597 -0.0307138 0.00844118 -0.326563 -0.11336 0.938315
276.000000 -0.0798178 0.0194516 -0.0388547 0.00519543 -0.338621 -0.118599 0.933404
277.000000 -0.0816704 0.0214328 -0.0422923 0.00438434 -0.341236 -0.119869 0.932293
278.000000 -0.0831946 0.0237779 -0.0431794 0.00384312 -0.343969 -0.120877 0.93116
279.000000 -0.0842701 0.0246708 -0.0432004 0.00301257 -0.347079 -0.12205 0.929855
280.000000 -0.085617 0.0268536 -0.0437392 0.00203852 -0.349902 -0.123472 0.928611
281.000000 -0.0869312 0.0275784 -0.0455193 0.001139 -0.352607 -0.124895 0.927399
282.000000 -0.0879073 0.0297904 -0.0460616 0.000841771 -0.355311 -0.126068 0.926207
283.000000 -0.0890793 0.0310645 -0.0474194 -4.71425e-05 -0.35768 -0.127717 0.92507
284.000000 -0.0901529 0.0328821 -0.0487517 -0.000833248 -0.359732 -0.129079 0.924084
285.000000 -0.0910133 0.0351429 -0.049739 -0.00157266 -0.361644 -0.130155 0.923185
286.000000 -0.0916736 0.0365701 -0.05067 -0.00231731 -0.363569 -0.13105 0.9223
287.000000 -0.0927809 0.0387154 -0.0519483 -0.00299998 -0.36536 -0.131689 0.921499
288.000000 -0.0931277 0.0410103 -0.0526221 -0.00408731 -0.367242 -0.132637 0.920611
289.000000 -0.0937841 0.0419259 -0.053285 -0.00539905 -0.368944 -0.13364 0.919778
290.000000 -0.0941034 0.0436446 -0.0537466 -0.0064847 -0.370543 -0.134172 0.91905
291.000000 -0.0949481 0.0457075 -0.0553015 -0.0077337 -0.37168 -0.134468 0.918538
292.000000 -0.0951645 0.0475237 -0.0556351 -0.00881538 -0.373107 -0.134529 0.917941
293.000000 -0.09538 0.0484734 -0.0564249 -0.0100701 -0.374343 -0.134891 0.917371
294.000000 -0.0954591 0.0533883 -0.0572088 -0.0119466 -0.376753 -0.135691 0.916244
295.000000 -0.0954246 0.0554739 -0.0575592 -0.0136276 -0.377922 -0.136396 0.915634
296.000000 -0.0958909 0.0563837 -0.0585383 -0.0152127 -0.379109 -0.137414 0.914966
297.000000 -0.097072 0.0600215 -0.0608341 -0.017313 -0.381397 -0.139691 0.913632
298.000000 -0.0977786 0.0614915 -0.0622842 -0.0179173 -0.382634 -0.141205 0.91287
299.000000 -0.098149 0.063275 -0.0628571 -0.0183969 -0.383991 -0.142958 0.912017
300.000000 -0.0989492 0.065119 -0.0640513 -0.0193977 -0.385171 -0.144589 0.911241
301.000000 -0.101118 0.0681396 -0.0677935 -0.021575 -0.388752 -0.146912 0.909298
302.000000 -0.102443 0.0696145 -0.0698066 -0.0226312 -0.3913 -0.147773 0.908039
303.000000 -0.104038 0.0712684 -0.0723283 -0.0231303 -0.39416 -0.148687 0.906639
304.000000 -0.105336 0.0722112 -0.0742262 -0.0237145 -0.39719 -0.149806 0.905117
305.000000 -0.106145 0.0742519 -0.0759495 -0.0241934 -0.400224 -0.151125 0.903547
306.000000 -0.107606 0.0758035 -0.0781294 -0.0250218 -0.403314 -0.152841 0.90186
307.000000 -0.109258 0.077203 -0.0806904 -0.0258909 -0.406509 -0.15462 0.900096
308.000000 -0.110976 0.0787274 -0.0838624 -0.0264516 -0.409831 -0.155893 0.898352
309.000000 -0.1127 0.0801012 -0.0870884 -0.0267922 -0.413108 -0.157178 0.896615
310.000000 -0.114023 0.0809748 -0.0898902 -0.0270434 -0.416485 -0.158427 0.894824
311.000000 -0.11543 0.0818821 -0.0926125 -0.0269125 -0.419822 -0.159409 0.893092
312.000000 -0.116809 0.0830899 -0.0952558 -0.0266655 -0.423178 -0.160319 0.891352
313.000000 -0.117729 0.0842194 -0.0979071 -0.0263637 -0.426538 -0.161472 0.889549
314.000000 -0.119238 0.0849635 -0.100442 -0.0259408 -0.429546 -0.162763 0.887877
315.000000 -0.12054 0.0859166 -0.102939 -0.02549 -0.432393 -0.163904 0.886297
316.000000 -0.121799 0.0865187 -0.105709 -0.0248332 -0.435463 -0.164675 0.884668
317.000000 -0.123156 0.0871396 -0.108225 -0.0239591 -0.438641 -0.165171 0.883028
318.000000 -0.125464 0.0881829 -0.113064 -0.0222892 -0.44474 -0.166373 0.87979
319.000000 -0.126458 0.0888589 -0.115093 -0.0212818 -0.447655 -0.167005 0.878215
320.000000 -0.127842 0.0889014 -0.11751 -0.0204934 -0.450396 -0.167706 0.876697
321.000000 -0.129332 0.0894288 -0.119622 -0.0194616 -0.452933 -0.168248 0.875309
322.000000 -0.130421 0.0896078 -0.121455 -0.018854 -0.455594 -0.168853 0.873823
323.000000 -0.131859 0.0893667 -0.123625 -0.0183636 -0.457882 -0.169556 0.872501
324.000000 -0.133124 0.0889666 -0.125735 -0.0178366 -0.459965 -0.169768 0.871374
325.000000 -0.13455 0.0886993 -0.127744 -0.0168267 -0.461969 -0.169474 0.870391
326.000000 -0.135848 0.0874162 -0.129562 -0.0161349 -0.4639 -0.169105 0.869448
327.000000 -0.137245 0.0861347 -0.131625 -0.0150848 -0.465291 -0.168797 0.868783
328.000000 -0.138523 0.0842689 -0.133205 -0.0135919 -0.466282 -0.168202 0.868392
329.000000 -0.139871 0.0823758 -0.134667 -0.0120453 -0.466901 -0.167575 0.868203
330.000000 -0.14103 0.0801975 -0.13619 -0.0100752 -0.467204 -0.166819 0.868211
331.000000 -0.142324 0.0777154 -0.137238 -0.00805202 -0.467198 -0.166176 0.868359
332.000000 -0.143645 0.0749839 -0.138484 -0.00628679 -0.466945 -0.165246 0.868687
333.000000 -0.145841 0.0692376 -0.140176 -0.00168188 -0.466891 -0.163219 0.86912
334.000000 -0.146749 0.0662759 -0.140755 0.00088342 -0.466554 -0.162259 0.869482
335.000000 -0.147809 0.0633409 -0.141148 0.00365616 -0.466135 -0.161301 0.869877
336.000000 -0.148639 0.0608308 -0.141436 0.00596063 -0.465552 -0.160292 0.870363
337.000000 -0.14943 0.058623 -0.141684 0.00827756 -0.465156 -0.158829 0.870824
338.000000 -0.150514 0.0559812 -0.141952 0.0105015 -0.464774 -0.157098 0.871318
339.000000 -0.151297 0.0537183 -0.141684 0.0120235 -0.464434 -0.155629 0.871743
340.000000 -0.152079 0.0510849 -0.141505 0.0137961 -0.464332 -0.154356 0.871998
341.000000 -0.153251 0.0480185 -0.141806 0.0157862 -0.463719 -0.153146 0.872503
342.000000 -0.154108 0.0456718 -0.141812 0.0175483 -0.462916 -0.151476 0.873187
343.000000 -0.154828 0.0428707 -0.141797 0.0195522 -0.462297 -0.149682 0.873782
344.000000 -0.156364 0.0372508 -0.14147 0.0238165 -0.461113 -0.145632 0.874985
345.000000 -0.156934 0.0348272 -0.141376 0.0257198 -0.460528 -0.143873 0.87553
346.000000 -0.157854 0.0321683 -0.141396 0.0282323 -0.460021 -0.142426 0.875956
347.000000 -0.158604 0.0291741 -0.141293 0.0304291 -0.459365 -0.141563 0.876366
348.000000 -0.159374 0.025542 -0.141177 0.0321778 -0.458546 -0.141311 0.876773
349.000000 -0.16018 0.0229668 -0.141226 0.0346811 -0.457505 -0.14052 0.877348
350.000000 -0.160909 0.0197089 -0.141015 0.0368163 -0.456552 -0.139198 0.877969
351.000000 -0.161665 0.0166886 -0.140907 0.0391291 -0.455582 -0.137823 0.878589
352.000000 -0.162388 0.0132846 -0.140689 0.0415565 -0.454532 -0.136113 0.879288
353.000000 -0.162873 0.010174 -0.140466 0.0432072 -0.453555 -0.13395 0.880045
354.000000 -0.163386 0.00727666 -0.1402 0.0440495 -0.452557 -0.131901 0.880826
355.000000 -0.163945 0.00391176 -0.140352 0.0450201 -0.451395 -0.130231 0.881621
356.000000 -0.164381 0.000972554 -0.139809 0.0460975 -0.450045 -0.128681 0.882482
357.000000 -0.164785 -0.00154965 -0.139302 0.0476099 -0.448459 -0.1271 0.883438
358.000000 -0.165046 -0.00449415 -0.138172 0.049204 -0.446724 -0.125517 0.884456
359.000000 -0.165184 -0.00742476 -0.137018 0.050329 -0.444849 -0.12406 0.885542
360.000000 -0.165315 -0.0101864 -0.135641 0.0513579 -0.442821 -0.122814 0.886673
361.000000 -0.165298 -0.0127081 -0.134544 0.0530793 -0.440832 -0.121207 0.887783
362.000000 -0.165237 -0.0146149 -0.133517 0.0551415 -0.438715 -0.119682 0.888912
363.000000 -0.165281 -0.0173969 -0.132457 0.0568498 -0.436344 -0.11815 0.890176
364.000000 -0.165142 -0.0192239 -0.131297 0.0590161 -0.433929 -0.116528 0.891428
365.000000 -0.16434 -0.0253353 -0.128798 0.0622186 -0.429165 -0.113238 0.893937
366.000000 -0.163795 -0.0282839 -0.127599 0.0636896 -0.426307 -0.1114 0.895431
367.000000 -0.162893 -0.0311998 -0.125539 0.0647425 -0.423452 -0.109617 0.896929
368.000000 -0.161258 -0.0381808 -0.121922 0.0663556 -0.415757 -0.107808 0.900622
369.000000 -0.159753 -0.0412174 -0.119158 0.0673109 -0.41134 -0.106262 0.902761
370.000000 -0.158474 -0.0435676 -0.116653 0.0676364 -0.406813 -0.104881 0.904947
371.000000 -0.157342 -0.0455204 -0.113912 0.0677597 -0.40251 -0.10363 0.907003
372.000000 -0.155822 -0.0481635 -0.11075 0.0679311 -0.398265 -0.102497 0.908991
373.000000 -0.154284 -0.0511594 -0.108059 0.0676153 -0.393497 -0.10159 0.91119
374.000000 -0.152681 -0.0537976 -0.104975 0.0675024 -0.388419 -0.100572 0.913488
375.000000 -0.151031 -0.0558181 -0.101972 0.0682136 -0.383382 -0.0989458 0.915737
376.000000 -0.149091 -0.0578627 -0.0991028 0.0692597 -0.378706 -0.0969074 0.91782
377.000000 -0.147137 -0.0605033 -0.0965924 0.0694421 -0.374224 -0.0951521 0.919826
378.000000 -0.144914 -0.0627299 -0.0937869 0.0700341 -0.369585 -0.0939132 0.921782
379.000000 -0.142725 -0.0645275 -0.091216 0.0707614 -0.36474 -0.0923058 0.923817
380.000000 -0.140677 -0.0659803 -0.0892012 0.0717329 -0.36013 -0.0907046 0.925707
381.000000 -0.138436 -0.0673313 -0.086762 0.0719634 -0.355406 -0.089495 0.927631
382.000000 -0.13641 -0.068867 -0.0847279 0.0727346 -0.350543 -0.0882536 0.929538
383.000000 -0.134281 -0.0698447 -0.0825912 0.0731396 -0.345864 -0.0862524 0.931445
384.000000 -0.131792 -0.0704997 -0.0805526 0.0733388 -0.34127 -0.0847221 0.933262
385.000000 -0.129511 -0.0722502 -0.0782964 0.073683 -0.336614 -0.0833291 0.93505
386.000000 -0.126723 -0.0726413 -0.0753005 0.0746373 -0.331686 -0.0818644 0.936863
387.000000 -0.123767 -0.0730632 -0.0724887 0.0754677 -0.326555 -0.0800917 0.93875
388.000000 -0.121506 -0.0747668 -0.0704653 0.0754281 -0.321512 -0.0785695 0.940621
389.000000 -0.118349 -0.0744286 -0.0671304 0.0756219 -0.316892 -0.0774746 0.942263
390.000000 -0.115896 -0.0755627 -0.0654799 0.0755797 -0.312093 -0.0761571 0.943973
391.000000 -0.112723 -0.0747004 -0.0623208 0.0751396 -0.307551 -0.0747553 0.94561
392.000000 -0.110094 -0.0749645 -0.0606546 0.0743055 -0.302918 -0.0734312 0.947274
393.000000 -0.107183 -0.0758571 -0.0580087 0.0738403 -0.298354 -0.0718749 0.948876
394.000000 -0.104378 -0.0760031 -0.0564239 0.0739927 -0.293712 -0.0702329 0.950434
395.000000 -0.101306 -0.0763223 -0.0536638 0.0739824 -0.28903 -0.0690909 0.951953
396.000000 -0.097843 -0.0777279 -0.0510339 0.0737797 -0.284261 -0.0681517 0.953471
397.000000 -0.0963975 -0.0788666 -0.0520446 0.0735712 -0.278695 -0.0670317 0.955208
398.000000 -0.0928154 -0.0792997 -0.0492358 0.073257 -0.273881 -0.0658656 0.956705
399.000000 -0.0911414 -0.0782551 -0.0482222 0.0731585 -0.268566 -0.0646869 0.958298
400.000000 -0.089043 -0.0776839 -0.0472818 0.0731135 -0.263366 -0.0639574 0.959793
401.000000 -0.086832 -0.0776741 -0.0456879 0.0728486 -0.257962 -0.0629765 0.961344
402.000000 -0.0852228 -0.0758547 -0.044978 0.0728374 -0.252278 -0.0615856 0.962942
403.000000 -0.0831596 -0.0764979 -0.0455044 0.0720335 -0.246934 -0.0599394 0.964491
404.000000 -0.0805343 -0.0775582 -0.043828 0.071404 -0.2421 -0.0584453 0.965854
405.000000 -0.0779104 -0.0777691 -0.0425395 0.071305 -0.237222 -0.0571533 0.967148
406.000000 -0.074722 -0.0780741 -0.0413204 0.0706811 -0.23238 -0.0554673 0.968466
407.000000 -0.0717821 -0.0784173 -0.0404107 0.0694925 -0.227687 -0.0538703 0.969756
408.000000 -0.068419 -0.0776757 -0.0382691 0.068784 -0.223178 -0.0529139 0.970907
409.000000 -0.0651142 -0.0777839 -0.0367817 0.0679706 -0.218583 -0.0513352 0.972094
410.000000 -0.0617867 -0.0760662 -0.0351659 0.0668456 -0.214094 -0.0494895 0.973266
411.000000 -0.0595204 -0.0762363 -0.0343033 0.065553 -0.20943 -0.0479296 0.974446
412.000000 -0.0565707 -0.0737745 -0.0319753 0.0648954 -0.205142 -0.0462422 0.975483
413.000000 -0.0540578 -0.0745674 -0.0313432 0.0632842 -0.200596 -0.0451827 0.976583
414.000000 -0.0520854 -0.0750565 -0.0303805 0.0623604 -0.195858 -0.0442694 0.977646
415.000000 -0.0507548 -0.0757525 -0.0301049 0.0616353 -0.190843 -0.0435889 0.978713
416.000000 -0.0480214 -0.0760281 -0.0288854 0.0609835 -0.186359 -0.0426368 0.97966
417.000000 -0.0476768 -0.0751395 -0.028765 0.0606372 -0.181371 -0.0417055 0.980657
418.000000 -0.0451577 -0.0748406 -0.0279008 0.0599862 -0.177095 -0.0405758 0.981526
419.000000 -0.0433399 -0.0728472 -0.0263647 0.0591561 -0.1727 -0.0392308 0.982414
420.000000 -0.0413729 -0.0709206 -0.0248075 0.0579509 -0.168706 -0.0377694 0.983236
421.000000 -0.0398038 -0.0715925 -0.0240691 0.0565696 -0.164523 -0.0366056 0.984069
422.000000 -0.0376069 -0.0705983 -0.0230546 0.0555846 -0.160197 -0.0353619 0.984884
423.000000 -0.0348353 -0.0684662 -0.0216745 0.0543149 -0.15584 -0.0344737 0.985685
424.000000 -0.0325674 -0.0689133 -0.0197361 0.0529913 -0.151572 -0.0327021 0.986483
425.000000 -0.0302989 -0.0650546 -0.0185657 0.0523247 -0.147621 -0.031458 0.987158
426.000000 -0.027298 -0.0632083 -0.0173791 0.0507818 -0.143953 -0.0302451 0.987818
427.000000 -0.0244987 -0.0635952 -0.0162672 0.0494589 -0.140362 -0.0290194 0.988438
428.000000 -0.0219242 -0.0654411 -0.0162016 0.0483025 -0.136578 -0.0278826 0.989058
429.000000 -0.0195793 -0.068031 -0.0155348 0.0476858 -0.132672 -0.0268605 0.989648
430.000000 -0.0171075 -0.0679854 -0.0152982 0.0478596 -0.128471 -0.0256964 0.990224
431.000000 -0.0145599 -0.062849 -0.0141353 0.0484849 -0.124083 -0.0241284 0.990793
432.000000 -0.0133378 -0.0590178 -0.0128081 0.0478962 -0.119419 -0.0221415 0.991441
433.000000 -0.0106578 -0.0564976 -0.0112542 0.0468028 -0.115489 -0.0204258 0.991995
434.000000 -0.00835276 -0.0529872 -0.0104562 0.0459 -0.111257 -0.0187148 0.992555
435.000000 -0.0071002 -0.0511324 -0.00946232 0.0445304 -0.106557 -0.0173628 0.993157
436.000000 -0.00645826 -0.0502837 -0.00905499 0.0431804 -0.10148 -0.0161803 0.993768
437.000000 -0.00660631 -0.0500071 -0.00788663 0.0422137 -0.0963077 -0.0140701 0.994357
438.000000 -0.00732184 -0.0487971 -0.00718493 0.0412331 -0.0914387 -0.012194 0.994882
439.000000 -0.00905101 -0.0483651 -0.00694522 0.0402826 -0.0860389 -0.0106072 0.995421
440.000000 -0.010531 -0.0475908 -0.00589026 0.0392408 -0.080478 -0.00863552 0.995946
441.000000 -0.0202545 -0.0444139 -0.00604834 0.0367742 -0.0684075 -0.00495737 0.996967
442.000000 -0.0244366 -0.0447992 -0.00608172 0.0351246 -0.0627415 -0.00315956 0.997406
443.000000 -0.0260311 -0.0445205 -0.00543674 0.0341958 -0.0579203 -0.00143662 0.997734
444.000000 -0.0279669 -0.0402834 -0.0050125 0.0341534 -0.0537428 0.000385388 0.997971
445.000000 -0.0299846 -0.0381651 -0.00429489 0.0337427 -0.0495006 0.00229126 0.998201
446.000000 -0.0292359 -0.0338013 -0.00313497 0.0330969 -0.0459436 0.00381573 0.998388
447.000000 -0.0286637 -0.030924 -0.00206921 0.0317097 -0.0424891 0.00479491 0.998582
448.000000 -0.0312733 -0.0279894 -0.000259773 0.0300457 -0.0383321 0.00574365 0.998797
449.000000 -0.0305373 -0.0247179 0.00109302 0.0282733 -0.0347628 0.00640372 0.998975
450.000000 -0.0300697 -0.024116 0.00379265 0.0261953 -0.031303 0.00746378 0.999139
451.000000 -0.0294577 -0.0165011 0.00878195 0.0249492 -0.0281874 0.00836027 0.999256
452.000000 -0.0291815 -0.0154778 0.011147 0.0226085 -0.0254522 0.00929304 0.999377
453.000000 -0.0284826 -0.0141976 0.0150823 0.0204402 -0.0228512 0.0100198 0.99948
454.000000 -0.027498 -0.0118469 0.018858 0.0184032 -0.0205329 0.0103061 0.999567
455.000000 -0.0264982 -0.010297 0.0239082 0.0162477 -0.018562 0.0113394 0.999631
456.000000 -0.0262547 -0.0130886 0.0286563 0.0137312 -0.016865 0.0126156 0.999684
457.000000 -0.0254693 -0.0134083 0.0349559 0.0124327 -0.0156133 0.0135957 0.999708
458.000000 -0.0228251 -0.0131272 0.0410987 0.010839 -0.0146227 0.0140236 0.999736
459.000000 -0.0215454 -0.0164527 0.0478426 0.00918046 -0.0134342 0.0145934 0.999761
460.000000 -0.0207566 -0.0155695 0.0549886 0.00865376 -0.0123689 0.0149936 0.999774
461.000000 -0.0174054 -0.0156676 0.0627321 0.00753164 -0.0115673 0.0153089 0.999788
462.000000 -0.0167105 -0.0171909 0.0709916 0.00606113 -0.00972548 0.0159149 0.999808
463.000000 -0.0160066 -0.0184267 0.0801257 0.00500501 -0.00824179 0.0165881 0.999816
464.000000 -0.0118335 -0.0234136 0.100205 0.00217091 -0.00716262 0.0174108 0.99982
465.000000 -0.00934827 -0.0263342 0.110751 0.00158609 -0.00713025 0.0179415 0.999812
466.000000 -0.00634576 -0.0264428 0.121858 0.00119789 -0.00705147 0.0183078 0.999807
467.000000 -0.00431987 -0.0304042 0.133388 -0.000124518 -0.00644544 0.0189549 0.9998
468.000000 -0.00293066 -0.0331453 0.145053 -0.000905319 -0.00558747 0.0199876 0.999784
469.000000 -0.000891874 -0.0376653 0.157255 -0.00175719 -0.00488203 0.021359 0.999758
470.000000 0.000887775 -0.0426996 0.170354 -0.00272212 -0.00499767 0.0227355 0.999725
471.000000 0.00370162 -0.0481886 0.182275 -0.0038079 -0.00593138 0.0232297 0.999705
472.000000 0.00651712 -0.0548762 0.19466 -0.00447425 -0.00640841 0.0230565 0.999704
473.000000 0.00989563 -0.0603642 0.206292 -0.00448061 -0.00739843 0.0222208 0.999716
474.000000 0.0136098 -0.0643734 0.219265 -0.00422746 -0.0084684 0.0210451 0.999734
475.000000 0.0171463 -0.0662981 0.231422 -0.00436869 -0.00870688 0.0199439 0.999754
476.000000 0.0185484 -0.0722356 0.243675 -0.00565797 -0.00847032 0.0191919 0.999764
477.000000 0.0223703 -0.0788359 0.255248 -0.00661653 -0.00886893 0.0184751 0.999768
478.000000 0.0258119 -0.0812964 0.267254 -0.00656806 -0.0098102 0.0175133 0.999777
479.000000 0.0296231 -0.0852862 0.278796 -0.0077608 -0.0111393 0.0164215 0.999773
480.000000 0.0308508 -0.0946533 0.289717 -0.00898624 -0.012069 0.0158905 0.999761
481.000000 0.034567 -0.0981254 0.301608 -0.00776365 -0.0137669 0.0142906 0.999773
482.000000 0.0372151 -0.0979549 0.313122 -0.00686124 -0.0146745 0.0124154 0.999792
483.000000 0.0407518 -0.098399 0.324379 -0.00760898 -0.0153173 0.0107119 0.999796
484.000000 0.0428361 -0.101168 0.335815 -0.00977362 -0.0152947 0.00992521 0.999786
485.000000 0.0459778 -0.107238 0.346412 -0.0121869 -0.015339 0.00988353 0.999759
486.000000 0.0462164 -0.11042 0.358355 -0.0132456 -0.015121 0.0100779 0.999747
487.000000 0.0483131 -0.112251 0.369596 -0.0151267 -0.015451 0.010364 0.999712
488.000000 0.0490028 -0.119079 0.380716 -0.0173494 -0.0156174 0.0107432 0.99967
489.000000 0.0492971 -0.123551 0.391832 -0.0180635 -0.0156635 0.0111547 0.999652
490.000000 0.0521746 -0.128898 0.402561 -0.0183934 -0.0156986 0.0114151 0.999642
491.000000 0.0523464 -0.132505 0.413126 -0.0178609 -0.0146068 0.0112466 0.999671
492.000000 0.0528014 -0.134228 0.424214 -0.0172892 -0.0133248 0.0114207 0.999696
493.000000 0.0528922 -0.134458 0.435511 -0.0172446 -0.0122415 0.0114396 0.999711
494.000000 0.0536326 -0.138441 0.44695 -0.0188451 -0.0115246 0.0118902 0.999685
495.000000 0.053669 -0.14431 0.457917 -0.0202115 -0.010879 0.0124911 0.999659
496.000000 0.0534433 -0.149593 0.469389 -0.0205516 -0.0101243 0.0131949 0.99965
497.000000 0.0521538 -0.155513 0.480644 -0.0202335 -0.00856202 0.0142393 0.999657
498.000000 0.0510981 -0.160511 0.493157 -0.0189733 -0.00690825 0.0153979 0.999678
499.000000 0.0501635 -0.161231 0.504876 -0.0178701 -0.00545933 0.0163383 0.999692
500.000000 0.0485384 -0.163358 0.515975 -0.0187438 -0.00454361 0.0174419 0.999662
501.000000 0.0472885 -0.167171 0.527336 -0.0206935 -0.00398051 0.0184841 0.999607
502.000000 0.0448779 -0.172741 0.538682 -0.022717 -0.00305992 0.0191736 0.999553
503.000000 0.0418037 -0.176778 0.550195 -0.0240539 -0.00189891 0.018971 0.999529
504.000000 0.0398917 -0.18204 0.5616 -0.025976 -0.000119964 0.0185667 0.99949
505.000000 0.0385203 -0.190243 0.572304 -0.0274614 0.00150848 0.0193753 0.999434
506.000000 0.036173 -0.194463 0.582884 -0.0267902 0.00297135 0.0208861 0.999418
507.000000 0.0336862 -0.198222 0.593439 -0.0270162 0.00452787 0.0225795 0.99937
508.000000 0.0307448 -0.203952 0.603648 -0.0274779 0.00655548 0.0250009 0.999288
509.000000 0.0268016 -0.207531 0.613634 -0.0269102 0.00933806 0.0267696 0.999236
510.000000 0.0241495 -0.211616 0.622957 -0.0272377 0.0119701 0.0283614 0.999155
511.000000 0.0243772 -0.21737 0.631255 -0.02756 0.0139025 0.0304643 0.999059
512.000000 0.0221526 -0.22085 0.640129 -0.0265595 0.0165807 0.0322344 0.99899
513.000000 0.0209859 -0.222304 0.648738 -0.0260948 0.0195713 0.0341344 0.998885
514.000000 0.0204783 -0.223557 0.656041 -0.02678 0.0228979 0.0361888 0.998724
515.000000 0.0206715 -0.228618 0.663549 -0.0282324 0.0262563 0.0386877 0.998507
516.000000 0.0205282 -0.231534 0.670672 -0.0283332 0.0299891 0.0411411 0.998301
517.000000 0.0203627 -0.234071 0.677459 -0.028508 0.0341009 0.0437687 0.998052
518.000000 0.0223589 -0.2373 0.683502 -0.0287667 0.038437 0.0464109 0.997768
519.000000 0.0240679 -0.239739 0.689147 -0.0281205 0.0432762 0.0493925 0.997445
520.000000 0.0262568 -0.239963 0.694496 -0.0272258 0.0479474 0.052287 0.997109
521.000000 0.0281481 -0.239852 0.699564 -0.0276911 0.0529128 0.0552894 0.996683
522.000000 0.0301761 -0.239278 0.704093 -0.0290296 0.057648 0.0584046 0.996204
523.000000 0.0327693 -0.242443 0.708419 -0.03106 0.062162 0.0617365 0.995671
524.000000 0.0356171 -0.243614 0.712588 -0.0317144 0.0665797 0.0643433 0.995199
525.000000 0.0387908 -0.242768 0.716247 -0.0324908 0.0712572 0.0666574 0.994698
526.000000 0.0420435 -0.244087 0.719855 -0.0342255 0.076251 0.0692399 0.994093
527.000000 0.0458235 -0.245443 0.723172 -0.0352868 0.0805542 0.0715411 0.993553
528.000000 0.0487982 -0.245208 0.726285 -0.0359494 0.0850219 0.0733455 0.993025
529.000000 0.0522966 -0.245994 0.729316 -0.0368209 0.0899165 0.0752567 0.992419
530.000000 0.0560323 -0.245856 0.732174 -0.0372255 0.0951582 0.077418 0.991749
531.000000 0.0597807 -0.244984 0.734634 -0.0379753 0.100135 0.0799 0.991033
532.000000 0.0637295 -0.245057 0.737023 -0.0387149 0.105015 0.0825336 0.990283
533.000000 0.0677088 -0.244758 0.739496 -0.0394326 0.109832 0.0851499 0.989511
534.000000 0.0713978 -0.244983 0.742066 -0.0402875 0.114665 0.0877629 0.988699
535.000000 0.0753217 -0.245276 0.744451 -0.0411144 0.119628 0.0903733 0.987842
536.000000 0.0801436 -0.245576 0.746922 -0.0419103 0.124867 0.0930642 0.98691
537.000000 0.0850409 -0.24621 0.749237 -0.042685 0.129898 0.0952528 0.986018
538.000000 0.0898402 -0.247326 0.751024 -0.0432405 0.134652 0.0975401 0.985132
539.000000 0.0934788 -0.247229 0.754002 -0.0429867 0.139568 0.0992473 0.984288
540.000000 0.098075 -0.24705 0.756144 -0.0431057 0.144729 0.10103 0.983356
541.000000 0.101567 -0.248267 0.758089 -0.0437097 0.150332 0.103088 0.982274
542.000000 0.105157 -0.248685 0.76061 -0.0438204 0.156105 0.105632 0.981098
543.000000 0.108192 -0.248943 0.763067 -0.0439256 0.161655 0.108091 0.979926
544.000000 0.112512 -0.250458 0.76564 -0.044012 0.166854 0.11058 0.978772
545.000000 0.11827 -0.251324 0.770178 -0.0428528 0.176659 0.114996 0.976592
546.000000 0.121841 -0.251708 0.772935 -0.0429592 0.181731 0.11716 0.975398
547.000000 0.126052 -0.253334 0.775051 -0.0433762 0.187079 0.119604 0.974071
548.000000 0.129404 -0.2547 0.777966 -0.0432739 0.192478 0.12246 0.972668
549.000000 0.134728 -0.255588 0.779252 -0.0430779 0.197462 0.125196 0.971329
550.000000 0.137766 -0.257734 0.781259 -0.0430157 0.202923 0.128395 0.969787
551.000000 0.142362 -0.259857 0.783083 -0.0416463 0.208057 0.130708 0.968449
552.000000 0.146821 -0.259576 0.784267 -0.0401124 0.212853 0.131959 0.967301
553.000000 0.150019 -0.258413 0.786189 -0.0399746 0.218338 0.132757 0.965974
554.000000 0.155989 -0.260291 0.787192 -0.041485 0.223127 0.133576 0.964702
555.000000 0.161143 -0.262952 0.789173 -0.0423317 0.228044 0.135066 0.963308
556.000000 0.165652 -0.264246 0.791114 -0.0422648 0.231851 0.136473 0.962203
557.000000 0.170965 -0.2669 0.792969 -0.0422498 0.235063 0.138322 0.961159
558.000000 0.176462 -0.269139 0.794977 -0.0417885 0.238473 0.139872 0.960115
559.000000 0.180284 -0.26964 0.79784 -0.041001 0.242783 0.141151 0.95888
560.000000 0.184405 -0.271689 0.799807 -0.0410224 0.246439 0.142654 0.957724
561.000000 0.189665 -0.274632 0.801666 -0.0409263 0.249745 0.14434 0.956618
562.000000 0.195673 -0.27815 0.802376 -0.0398963 0.252313 0.145559 0.955803
563.000000 0.199818 -0.279265 0.80442 -0.0378284 0.25533 0.146284 0.954975
564.000000 0.203296 -0.280137 0.80607 -0.0362678 0.258348 0.146932 0.954124
565.000000 0.208283 -0.283257 0.807418 -0.0353865 0.261325 0.147779 0.953215
566.000000 0.213002 -0.284877 0.809109 -0.03367 0.264485 0.148159 0.952346
567.000000 0.217037 -0.286516 0.810647 -0.0320432 0.267914 0.148737 0.951353
568.000000 0.222435 -0.287909 0.810979 -0.0307968 0.270731 0.149153 0.950531
569.000000 0.226468 -0.290319 0.812343 -0.0297692 0.273837 0.149617 0.949601
570.000000 0.231464 -0.292867 0.813265 -0.0285841 0.276692 0.149742 0.94879
571.000000 0.237222 -0.295764 0.812992 -0.0271567 0.279435 0.149671 0.948039
572.000000 0.241274 -0.297816 0.813833 -0.0250081 0.282498 0.149852 0.947161
573.000000 0.24558 -0.300634 0.814586 -0.0227245 0.284912 0.150238 0.946434
574.000000 0.249541 -0.303113 0.815384 -0.0202625 0.286996 0.1501 0.945882
575.000000 0.253211 -0.306548 0.815999 -0.0187389 0.288959 0.149787 0.945365
576.000000 0.256815 -0.309504 0.816872 -0.0166386 0.290884 0.149385 0.944878
577.000000 0.259832 -0.311883 0.816602 -0.0149266 0.292831 0.148653 0.94442
578.000000 0.263645 -0.315146 0.816697 -0.0141106 0.294884 0.14877 0.943775
579.000000 0.267895 -0.320651 0.81708 -0.0121023 0.296771 0.148831 0.943202
580.000000 0.271559 -0.325317 0.817109 -0.00899694 0.297949 0.148574 0.942906
581.000000 0.274019 -0.328738 0.817252 -0.00577982 0.299241 0.148259 0.942571
582.000000 0.277041 -0.333805 0.81752 -0.00285919 0.300797 0.147526 0.942204
583.000000 0.27952 -0.336564 0.817004 0.000783404 0.302606 0.146197 0.941836
584.000000 0.28197 -0.338319 0.816812 0.00394283 0.30456 0.14504 0.941377
585.000000 0.28425 -0.341853 0.81663 0.00625947 0.306446 0.14404 0.940906
586.000000 0.286468 -0.345324 0.816373 0.00879915 0.308035 0.143409 0.940463
587.000000 0.288557 -0.348018 0.816525 0.0118185 0.30935 0.142761 0.940097
588.000000 0.291384 -0.351073 0.816245 0.0147307 0.310262 0.142195 0.939841
589.000000 0.292951 -0.352959 0.81672 0.0175998 0.311458 0.141709 0.939469
590.000000 0.295023 -0.355729 0.817295 0.0200496 0.312293 0.14117 0.939224
591.000000 0.297864 -0.358653 0.816765 0.0225573 0.312694 0.140221 0.939176
592.000000 0.301748 -0.362506 0.816872 0.0283544 0.315058 0.137899 0.938573
593.000000 0.302857 -0.362784 0.81772 0.0311388 0.316845 0.137531 0.937936
594.000000 0.304346 -0.364813 0.818072 0.0330633 0.318802 0.13669 0.93733
595.000000 0.305523 -0.367193 0.818987 0.0350424 0.321041 0.136016 0.936592
596.000000 0.306668 -0.369547 0.819499 0.0375504 0.323247 0.135016 0.93588
597.000000 0.307306 -0.370394 0.820585 0.0404997 0.325055 0.133733 0.935315
598.000000 0.308221 -0.372841 0.821231 0.0427911 0.326735 0.132108 0.934858
599.000000 0.308329 -0.374865 0.822149 0.0455258 0.328628 0.130348 0.934313
600.000000 0.309268 -0.378909 0.823841 0.0501679 0.331537 0.128031 0.933367
601.000000 0.309971 -0.379333 0.824301 0.052159 0.333103 0.126627 0.932892
602.000000 0.310555 -0.380645 0.825149 0.0538118 0.335284 0.125123 0.932219
603.000000 0.311283 -0.381783 0.825976 0.054775 0.33753 0.124361 0.931454
604.000000 0.312613 -0.387162 0.827164 0.0567874 0.340737 0.123633 0.930263
605.000000 0.313249 -0.388853 0.828082 0.058248 0.341858 0.123331 0.929801
606.000000 0.31428 -0.390426 0.828587 0.0597607 0.342263 0.123502 0.929533
607.000000 0.314844 -0.392017 0.82935 0.0608763 0.34287 0.122992 0.929305
608.000000 0.315364 -0.393623 0.829747 0.062239 0.343996 0.122273 0.928893
609.000000 0.315747 -0.396245 0.830406 0.0633493 0.345169 0.122163 0.928397
610.000000 0.316854 -0.399307 0.830505 0.0643476 0.345358 0.122158 0.928259
611.000000 0.316412 -0.401236 0.831744 0.0657779 0.345637 0.12192 0.928086
612.000000 0.317241 -0.404439 0.832051 0.066848 0.344962 0.122197 0.928224
613.000000 0.316913 -0.406075 0.833135 0.0683376 0.344265 0.122781 0.928298
614.000000 0.316026 -0.409298 0.834311 0.0699415 0.343282 0.123443 0.928454
615.000000 0.315263 -0.410977 0.835745 0.0715294 0.341781 0.124085 0.928801
616.000000 0.314296 -0.413061 0.837017 0.0724652 0.340128 0.124119 0.929331
617.000000 0.313535 -0.41518 0.838536 0.0731308 0.338518 0.12309 0.930003
618.000000 0.311951 -0.418356 0.840017 0.0743993 0.337044 0.121925 0.930591
619.000000 0.310554 -0.420161 0.841213 0.075417 0.334816 0.120776 0.931463
620.000000 0.308504 -0.422018 0.843278 0.0754634 0.332504 0.119549 0.932445
621.000000 0.306541 -0.423976 0.845662 0.0754102 0.329556 0.118291 0.933656
622.000000 0.304991 -0.427223 0.847691 0.0750338 0.326073 0.116647 0.935115
623.000000 0.303916 -0.428199 0.84937 0.0751412 0.322143 0.115429 0.936618
624.000000 0.301606 -0.430387 0.851786 0.0746841 0.318699 0.114227 0.93798
625.000000 0.29933 -0.43365 0.854158 0.0750979 0.315045 0.112986 0.93933
626.000000 0.298122 -0.437103 0.855444 0.0760438 0.31066 0.111145 0.940933
627.000000 0.296054 -0.439456 0.857088 0.0768184 0.306927 0.108999 0.942345
628.000000 0.29491 -0.441862 0.858327 0.0768835 0.303258 0.106471 0.943815
629.000000 0.291173 -0.44287 0.861198 0.0773113 0.300692 0.104802 0.944788
630.000000 0.288803 -0.445215 0.862726 0.0772793 0.297292 0.103327 0.946028
631.000000 0.28549 -0.444834 0.865608 0.0775109 0.294318 0.101944 0.947088
632.000000 0.281722 -0.44594 0.867992 0.0772914 0.291397 0.101023 0.948108
633.000000 0.278145 -0.449016 0.870433 0.0770293 0.288355 0.10008 0.949159
634.000000 0.274232 -0.45094 0.873593 0.077354 0.284973 0.0989782 0.950268
635.000000 0.270749 -0.451577 0.875879 0.0777892 0.280787 0.0978142 0.951599
636.000000 0.266522 -0.452635 0.878815 0.0777052 0.276716 0.0966448 0.952917
637.000000 0.261489 -0.453125 0.882412 0.0779744 0.272962 0.0955913 0.954083
638.000000 0.256995 -0.453234 0.88565 0.0784282 0.269303 0.0944854 0.955195
639.000000 0.252158 -0.452989 0.888963 0.0786774 0.266052 0.093564 0.956176
640.000000 0.247392 -0.452411 0.892248 0.0788283 0.26279 0.0926492 0.957154
641.000000 0.243293 -0.454268 0.895293 0.0790387 0.259295 0.0909997 0.958247
642.000000 0.238612 -0.455144 0.898444 0.0791923 0.255879 0.0890943 0.959331
643.000000 0.234353 -0.454549 0.90145 0.079442 0.252551 0.0873412 0.960353
644.000000 0.230268 -0.457161 0.903735 0.0792084 0.248788 0.0859975 0.961475
645.000000 0.226016 -0.457604 0.907061 0.0793972 0.244251 0.0848074 0.962728
646.000000 0.22134 -0.458947 0.909665 0.0789685 0.239644 0.0835581 0.964029
647.000000 0.216946 -0.459376 0.912995 0.0781499 0.235192 0.0828439 0.965253
648.000000 0.212727 -0.462261 0.915514 0.0769785 0.230341 0.0820667 0.966583
649.000000 0.208549 -0.465078 0.918386 0.0765115 0.225062 0.0811928 0.967936
650.000000 0.205488 -0.467759 0.920427 0.0763847 0.219507 0.0793837 0.969371
651.000000 0.201724 -0.469436 0.922559 0.076532 0.214178 0.0778907 0.970672
652.000000 0.196956 -0.470196 0.925287 0.0768303 0.209074 0.0761382 0.971899
653.000000 0.192798 -0.471352 0.927589 0.0761026 0.203778 0.0742199 0.973229
654.000000 0.190137 -0.47439 0.929462 0.0749383 0.198117 0.0729543 0.974583
655.000000 0.180448 -0.477649 0.933473 0.0746002 0.193598 0.0714862 0.975625
656.000000 0.178179 -0.47878 0.934554 0.074627 0.187481 0.0698733 0.976934
657.000000 0.174179 -0.480445 0.93649 0.0741697 0.181339 0.0692197 0.978174
658.000000 0.170659 -0.483649 0.938272 0.0731838 0.175358 0.0680213 0.979422
659.000000 0.166776 -0.484726 0.939772 0.0728249 0.169477 0.066494 0.980588
660.000000 0.164327 -0.489037 0.940529 0.0722558 0.163936 0.0647989 0.981685
661.000000 0.161541 -0.492025 0.941426 0.0722148 0.159311 0.0636096 0.982527
662.000000 0.157508 -0.492065 0.94272 0.0723224 0.154948 0.0620133 0.983318
663.000000 0.155262 -0.493878 0.943641 0.0718587 0.150735 0.0601501 0.984123
664.000000 0.151996 -0.496446 0.944687 0.0710128 0.147442 0.0582703 0.984796
665.000000 0.14916 -0.49759 0.945755 0.0706974 0.144099 0.0568033 0.985399
666.000000 0.14527 -0.499405 0.946868 0.0704912 0.140385 0.0554662 0.986026
667.000000 0.141374 -0.501354 0.948069 0.0707348 0.136354 0.0541722 0.986646
668.000000 0.137511 -0.503174 0.9491 0.0703964 0.131934 0.0527014 0.98735
669.000000 0.133173 -0.502234 0.950225 0.0701093 0.127665 0.0516584 0.987987
670.000000 0.129684 -0.501338 0.951747 0.0699052 0.123261 0.0503363 0.988628
671.000000 0.125634 -0.501193 0.953211 0.0692352 0.118645 0.049601 0.989277
672.000000 0.121804 -0.500939 0.954615 0.0691442 0.114122 0.0492064 0.989835
673.000000 0.117832 -0.500365 0.956041 0.0699729 0.109707 0.0477548 0.990347
674.000000 0.113776 -0.500323 0.957089 0.0702224 0.105637 0.0462637 0.990843
675.000000 0.109397 -0.500466 0.957979 0.0705715 0.101907 0.0454617 0.991246
676.000000 0.10466 -0.500487 0.958777 0.0716105 0.0977393 0.0445049 0.991634
677.000000 0.100015 -0.500268 0.959664 0.0722314 0.0932854 0.0436847 0.992054
678.000000 0.0948558 -0.499152 0.96058 0.0726023 0.0888324 0.0432205 0.992456
679.000000 0.0901452 -0.498467 0.961838 0.0729063 0.0840529 0.0421261 0.992897
680.000000 0.0876866 -0.498185 0.962573 0.0730474 0.0788233 0.0409515 0.993365
681.000000 0.0842498 -0.497449 0.96325 0.073411 0.0739244 0.039768 0.993763
682.000000 0.081635 -0.496222 0.964104 0.0734788 0.0688128 0.0386271 0.99417
683.000000 0.0758777 -0.496627 0.965301 0.072766 0.064225 0.0383813 0.994539
684.000000 0.0730282 -0.497608 0.96622 0.0722014 0.0591299 0.0374314 0.994932
685.000000 0.0690443 -0.49661 0.967291 0.0717728 0.0548148 0.0361851 0.995256
686.000000 0.0653516 -0.497102 0.968788 0.0715108 0.0506265 0.0347861 0.995547
687.000000 0.0632881 -0.497431 0.969887 0.0713564 0.046579 0.0332249 0.995809
688.000000 0.0594685 -0.498064 0.970691 0.0701617 0.0431001 0.0317787 0.996097
689.000000 0.0560752 -0.498997 0.97179 0.0693392 0.0391758 0.0307349 0.99635
690.000000 0.0529913 -0.499075 0.972777 0.0693873 0.0348418 0.0296371 0.996541
691.000000 0.0494003 -0.499714 0.974112 0.0688621 0.0306551 0.0285082 0.996747
692.000000 0.0452052 -0.498995 0.975064 0.0687298 0.02686 0.0274248 0.996897
693.000000 0.0430333 -0.499337 0.976252 0.06828 0.022973 0.0266588 0.997045
694.000000 0.0404139 -0.499464 0.977338 0.0676895 0.0189694 0.0255619 0.997199
695.000000 0.0365729 -0.496958 0.97875 0.0679377 0.015322 0.0243858 0.997274
696.000000 0.0330302 -0.498479 0.979465 0.0675853 0.0113983 0.0229421 0.997385
697.000000 0.0304442 -0.498312 0.980637 0.0679847 0.00767438 0.0215681 0.997424
698.000000 0.025481 -0.497305 0.982699 0.0687515 0.00462576 0.0203249 0.997416
699.000000 0.0229877 -0.49904 0.982731 0.0688374 0.00138707 0.0187128 0.997451
700.000000 0.0201613 -0.49998 0.983523 0.0687044 -0.00179489 0.0172067 0.997487
701.000000 0.0159438 -0.502068 0.984152 0.0677364 -0.00483093 0.0158077 0.997566
702.000000 0.0130562 -0.502294 0.985402 0.0675027 -0.008111 0.0144689 0.997581
703.000000 0.00984602 -0.502021 0.986522 0.0674501 -0.0113614 0.0132189 0.99757
704.000000 0.00679073 -0.501847 0.98794 0.0670662 -0.0147864 0.0119447 0.997567
705.000000 0.00526991 -0.500028 0.989136 0.0672098 -0.0184102 0.01075 0.997511
706.000000 0.000710331 -0.500277 0.990166 0.0672489 -0.0210439 0.00942403 0.99747
707.000000 -0.00173666 -0.498808 0.991617 0.0674356 -0.0236356 0.00829971 0.997409
708.000000 -0.00592826 -0.5007 0.992808 0.0665607 -0.0260813 0.00735428 0.997414
709.000000 -0.0102612 -0.500788 0.99387 0.0663513 -0.0287959 0.00630624 0.997361
710.000000 -0.0138321 -0.500483 0.994995 0.0656809 -0.0319868 0.00510254 0.997315
711.000000 -0.018645 -0.500369 0.995775 0.0647918 -0.0346972 0.0040757 0.997287
712.000000 -0.0226421 -0.501125 0.996741 0.0638793 -0.0375058 0.00308341 0.997248
713.000000 -0.0262827 -0.500027 0.998126 0.0633519 -0.0403139 0.00205504 0.997175
714.000000 -0.0307113 -0.500677 0.999242 0.062609 -0.0430504 0.001332 0.997108
715.000000 -0.0348971 -0.499191 1.00037 0.0622671 -0.0460889 0.000230719 0.996995
716.000000 -0.0391121 -0.499693 1.0011 0.0612572 -0.0492474 -0.000628642 0.996906
717.000000 -0.0438627 -0.500426 1.00195 0.0604471 -0.0527243 -0.00160583 0.996777
718.000000 -0.0479771 -0.498932 1.00274 0.0599128 -0.0560909 -0.00299111 0.996622
719.000000 -0.0514515 -0.499092 1.00363 0.0584631 -0.0594482 -0.00492018 0.996506
720.000000 -0.0550946 -0.497564 1.00484 0.0578503 -0.0626952 -0.00629626 0.996335
721.000000 -0.0607824 -0.49676 1.00554 0.0571631 -0.0654598 -0.00754145 0.996188
722.000000 -0.0646164 -0.496744 1.00649 0.0559679 -0.06842 -0.00852508 0.996049
723.000000 -0.0700725 -0.496091 1.00716 0.0550559 -0.0714163 -0.00934296 0.995882
724.000000 -0.0737664 -0.495106 1.00835 0.0542707 -0.0745916 -0.0100997 0.995685
725.000000 -0.0773931 -0.494599 1.00924 0.0530379 -0.0772354 -0.0110518 0.99554
726.000000 -0.0808304 -0.494468 1.01009 0.0517557 -0.0797672 -0.012366 0.995392
727.000000 -0.0834091 -0.492605 1.01104 0.0507359 -0.0822451 -0.0137958 0.995224
728.000000 -0.0863237 -0.492258 1.01177 0.0496522 -0.0845887 -0.0155818 0.995056
729.000000 -0.0887785 -0.490376 1.01282 0.0485049 -0.0869969 -0.0171424 0.994879
730.000000 -0.0937842 -0.487993 1.01342 0.0472866 -0.0887671 -0.0187287 0.994753
731.000000 -0.0971452 -0.487495 1.01404 0.0460902 -0.0911485 -0.0201314 0.994566
732.000000 -0.0997513 -0.484366 1.01508 0.0451744 -0.0934451 -0.0214044 0.994369
733.000000 -0.102518 -0.481975 1.01598 0.043901 -0.0952105 -0.0223269 0.994238
734.000000 -0.106132 -0.480961 1.01633 0.0426388 -0.0971325 -0.0231402 0.994088
735.000000 -0.109143 -0.478356 1.0167 0.041814 -0.0991624 -0.0242448 0.993897
736.000000 -0.112012 -0.474449 1.01738 0.0406207 -0.100927 -0.0253868 0.99374
737.000000 -0.113415 -0.472104 1.01814 0.0396637 -0.102603 -0.0262007 0.993586
738.000000 -0.114837 -0.468753 1.01878 0.0389633 -0.104124 -0.0272686 0.993427
739.000000 -0.1163 -0.465306 1.01935 0.0371399 -0.105409 -0.0287752 0.993318
740.000000 -0.118573 -0.46341 1.01989 0.0356477 -0.106572 -0.0304038 0.993201
741.000000 -0.120287 -0.46191 1.02034 0.0348627 -0.107773 -0.0317698 0.993056
742.000000 -0.121828 -0.460167 1.02042 0.033904 -0.108616 -0.0333367 0.992946
743.000000 -0.12493 -0.456112 1.0209 0.0318163 -0.110269 -0.0352496 0.992767
744.000000 -0.125766 -0.452578 1.02174 0.0300343 -0.111585 -0.0360802 0.992645
745.000000 -0.127497 -0.452114 1.02195 0.0277456 -0.112749 -0.0367741 0.992555
746.000000 -0.128844 -0.4486 1.02291 0.026306 -0.113985 -0.037394 0.99243
747.000000 -0.129554 -0.447447 1.02304 0.0240931 -0.115223 -0.0374239 0.992342
748.000000 -0.131332 -0.445815 1.02347 0.0222182 -0.11618 -0.0371071 0.992286
749.000000 -0.132205 -0.441093 1.02507 0.0212825 -0.117278 -0.0368809 0.992186
750.000000 -0.132577 -0.441479 1.02441 0.0188569 -0.118658 -0.0364681 0.992086
751.000000 -0.132674 -0.43643 1.02615 0.016496 -0.119757 -0.0367505 0.991986
752.000000 -0.134233 -0.43794 1.02606 0.0135808 -0.120257 -0.0377133 0.991933
753.000000 -0.13352 -0.435708 1.02713 0.0114032 -0.120922 -0.0387043 0.991842
754.000000 -0.133378 -0.434228 1.02827 0.00907425 -0.121908 -0.0396893 0.991706
755.000000 -0.13362 -0.432385 1.02932 0.00716682 -0.122943 -0.0402285 0.991572
756.000000 -0.133515 -0.43198 1.03003 0.00476511 -0.124436 -0.0411523 0.991362
757.000000 -0.133391 -0.432073 1.03174 0.0034141 -0.126494 -0.0423875 0.991056
758.000000 -0.132556 -0.431473 1.0326 0.00299053 -0.129253 -0.0436548 0.990646
759.000000 -0.131562 -0.429962 1.03345 0.00192629 -0.132118 -0.0452087 0.990201
760.000000 -0.130508 -0.428846 1.03508 0.00118993 -0.134709 -0.0462351 0.989805
761.000000 -0.130351 -0.42939 1.03617 0.000705355 -0.137237 -0.0463935 0.989451
762.000000 -0.128599 -0.427142 1.03759 -3.2041e-06 -0.140504 -0.0464067 0.988992
763.000000 -0.126092 -0.425436 1.03901 -0.00174674 -0.144307 -0.0468343 0.988422
764.000000 -0.123888 -0.424385 1.04059 -0.00351267 -0.14811 -0.0474195 0.987827
765.000000 -0.121877 -0.422227 1.04228 -0.00453886 -0.151421 -0.0487629 0.987255
766.000000 -0.118562 -0.418022 1.0442 -0.00539711 -0.154153 -0.0507841 0.986726
767.000000 -0.115701 -0.418124 1.0457 -0.00748779 -0.156357 -0.0532162 0.986238
768.000000 -0.109134 -0.416154 1.04923 -0.00817608 -0.163512 -0.057721 0.984817
769.000000 -0.104292 -0.408842 1.05114 -0.00897863 -0.167744 -0.0612653 0.983884
770.000000 -0.101019 -0.409053 1.05151 -0.0125732 -0.171318 -0.0645275 0.98302
771.000000 -0.0991799 -0.406952 1.05271 -0.0144685 -0.17475 -0.0677914 0.98217
772.000000 -0.0954044 -0.40379 1.05412 -0.0151956 -0.178379 -0.0711233 0.98127
773.000000 -0.0914164 -0.399032 1.05533 -0.0159202 -0.181647 -0.0743018 0.980423
774.000000 -0.088277 -0.397986 1.0559 -0.0173089 -0.185199 -0.0774381 0.979492
775.000000 -0.0843152 -0.394519 1.0576 -0.0177953 -0.189271 -0.0806735 0.978443
776.000000 -0.0811062 -0.392384 1.0591 -0.0179883 -0.192911 -0.083257 0.977512
777.000000 -0.0781624 -0.388917 1.06044 -0.0173972 -0.196729 -0.0853483 0.976581
778.000000 -0.0751126 -0.385616 1.06236 -0.0171714 -0.200801 -0.0868639 0.975622
779.000000 -0.0719653 -0.38298 1.06406 -0.0169518 -0.205117 -0.0880269 0.974624
780.000000 -0.0706143 -0.379563 1.06567 -0.0161632 -0.209099 -0.0889212 0.973709
781.000000 -0.0671367 -0.375763 1.06811 -0.0153423 -0.21361 -0.0900879 0.972635
782.000000 -0.0637522 -0.371725 1.07032 -0.0144945 -0.217783 -0.0910253 0.971635
783.000000 -0.0614473 -0.366901 1.0718 -0.0140303 -0.221608 -0.0920266 0.970682
784.000000 -0.0597478 -0.36277 1.07314 -0.0145163 -0.224759 -0.092951 0.969862
785.000000 -0.0573616 -0.359067 1.07551 -0.0143468 -0.227659 -0.0936131 0.969124
786.000000 -0.0558405 -0.353355 1.0765 -0.0136389 -0.230447 -0.0940742 0.968431
787.000000 -0.0535462 -0.348953 1.07784 -0.0138111 -0.233568 -0.0953257 0.967558
788.000000 -0.0514168 -0.344531 1.0801 -0.0135911 -0.236224 -0.096854 0.966764
789.000000 -0.0506258 -0.337647 1.08162 -0.0129691 -0.238632 -0.098375 0.966027
790.000000 -0.0494042 -0.329343 1.0839 -0.0146734 -0.2432 -0.101742 0.964514
791.000000 -0.0492358 -0.325091 1.09008 -0.0140625 -0.245082 -0.103078 0.963904
792.000000 -0.0489827 -0.318157 1.08881 -0.0132052 -0.246422 -0.104344 0.963439
793.000000 -0.0496458 -0.317233 1.08957 -0.0130803 -0.248073 -0.105366 0.962905
794.000000 -0.049265 -0.316577 1.09269 -0.00977363 -0.250495 -0.106198 0.962226
795.000000 -0.0487412 -0.311722 1.09367 -0.00383915 -0.252752 -0.107221 0.961564
796.000000 -0.0481453 -0.306249 1.09513 0.00167071 -0.254724 -0.108749 0.960878
797.000000 -0.0465879 -0.288269 1.09855 0.0077731 -0.256453 -0.113954 0.959784
798.000000 -0.046746 -0.280751 1.09999 0.00566207 -0.256734 -0.116937 0.959365
799.000000 -0.0471289 -0.276459 1.10431 0.00331771 -0.257111 -0.119336 0.95898
800.000000 -0.0480219 -0.271869 1.1088 0.00219169 -0.25743 -0.120433 0.95876
801.000000 -0.049274 -0.264401 1.11344 0.00199824 -0.257921 -0.120209 0.958657
802.000000 -0.0501324 -0.255636 1.11589 0.000982051 -0.258454 -0.120413 0.958489
803.000000 -0.0535604 -0.239552 1.12485 -0.00246987 -0.259395 -0.121284 0.958122
804.000000 -0.0563734 -0.234363 1.13266 -0.00481462 -0.259464 -0.121638 0.95805
805.000000 -0.058418 -0.2315 1.14218 -0.00560704 -0.260431 -0.121662 0.95778
806.000000 -0.0603181 -0.22161 1.1391 -0.00420221 -0.261457 -0.12121 0.957565
807.000000 -0.0620495 -0.21583 1.14269 -0.00335704 -0.262949 -0.120601 0.957237
808.000000 -0.0631477 -0.202019 1.14511 -0.000635715 -0.263889 -0.120483 0.956999
809.000000 -0.0640055 -0.190531 1.14932 -0.00148838 -0.264287 -0.120515 0.956884
810.000000 -0.0681445 -0.186909 1.15652 -0.00351837 -0.264917 -0.119838 0.956789
811.000000 -0.0702643 -0.180442 1.15622 -0.00190408 -0.266572 -0.118832 0.95646
812.000000 -0.0705445 -0.170843 1.16049 0.00138603 -0.268161 -0.118245 0.956089
813.000000 -0.0712772 -0.159812 1.16237 0.00449034 -0.269168 -0.118054 0.95582
814.000000 -0.0714622 -0.150059 1.16658 0.00695666 -0.26968 -0.118539 0.955601
815.000000 -0.0738312 -0.142912 1.17107 0.0102728 -0.269129 -0.11859 0.95572
816.000000 -0.0742351 -0.129782 1.17357 0.0147802 -0.268739 -0.117811 0.955867
817.000000 -0.0743558 -0.113328 1.17644 0.016494 -0.268021 -0.117826 0.956039
818.000000 -0.0756789 -0.102897 1.18094 0.0144428 -0.267407 -0.118397 0.956173
819.000000 -0.0778913 -0.097223 1.18807 0.0126317 -0.267636 -0.118531 0.956118
820.000000 -0.080426 -0.0879365 1.1897 0.0137426 -0.268183 -0.118614 0.955939
821.000000 -0.0804614 -0.0760385 1.19535 0.0156776 -0.269088 -0.119072 0.955598
822.000000 -0.0798624 -0.0639843 1.20021 0.0167886 -0.269854 -0.119806 0.955272
823.000000 -0.0783215 -0.0528722 1.20625 0.0165948 -0.270407 -0.12035 0.95505
824.000000 -0.0799015 -0.0431003 1.20824 0.0154809 -0.270192 -0.12004 0.955168
825.000000 -0.0806933 -0.0342224 1.21376 0.0147561 -0.271186 -0.119224 0.955
826.000000 -0.0800166 -0.0233944 1.21914 0.0152146 -0.2725 -0.118528 0.954706
827.000000 -0.0806005 -0.016261 1.22087 0.0153547 -0.273171 -0.117753 0.954608
828.000000 -0.0808521 -0.00515789 1.22406 0.0176514 -0.273533 -0.116423 0.954628
829.000000 -0.0802012 0.00814787 1.22707 0.0193601 -0.273561 -0.115248 0.954729
830.000000 -0.0787283 0.0198665 1.2299 0.0189943 -0.27364 -0.114537 0.954799
831.000000 -0.0791512 0.0282619 1.23172 0.0178727 -0.273628 -0.113306 0.954971
832.000000 -0.0792239 0.0383295 1.23455 0.0183261 -0.274377 -0.112219 0.954876
833.000000 -0.0793977 0.0474442 1.23639 0.0185088 -0.275152 -0.111729 0.954707
834.000000 -0.0786259 0.0546295 1.23707 0.019258 -0.276008 -0.111329 0.954492
835.000000 -0.0767767 0.063043 1.23927 0.0214762 -0.276799 -0.110094 0.954359
836.000000 -0.0745926 0.0735881 1.24155 0.0233314 -0.277224 -0.108593 0.954364
837.000000 -0.0722285 0.0837519 1.24219 0.0236759 -0.277338 -0.107582 0.954437
838.000000 -0.0719926 0.0922403 1.24061 0.0231983 -0.276859 -0.107353 0.954613
839.000000 -0.0711935 0.0986102 1.2415 0.0234781 -0.277065 -0.106965 0.95459
840.000000 -0.0691849 0.111193 1.24315 0.0262327 -0.278215 -0.105706 0.954324
841.000000 -0.0665873 0.124403 1.24499 0.0254664 -0.277783 -0.106166 0.95442
842.000000 -0.066267 0.130466 1.24512 0.0214596 -0.275299 -0.106608 0.955188
843.000000 -0.065648 0.137004 1.24563 0.0201304 -0.274056 -0.105313 0.955718
844.000000 -0.0644363 0.147983 1.24669 0.0198293 -0.273482 -0.103496 0.956087
845.000000 -0.0638403 0.152954 1.24658 0.0171212 -0.273036 -0.102267 0.956399
846.000000 -0.0642975 0.158094 1.2467 0.0171913 -0.272391 -0.100707 0.956747
847.000000 -0.0620459 0.169712 1.24844 0.0189141 -0.271872 -0.0995423 0.956984
848.000000 -0.0617348 0.176897 1.24821 0.0162962 -0.269317 -0.0995373 0.957755
849.000000 -0.063633 0.180584 1.24681 0.0136028 -0.266722 -0.0991329 0.958565
850.000000 -0.0654842 0.187674 1.24772 0.012845 -0.265242 -0.0985741 0.959044
851.000000 -0.0664 0.192165 1.24829 0.0109671 -0.26356 -0.098339 0.959555
852.000000 -0.0665937 0.196479 1.2483 0.0100149 -0.262008 -0.0972098 0.960105
853.000000 -0.0650514 0.203776 1.2457 0.00961345 -0.261105 -0.0958061 0.960496
854.000000 -0.0656116 0.208929 1.24558 0.00660266 -0.259603 -0.0953436 0.960975
855.000000 -0.0662715 0.210864 1.24651 0.0028254 -0.258226 -0.0949234 0.961406
856.000000 -0.066283 0.213067 1.25047 0.000956885 -0.257236 -0.0937338 0.961791
857.000000 -0.0654796 0.216184 1.25116 0.00016044 -0.256187 -0.0921911 0.962221
858.000000 -0.0645691 0.218033 1.24866 -0.000607999 -0.254492 -0.090562 0.962825
859.000000 -0.0621283 0.220276 1.24623 -0.000261853 -0.252872 -0.0893388 0.963366
860.000000 -0.059616 0.221365 1.24234 0.000116229 -0.250343 -0.0883619 0.964117
861.000000 -0.0583917 0.224199 1.23794 0.00103383 -0.247417 -0.0862569 0.965061
862.000000 -0.055792 0.227818 1.23665 0.000515573 -0.24521 -0.0841618 0.96581
863.000000 -0.0556148 0.227286 1.23484 -0.00151764 -0.24259 -0.0824217 0.96662
864.000000 -0.0545874 0.228386 1.23361 -0.00100322 -0.240768 -0.0805699 0.967232
865.000000 -0.0535736 0.232493 1.23251 -0.000223952 -0.238737 -0.079199 0.967849
866.000000 -0.0534879 0.234494 1.23375 -0.00138011 -0.235813 -0.078643 0.96861
867.000000 -0.0540019 0.235159 1.23127 -0.00253241 -0.232893 -0.0781142 0.969357
868.000000 -0.0522687 0.237518 1.2301 -0.00275374 -0.231284 -0.0774804 0.969792
869.000000 -0.0504397 0.239981 1.22928 -0.00341811 -0.230056 -0.0769667 0.970123
870.000000 -0.0484372 0.243292 1.228 -0.00433941 -0.22933 -0.0760776 0.970361
871.000000 -0.0480962 0.247141 1.22611 -0.00606689 -0.228805 -0.0752654 0.970539
872.000000 -0.0478973 0.249643 1.22551 -0.00895482 -0.228082 -0.0750385 0.970705
873.000000 -0.0496428 0.2515 1.22567 -0.0112541 -0.226731 -0.0746819 0.971025
874.000000 -0.0526025 0.254782 1.23105 -0.0124677 -0.225513 -0.074148 0.971334
875.000000 -0.0531546 0.257429 1.23233 -0.0143203 -0.224834 -0.074004 0.971477
876.000000 -0.0609301 0.259448 1.24281 -0.0161161 -0.222243 -0.073917 0.972052
877.000000 -0.0557682 0.263202 1.23121 -0.0168444 -0.222857 -0.073736 0.971913
878.000000 -0.0602573 0.266074 1.2465 -0.0187149 -0.221334 -0.0737023 0.972229
879.000000 -0.0562548 0.271041 1.23186 -0.0220548 -0.221396 -0.0744602 0.972087
880.000000 -0.0530621 0.27172 1.26785 -0.0235943 -0.22176 -0.0747663 0.971944
881.000000 -0.117098 0.274374 1.2472 -0.0247166 -0.207231 -0.0751886 0.975085
882.000000 -0.0594688 0.2771 1.22833 -0.024096 -0.220644 -0.0766066 0.972043
883.000000 -0.0589119 0.27902 1.23124 -0.0249044 -0.221282 -0.0780367 0.971763
884.000000 -0.0710753 0.280974 1.23764 -0.0255872 -0.220098 -0.0795228 0.971894
885.000000 -0.0647252 0.282575 1.22733 -0.0261064 -0.223899 -0.0811216 0.970879
886.000000 -0.0650734 0.283335 1.22494 -0.0266679 -0.226683 -0.0826881 0.970086
887.000000 -0.0626982 0.285432 1.22053 -0.0263125 -0.230237 -0.0841836 0.969129
888.000000 -0.0659408 0.286744 1.21869 -0.0267465 -0.232401 -0.0861394 0.968429
889.000000 -0.0726145 0.286816 1.2238 -0.0270714 -0.234113 -0.0878048 0.967858
890.000000 -0.0773366 0.290034 1.21864 -0.026159 -0.23653 -0.0894912 0.967141
891.000000 -0.0872266 0.290791 1.22824 -0.0273391 -0.237529 -0.0914429 0.96668
892.000000 -0.0914417 0.29165 1.2118 -0.0269912 -0.24055 -0.0937003 0.965726
893.000000 -0.102861 0.293492 1.22354 -0.0270968 -0.24173 -0.0954473 0.965258
894.000000 -0.11017 0.295662 1.24164 -0.0276526 -0.244199 -0.0977297 0.964391
895.000000 -0.123484 0.295616 1.25481 -0.0292589 -0.245579 -0.100269 0.963733
896.000000 -0.136172 0.295938 1.21321 -0.0290998 -0.248086 -0.102601 0.96285
897.000000 -0.0640646 0.296062 1.28593 -0.027259 -0.27093 -0.104642 0.956506
898.000000 -0.120336 0.297007 1.21013 -0.027884 -0.261021 -0.106217 0.959067
899.000000 -0.143221 0.29673 1.22212 -0.0292081 -0.25905 -0.107151 0.959458
900.000000 -0.0653577 0.297475 1.29701 -0.0266068 -0.285548 -0.109335 0.951736
901.000000 -0.104456 0.298322 1.20809 -0.0272558 -0.280063 -0.111098 0.953142
902.000000 -0.10457 0.297875 1.23042 -0.0275912 -0.284828 -0.112613 0.951541
