1.000000 0 0 0 0 0 0 1
2.000000 -0.000437016 0.0108324 -0.001167 0.00170092 -7.13594e-05 -0.000330953 0.999999
3.000000 0.000303757 0.00860397 -0.000930289 -0.000450103 -0.000329308 -0.000273095 1
4.000000 -0.000766091 0.00821242 0.000129752 -0.000641351 0.0003965 -0.000434472 1
5.000000 -0.000119473 0.0118242 -0.000637141 -0.000516584 0.000810032 -0.00080806 0.999999
6.000000 -0.000353184 0.0117478 -0.00137236 -0.00181807 0.00105323 -0.00113041 0.999997
7.000000 -0.000913724 0.00821715 0.000120716 -0.002879 0.00120573 -0.000884889 0.999995
8.000000 -0.000178387 0.00984833 0.00111066 -0.00170462 0.00104564 -0.00079462 0.999998
9.000000 -0.00013133 0.0107624 8.73568e-05 -0.00154448 0.00102453 -0.000957464 0.999998
10.000000 -0.000522817 0.00887185 0.000668451 -0.00227167 0.00106535 -0.000884821 0.999996
11.000000 -0.000341279 0.00533157 0.000989918 -0.00214539 0.00105211 -0.000756682 0.999997
12.000000 -0.000585096 0.00389334 0.0021284 -0.00104628 0.00120421 -0.000503595 0.999999
13.000000 9.84734e-05 0.00387654 0.00240341 4.10148e-05 0.00100072 -9.9534e-05 0.999999
14.000000 2.77394e-05 0.00342069 0.00258539 0.000704309 0.00066871 0.000340036 1
15.000000 0.000890665 0.00395788 0.00266462 0.00148312 0.000305042 0.000561058 0.999999
16.000000 0.00050574 0.00406009 0.00265962 0.00164034 0.000202851 0.000700042 0.999998
17.000000 0.000418383 0.00621418 0.00205154 0.00196717 -7.967e-05 0.000516265 0.999998
18.000000 0.000389035 0.00595193 0.00189975 0.00142997 -0.000171379 -0.000154327 0.999999
19.000000 -0.000253741 0.00683136 0.00164293 0.00111932 -1.09355e-05 -0.000923918 0.999999
20.000000 -0.000634151 0.00715451 0.00124099 0.000402295 0.000274377 -0.00167723 0.999998
21.000000 -0.000274962 0.00652769 0.0014551 -0.000185191 0.000435057 -0.00219115 0.999998
22.000000 -0.00150238 0.0072199 0.00135919 -0.000366259 0.000548231 -0.00259298 0.999996
23.000000 -0.00110494 0.00647307 0.00123543 -0.000949604 0.000330074 -0.00280052 0.999996
24.000000 -0.00201403 0.006466 0.00127035 -0.00103226 0.000230752 -0.00287003 0.999995
25.000000 -0.00150073 0.0055222 0.00134383 -0.00110339 -0.000250591 -0.00300265 0.999995
26.000000 -0.00233597 0.00612321 0.00154164 -0.000698143 -0.000181188 -0.00318304 0.999995
27.000000 -0.00272458 0.0062797 0.00160111 -0.000543487 -0.000129565 -0.00348998 0.999994
28.000000 -0.00410458 0.00498 0.00185282 -0.000886494 0.000120002 -0.00368701 0.999993
29.000000 -0.00307699 0.0041025 0.0016896 -0.000800055 2.04547e-05 -0.00398903 0.999992
30.000000 -0.00398902 0.00487229 0.00171891 -0.00034008 0.000221459 -0.00429293 0.999991
31.000000 -0.00453513 0.00625575 0.0016705 -0.000191238 0.000283811 -0.00443987 0.99999
32.000000 -0.00533675 0.00508544 0.00189919 -0.00124974 0.000270738 -0.0048943 0.999987
33.000000 -0.00714583 0.00668676 0.00252333 -0.000867661 0.000455158 -0.00525433 0.999986
34.000000 -0.00834993 0.00993265 0.00209242 -0.000779235 0.000751476 -0.00554192 0.999984
35.000000 -0.00945857 0.0102927 0.00200253 -0.00153097 0.00129464 -0.00573616 0.999982
36.000000 -0.00982523 0.00922911 0.00281012 -0.00192251 0.00222838 -0.00573194 0.999979
37.000000 -0.0102418 0.0106668 0.00273798 -0.00173146 0.00320432 -0.00564037 0.999977
38.000000 -0.0120044 0.0159236 0.00196722 -0.00189584 0.00443249 -0.00528895 0.999974
39.000000 -0.0129288 0.0153636 0.00353737 -0.00382931 0.00521439 -0.00440448 0.999969
40.000000 -0.0139645 0.0110354 0.00536956 -0.00500625 0.0054377 -0.00331642 0.999967
41.000000 -0.0156837 0.0118618 0.00640028 -0.00422514 0.00572217 -0.00243395 0.999972
42.000000 -0.0165037 0.0120615 0.0081626 -0.00414661 0.00601558 -0.00187345 0.999972
43.000000 -0.0178092 0.0107061 0.0100831 -0.00404072 0.00641447 -0.001526 0.99997
44.000000 -0.018829 0.0119855 0.0118515 -0.00311798 0.00727158 -0.00189248 0.999967
45.000000 -0.019577 0.0150324 0.0135874 -0.00279148 0.0081553 -0.00292624 0.999959
46.000000 -0.0196966 0.0161126 0.0165167 -0.00368277 0.00926656 -0.00413037 0.999942
47.000000 -0.0208973 0.0159725 0.0211961 -0.00454482 0.0104037 -0.00553579 0.99992
48.000000 -0.0207597 0.0204671 0.0249639 -0.00471674 0.0108579 -0.00735546 0.999903
49.000000 -0.0207148 0.021941 0.0301021 -0.00646839 0.0113035 -0.00927879 0.999872
50.000000 -0.0206197 0.0207833 0.0361886 -0.00814429 0.0117488 -0.0109395 0.999838
51.000000 -0.0187023 0.0204587 0.0423507 -0.00875853 0.0116088 -0.0125364 0.999816
52.000000 -0.017437 0.023798 0.0478793 -0.00905886 0.0113125 -0.0137679 0.9998
53.000000 -0.0143061 0.0255538 0.0538472 -0.0104452 0.0110809 -0.0150636 0.999771
54.000000 -0.0132681 0.0242541 0.0619998 -0.0119943 0.0108907 -0.0158677 0.999743
55.000000 -0.0116355 0.0227357 0.0701226 -0.0126176 0.00967391 -0.0164991 0.999737
56.000000 -0.00796785 0.0220252 0.0779173 -0.012629 0.00774082 -0.0175531 0.999736
57.000000 -0.00568085 0.0177094 0.0869025 -0.0126863 0.00636587 -0.0188837 0.999721
58.000000 -0.00145819 0.0176481 0.0955705 -0.0108679 0.00473044 -0.0205165 0.999719
59.000000 0.001516 0.0213396 0.103864 -0.00925733 0.00340489 -0.0230577 0.999685
60.000000 0.00565385 0.0204474 0.11345 -0.00923524 0.00207873 -0.0255766 0.999628
61.000000 0.0098111 0.0194592 0.122917 -0.00888477 0.000556334 -0.0281747 0.999563
62.000000 0.0143838 0.020657 0.131945 -0.00835862 -0.00148476 -0.0305666 0.999497
63.000000 0.0194777 0.0186664 0.142276 -0.00841599 -0.0038704 -0.0327789 0.99942
64.000000 0.0233469 0.0192511 0.151929 -0.0080028 -0.00635443 -0.03564 0.999312
65.000000 0.0290881 0.0211492 0.160461 -0.00838287 -0.00882084 -0.0390457 0.999163
66.000000 0.0358603 0.0153763 0.171089 -0.00973626 -0.0113704 -0.0423104 0.998992
67.000000 0.0368845 0.0135509 0.180409 -0.00789303 -0.0132269 -0.0461656 0.998815
68.000000 0.042749 0.0155283 0.189523 -0.00602062 -0.0160737 -0.0492835 0.998637
69.000000 0.0475294 0.0171609 0.197987 -0.00563633 -0.0188 -0.0519189 0.998458
70.000000 0.0515709 0.013968 0.207921 -0.00614794 -0.0218273 -0.0537413 0.998297
71.000000 0.0563175 0.0141186 0.216923 -0.0055286 -0.0250468 -0.0551235 0.99815
72.000000 0.0606419 0.014893 0.225192 -0.00585654 -0.0279146 -0.056473 0.997997
73.000000 0.0652951 0.0114986 0.234752 -0.00663008 -0.0312716 -0.0582098 0.997792
74.000000 0.0697335 0.00928558 0.243629 -0.00569877 -0.0347889 -0.0605154 0.997545
75.000000 0.0744952 0.0125111 0.251335 -0.00418294 -0.0385189 -0.0636662 0.997219
76.000000 0.0779695 0.0155306 0.258769 -0.00461664 -0.0419351 -0.0667831 0.996875
77.000000 0.0827592 0.0124282 0.268171 -0.00614342 -0.0454937 -0.0704237 0.99646
78.000000 0.0853966 0.010565 0.277114 -0.00606371 -0.0482322 -0.0739087 0.99608
79.000000 0.0887846 0.013371 0.284937 -0.00530358 -0.0516493 -0.0770418 0.995675
80.000000 0.09303 0.0131163 0.293555 -0.00615803 -0.0560706 -0.0803973 0.995166
81.000000 0.0945995 0.0129899 0.302134 -0.00679389 -0.0599805 -0.0839443 0.99464
82.000000 0.09804 0.015049 0.310517 -0.007334 -0.0643794 -0.0876549 0.994041
83.000000 0.100131 0.0148855 0.31921 -0.0093022 -0.0683149 -0.0907458 0.993485
84.000000 0.101898 0.0127678 0.328498 -0.0111004 -0.0724329 -0.0935176 0.992917
85.000000 0.104338 0.0123912 0.337288 -0.0116517 -0.0769011 -0.0962459 0.992314
86.000000 0.106972 0.0113132 0.346926 -0.0119133 -0.0813688 -0.0990911 0.991674
87.000000 0.109245 0.0115011 0.356337 -0.0117007 -0.0854799 -0.102081 0.991028
88.000000 0.111718 0.0105032 0.366087 -0.0118434 -0.0890317 -0.105033 0.990405
89.000000 0.11307 0.00942277 0.375968 -0.0114381 -0.0922991 -0.108328 0.989755
90.000000 0.116886 0.0102152 0.386147 -0.0104394 -0.0959839 -0.111878 0.98902
91.000000 0.118523 0.00995241 0.396729 -0.0105207 -0.0990289 -0.114958 0.988366
92.000000 0.119847 0.0107513 0.40667 -0.010701 -0.102448 -0.116959 0.987781
93.000000 0.122299 0.0092428 0.417294 -0.0117405 -0.106397 -0.118476 0.98717
94.000000 0.124943 0.00908246 0.427669 -0.0122206 -0.110716 -0.120223 0.986478
95.000000 0.12773 0.00767461 0.438603 -0.0133803 -0.11563 -0.122572 0.98561
96.000000 0.129106 0.00210248 0.450527 -0.0142113 -0.120449 -0.12608 0.984578
97.000000 0.131076 0.00124835 0.461059 -0.0127715 -0.124634 -0.12967 0.98361
98.000000 0.134251 0.000118509 0.471845 -0.0122282 -0.128816 -0.133353 0.982585
99.000000 0.134506 -0.00594986 0.483566 -0.0120165 -0.132881 -0.136885 0.98156
100.000000 0.136353 -0.00920671 0.494634 -0.00966369 -0.137212 -0.139743 0.980587
101.000000 0.138386 -0.00915431 0.504586 -0.00726613 -0.14138 -0.142033 0.979687
102.000000 0.139667 -0.0142307 0.515632 -0.00578684 -0.145986 -0.144333 0.978684
103.000000 0.142231 -0.0153074 0.526167 -0.00270004 -0.151 -0.146502 0.977614
104.000000 0.143391 -0.0163674 0.535346 -0.000384202 -0.155069 -0.148638 0.976658
105.000000 0.143759 -0.0197971 0.544598 0.00177536 -0.15891 -0.150458 0.97576
106.000000 0.145424 -0.0182059 0.553024 0.00439587 -0.162886 -0.15184 0.974881
107.000000 0.145659 -0.021974 0.562088 0.00530721 -0.166893 -0.153594 0.973924
108.000000 0.146199 -0.0256999 0.570914 0.00705784 -0.171277 -0.155214 0.972894
109.000000 0.147159 -0.0273042 0.579538 0.00983471 -0.176454 -0.155703 0.971866
110.000000 0.148718 -0.0287895 0.588164 0.0122397 -0.18265 -0.155835 0.970672
111.000000 0.149972 -0.0300213 0.596435 0.0143968 -0.188879 -0.155943 0.969432
112.000000 0.148693 -0.0329991 0.604607 0.016177 -0.194812 -0.156482 0.968142
113.000000 0.149564 -0.0329922 0.613035 0.0186326 -0.200968 -0.156966 0.966761
114.000000 0.150574 -0.0334123 0.62115 0.0203833 -0.206928 -0.157836 0.965325
115.000000 0.149831 -0.0362976 0.629822 0.0217162 -0.212357 -0.159191 0.963894
116.000000 0.150406 -0.0361977 0.638204 0.0234197 -0.21789 -0.15992 0.962497
117.000000 0.150192 -0.0374077 0.647414 0.024504 -0.224402 -0.160697 0.960843
118.000000 0.151442 -0.0385015 0.657582 0.026258 -0.231615 -0.161117 0.959013
119.000000 0.151649 -0.0385008 0.667065 0.0280471 -0.237838 -0.162104 0.957271
120.000000 0.151889 -0.0397275 0.677392 0.0290726 -0.24426 -0.163578 0.955371
121.000000 0.151726 -0.0408904 0.687861 0.0307568 -0.251012 -0.165643 0.95321
122.000000 0.151658 -0.0422553 0.698527 0.0319745 -0.25752 -0.16705 0.951186
123.000000 0.151355 -0.0439936 0.708862 0.0331526 -0.263738 -0.168045 0.949265
124.000000 0.151899 -0.045899 0.719999 0.03453 -0.270439 -0.169035 0.947152
125.000000 0.152478 -0.0466705 0.730693 0.0362032 -0.276946 -0.170469 0.94495
126.000000 0.153695 -0.0479118 0.741696 0.0371203 -0.282969 -0.172391 0.942779
127.000000 0.154811 -0.0505231 0.752353 0.0380836 -0.288921 -0.17469 0.940509
128.000000 0.156138 -0.0515105 0.762819 0.0396903 -0.294822 -0.176017 0.938362
129.000000 0.157787 -0.0498657 0.771969 0.0401706 -0.300293 -0.177509 0.936323
130.000000 0.15934 -0.0513092 0.781431 0.0391701 -0.306035 -0.17905 0.934211
131.000000 0.159994 -0.0537562 0.79133 0.0386166 -0.312243 -0.179958 0.932002
132.000000 0.161763 -0.0526127 0.800176 0.0389283 -0.318411 -0.181575 0.929586
133.000000 0.163213 -0.0556594 0.81035 0.0384568 -0.324678 -0.184054 0.926946
134.000000 0.164399 -0.0552961 0.81825 0.0396124 -0.330873 -0.18591 0.924333
135.000000 0.166229 -0.0535537 0.826263 0.040071 -0.337663 -0.18786 0.921459
136.000000 0.168185 -0.0534353 0.834936 0.0393435 -0.344709 -0.18951 0.918539
137.000000 0.169215 -0.0543541 0.84291 0.0384492 -0.351198 -0.190251 0.915962
138.000000 0.169972 -0.0543075 0.850852 0.0383867 -0.358484 -0.190055 0.913178
139.000000 0.170298 -0.0533676 0.858879 0.0386263 -0.366554 -0.189986 0.909973
140.000000 0.169242 -0.0526736 0.873411 0.0362946 -0.381727 -0.190326 0.903739
141.000000 0.16831 -0.0514907 0.880638 0.0358082 -0.389744 -0.189561 0.900491
142.000000 0.167178 -0.0503236 0.887456 0.0345933 -0.397618 -0.188855 0.897238
143.000000 0.16506 -0.050928 0.894351 0.0332532 -0.404988 -0.188283 0.894107
144.000000 0.162512 -0.0513114 0.900601 0.0327764 -0.411889 -0.187914 0.891045
145.000000 0.159943 -0.0523305 0.907261 0.0333405 -0.419276 -0.187155 0.887733
146.000000 0.15706 -0.0496578 0.912821 0.034797 -0.426548 -0.186837 0.884272
147.000000 0.153659 -0.0476676 0.917927 0.0346774 -0.433152 -0.187427 0.880936
148.000000 0.150009 -0.0477759 0.924138 0.033977 -0.44003 -0.188006 0.877424
149.000000 0.146371 -0.0473256 0.931061 0.0336234 -0.446872 -0.188501 0.873866
150.000000 0.142139 -0.0471367 0.937202 0.0333767 -0.453186 -0.188931 0.870525
151.000000 0.138018 -0.0467985 0.943779 0.0333822 -0.459631 -0.188822 0.867163
152.000000 0.133838 -0.0464022 0.951556 0.0339699 -0.466596 -0.188777 0.863422
153.000000 0.129208 -0.0454394 0.958415 0.0346822 -0.47308 -0.188839 0.859845
154.000000 0.124057 -0.0452412 0.96527 0.0350336 -0.478931 -0.189073 0.856533
155.000000 0.113845 -0.0430778 0.979589 0.0348092 -0.488998 -0.188801 0.850896
156.000000 0.108541 -0.043184 0.987012 0.0338636 -0.494735 -0.188779 0.847616
157.000000 0.10343 -0.0421013 0.994269 0.0337294 -0.500724 -0.188792 0.844094
158.000000 0.0974677 -0.0417844 1.00108 0.033072 -0.50659 -0.189882 0.840368
159.000000 0.0916717 -0.0424942 1.00801 0.0326231 -0.512299 -0.190787 0.836711
160.000000 0.0857762 -0.0427387 1.0148 0.0331069 -0.518069 -0.192098 0.832831
161.000000 0.0794136 -0.0424115 1.02096 0.033028 -0.523185 -0.194116 0.829159
162.000000 0.073822 -0.0427025 1.02683 0.032086 -0.528265 -0.195537 0.825634
163.000000 0.0682227 -0.0430968 1.03337 0.0316839 -0.534223 -0.196316 0.821621
164.000000 0.062407 -0.0428335 1.0401 0.0312156 -0.540305 -0.197548 0.817356
165.000000 0.057083 -0.0428198 1.04618 0.0300641 -0.545997 -0.1983 0.813425
166.000000 0.0515454 -0.0442748 1.0535 0.0293103 -0.551926 -0.197981 0.80952
167.000000 0.0462152 -0.0423898 1.05884 0.0297052 -0.557377 -0.197978 0.805762
168.000000 0.040909 -0.0422367 1.06368 0.0286046 -0.562386 -0.198991 0.802064
169.000000 0.0366687 -0.0420227 1.06958 0.0282515 -0.56771 -0.198872 0.798347
170.000000 0.0326978 -0.0397903 1.0746 0.0283742 -0.573238 -0.198704 0.794424
171.000000 0.0282726 -0.0380471 1.0783 0.0269608 -0.578469 -0.199045 0.790587
172.000000 0.024589 -0.0363755 1.08173 0.0247843 -0.58351 -0.198825 0.787001
173.000000 0.0212851 -0.0347324 1.08544 0.0229491 -0.589097 -0.197559 0.783204
174.000000 0.0178345 -0.0328013 1.08941 0.0212032 -0.595194 -0.196135 0.77899
175.000000 0.0144775 -0.0311067 1.09171 0.0191569 -0.600819 -0.194886 0.775028
176.000000 0.0118205 -0.0290382 1.09474 0.0173314 -0.607031 -0.193229 0.770633
177.000000 0.00920084 -0.0270522 1.09738 0.0154619 -0.61337 -0.192217 0.765892
178.000000 0.00689131 -0.0257203 1.10016 0.0138323 -0.619676 -0.191148 0.761099
179.000000 0.00474839 -0.02404 1.10313 0.0125292 -0.626165 -0.189492 0.75621
180.000000 0.00228786 -0.0226803 1.10481 0.0107913 -0.632394 -0.187995 0.751411
181.000000 -2.15322e-05 -0.0217452 1.10631 0.00908342 -0.638642 -0.186508 0.746504
182.000000 -0.0020984 -0.0205338 1.10691 0.00808339 -0.645141 -0.184898 0.74131
183.000000 -0.00617068 -0.0183822 1.10904 0.00607427 -0.658924 -0.182296 0.729761
184.000000 -0.00801349 -0.0174176 1.1102 0.00647815 -0.666179 -0.18086 0.723501
185.000000 -0.0105782 -0.016368 1.11381 0.00639783 -0.673066 -0.180184 0.717269
186.000000 -0.0125849 -0.0160544 1.11804 0.0056944 -0.679561 -0.180698 0.710994
187.000000 -0.0141981 -0.0154676 1.12232 0.00496497 -0.685891 -0.181076 0.704798
188.000000 -0.0156686 -0.0147834 1.12677 0.00355358 -0.691909 -0.182524 0.698523
189.000000 -0.0165857 -0.0155433 1.13161 0.00235911 -0.697796 -0.184661 0.69208
190.000000 -0.0165773 -0.0154969 1.13605 0.00364217 -0.704011 -0.185684 0.685475
191.000000 -0.0172157 -0.0150979 1.14165 0.00514062 -0.710264 -0.186089 0.678874
192.000000 -0.018012 -0.0151196 1.14659 0.00501705 -0.715841 -0.187133 0.672702
193.000000 -0.0183298 -0.0151843 1.15106 0.00453555 -0.721103 -0.18804 0.666806
194.000000 -0.0183996 -0.0149035 1.155 0.00435477 -0.726425 -0.188201 0.66096
195.000000 -0.0186194 -0.0142855 1.15843 0.00394743 -0.731446 -0.188134 0.655421
196.000000 -0.018656 -0.0132905 1.16142 0.00315843 -0.736291 -0.187906 0.650043
197.000000 -0.0186761 -0.0129884 1.16442 0.00225474 -0.741283 -0.188045 0.644308
198.000000 -0.0184769 -0.0122851 1.16569 0.00189303 -0.745957 -0.187616 0.639018
199.000000 -0.0184192 -0.0112546 1.16795 0.00133867 -0.75053 -0.186764 0.633895
200.000000 -0.0186698 -0.0107193 1.17047 -3.98411e-05 -0.754948 -0.186321 0.628759
201.000000 -0.0184361 -0.0102278 1.17174 -0.00100511 -0.759373 -0.185704 0.623591
202.000000 -0.0187371 -0.010253 1.1728 -0.00152529 -0.763669 -0.184896 0.618564
203.000000 -0.0189812 -0.0102671 1.17453 -0.00194097 -0.768016 -0.183789 0.61349
204.000000 -0.0193513 -0.0104641 1.17639 -0.00219521 -0.77216 -0.182546 0.608638
205.000000 -0.0199419 -0.0111687 1.17664 -0.00276368 -0.776188 -0.181274 0.603874
206.000000 -0.0202259 -0.011395 1.17769 -0.002835 -0.780528 -0.179141 0.598896
207.000000 -0.0208116 -0.0113366 1.17801 -0.0026305 -0.784613 -0.176823 0.59423
208.000000 -0.0214323 -0.010741 1.17787 -0.00334581 -0.788449 -0.174625 0.589782
209.000000 -0.0223435 -0.0108247 1.1783 -0.00466806 -0.792117 -0.173401 0.585201
210.000000 -0.0228623 -0.0109683 1.17752 -0.00586019 -0.795542 -0.172479 0.580801
211.000000 -0.0234159 -0.0114431 1.17574 -0.00703314 -0.798846 -0.171225 0.576609
212.000000 -0.0238247 -0.011137 1.17485 -0.00801024 -0.802311 -0.169482 0.572284
213.000000 -0.0242234 -0.0110423 1.173 -0.00891772 -0.805378 -0.168225 0.56832
214.000000 -0.0249495 -0.0119712 1.17135 -0.00975877 -0.808207 -0.167215 0.564576
215.000000 -0.0256225 -0.0126259 1.16932 -0.0100976 -0.811086 -0.165581 0.560911
216.000000 -0.0265452 -0.0134044 1.16766 -0.0104277 -0.814149 -0.163805 0.556975
217.000000 -0.0273192 -0.0142572 1.16561 -0.0108068 -0.817269 -0.16185 0.552955
218.000000 -0.0281143 -0.0152985 1.16404 -0.0109328 -0.82026 -0.159927 0.54907
219.000000 -0.0288773 -0.016269 1.16195 -0.0105671 -0.823289 -0.158108 0.545055
220.000000 -0.0295486 -0.0166772 1.16041 -0.00970958 -0.826156 -0.156099 0.5413
221.000000 -0.0304917 -0.0178132 1.15829 -0.00840817 -0.828781 -0.154443 0.537772
222.000000 -0.0318177 -0.0193757 1.15581 -0.00720336 -0.831136 -0.152487 0.534705
223.000000 -0.0330533 -0.0198217 1.15357 -0.00674398 -0.833507 -0.150055 0.5317
224.000000 -0.034514 -0.0212969 1.15053 -0.00692922 -0.835967 -0.147826 0.528449
225.000000 -0.0358348 -0.0221685 1.14773 -0.00658799 -0.838716 -0.145355 0.52477
226.000000 -0.0375059 -0.0231305 1.14493 -0.00644959 -0.841387 -0.143159 0.521087
227.000000 -0.0390195 -0.0241922 1.14211 -0.00589912 -0.84394 -0.140653 0.517636
228.000000 -0.040609 -0.0241718 1.13889 -0.00545865 -0.846056 -0.138039 0.514884
229.000000 -0.0423465 -0.025056 1.1354 -0.00569339 -0.847823 -0.136018 0.512507
230.000000 -0.044354 -0.0264798 1.13172 -0.00598499 -0.849825 -0.133813 0.50976
231.000000 -0.0463108 -0.0278726 1.12826 -0.00561546 -0.851773 -0.131468 0.507117
232.000000 -0.0485054 -0.029095 1.12574 -0.00459158 -0.853691 -0.128858 0.504566
233.000000 -0.050657 -0.030205 1.12148 -0.00329768 -0.855262 -0.126196 0.502584
234.000000 -0.0528578 -0.0309695 1.11827 -0.00193046 -0.856575 -0.124023 0.500893
235.000000 -0.055306 -0.0325354 1.1144 -0.000251221 -0.857701 -0.122152 0.499427
236.000000 -0.0579337 -0.0336329 1.1109 0.00072509 -0.858729 -0.120036 0.498171
237.000000 -0.0639676 -0.0390266 1.1028 0.00380942 -0.860688 -0.116236 0.495672
238.000000 -0.06721 -0.0413554 1.09871 0.00565689 -0.86189 -0.113489 0.4942
239.000000 -0.0707986 -0.0453058 1.09412 0.00785072 -0.863215 -0.110764 0.492473
240.000000 -0.0743565 -0.0477288 1.09061 0.0102128 -0.864605 -0.107022 0.490816
241.000000 -0.0779211 -0.0498504 1.08685 0.0127254 -0.865918 -0.103156 0.489267
242.000000 -0.0813659 -0.0521799 1.08171 0.0149194 -0.866867 -0.0995725 0.488267
243.000000 -0.0851303 -0.0549048 1.07742 0.0167651 -0.867761 -0.0960436 0.487324
244.000000 -0.0884667 -0.0562905 1.0728 0.017788 -0.868439 -0.0927136 0.486726
245.000000 -0.0921871 -0.0587524 1.0677 0.0177967 -0.869293 -0.0898833 0.485731
246.000000 -0.0958567 -0.0618118 1.06291 0.0181801 -0.870301 -0.0867106 0.484486
247.000000 -0.0995137 -0.0645282 1.05709 0.0188569 -0.871321 -0.0832066 0.48324
248.000000 -0.102717 -0.066477 1.05161 0.0201641 -0.872253 -0.0796091 0.482111
249.000000 -0.106138 -0.0689551 1.04652 0.0210867 -0.873177 -0.076231 0.480943
250.000000 -0.109827 -0.0728007 1.04103 0.0220771 -0.874309 -0.0728568 0.479362
251.000000 -0.113242 -0.0756651 1.0353 0.023628 -0.875683 -0.0690524 0.477338
252.000000 -0.116267 -0.0786202 1.02923 0.0255844 -0.877002 -0.065865 0.475263
253.000000 -0.119676 -0.0819379 1.02378 0.0275993 -0.878461 -0.0626807 0.472881
254.000000 -0.123207 -0.084591 1.01854 0.0299168 -0.879889 -0.0590632 0.470543
255.000000 -0.126298 -0.0870945 1.0133 0.032167 -0.881203 -0.0556124 0.468353
256.000000 -0.129672 -0.0900609 1.00811 0.0342056 -0.882608 -0.0521712 0.465952
257.000000 -0.132517 -0.0926327 1.00252 0.0361173 -0.883894 -0.0496842 0.463635
258.000000 -0.135636 -0.0950606 0.99702 0.0371868 -0.885172 -0.047666 0.461319
259.000000 -0.139055 -0.0983968 0.991856 0.0381513 -0.88669 -0.0449694 0.458588
260.000000 -0.142014 -0.100313 0.986401 0.0399268 -0.888311 -0.0417905 0.45559
261.000000 -0.144944 -0.10224 0.980818 0.0415194 -0.889704 -0.0393195 0.452943
262.000000 -0.148129 -0.104734 0.975446 0.0426219 -0.891213 -0.0374019 0.450026
263.000000 -0.151486 -0.107087 0.969749 0.0435038 -0.892968 -0.0353043 0.446619
264.000000 -0.15467 -0.107567 0.96519 0.0451007 -0.894831 -0.0323777 0.442938
265.000000 -0.157352 -0.108603 0.959698 0.0469628 -0.896343 -0.0304802 0.439812
266.000000 -0.160491 -0.110691 0.953867 0.047839 -0.897724 -0.029721 0.436945
267.000000 -0.163549 -0.111718 0.947905 0.0488493 -0.899285 -0.0283376 0.433702
268.000000 -0.166678 -0.112292 0.943183 0.0504117 -0.900816 -0.0264815 0.430452
269.000000 -0.169605 -0.113075 0.937617 0.0522604 -0.901993 -0.0242685 0.427887
270.000000 -0.171896 -0.115317 0.930522 0.0532694 -0.902984 -0.0227412 0.425752
271.000000 -0.175093 -0.117076 0.924875 0.0533327 -0.90432 -0.0217789 0.422949
272.000000 -0.178159 -0.118209 0.918517 0.0533638 -0.905881 -0.0196463 0.419697
273.000000 -0.181239 -0.11848 0.913076 0.0539415 -0.907507 -0.017782 0.416179
274.000000 -0.183156 -0.11821 0.906579 0.0544765 -0.908837 -0.0167675 0.413239
275.000000 -0.185965 -0.118203 0.900783 0.0549143 -0.910256 -0.0159249 0.41008
276.000000 -0.189025 -0.118193 0.89557 0.0555221 -0.911623 -0.0145275 0.407001
277.000000 -0.191727 -0.118228 0.890081 0.0567379 -0.912804 -0.013004 0.404229
278.000000 -0.194072 -0.117756 0.88457 0.0577286 -0.913867 -0.012137 0.401706
279.000000 -0.196718 -0.11881 0.878813 0.0578808 -0.914896 -0.0117797 0.399346
280.000000 -0.199377 -0.119294 0.873382 0.0580877 -0.916097 -0.0111181 0.39657
281.000000 -0.202409 -0.119927 0.867709 0.0582284 -0.917529 -0.0105194 0.393242
282.000000 -0.205633 -0.120646 0.862349 0.0585223 -0.919169 -0.0101916 0.389357
283.000000 -0.20851 -0.120629 0.857171 0.0581509 -0.920929 -0.0101317 0.385234
284.000000 -0.212043 -0.120776 0.851254 0.057899 -0.922804 -0.0103472 0.380753
285.000000 -0.215343 -0.120348 0.844826 0.0576076 -0.924641 -0.0105912 0.376308
286.000000 -0.219017 -0.119504 0.839206 0.0566056 -0.926479 -0.0107796 0.371908
287.000000 -0.222744 -0.11862 0.83251 0.0552061 -0.928382 -0.0107945 0.367346
288.000000 -0.228735 -0.117171 0.828022 0.0531182 -0.930448 -0.0112912 0.362376
289.000000 -0.233541 -0.115921 0.821457 0.0511574 -0.932266 -0.0116026 0.35795
290.000000 -0.238717 -0.1145 0.81568 0.0493726 -0.934098 -0.0108258 0.35342
291.000000 -0.244327 -0.111843 0.810586 0.0482603 -0.935886 -0.0108828 0.348812
292.000000 -0.250001 -0.109589 0.805238 0.0469995 -0.937472 -0.012192 0.344657
293.000000 -0.256595 -0.10886 0.798887 0.0449875 -0.938998 -0.0126252 0.340733
294.000000 -0.263644 -0.108174 0.793572 0.0436282 -0.940538 -0.0121561 0.336656
295.000000 -0.270819 -0.10712 0.788385 0.0426921 -0.942063 -0.0119822 0.332493
296.000000 -0.278101 -0.106164 0.783418 0.0422694 -0.943524 -0.0121245 0.328372
297.000000 -0.285293 -0.105173 0.778145 0.0420507 -0.944881 -0.0132223 0.324433
298.000000 -0.293412 -0.105328 0.773262 0.0409566 -0.946303 -0.0146572 0.32034
299.000000 -0.301454 -0.103782 0.768043 0.0395785 -0.94777 -0.0154982 0.31611
300.000000 -0.30957 -0.103595 0.762776 0.0380571 -0.949143 -0.0167764 0.312087
301.000000 -0.318104 -0.104137 0.757676 0.0361027 -0.950539 -0.0178982 0.307979
302.000000 -0.326157 -0.103574 0.752046 0.0350043 -0.951946 -0.0188184 0.303675
303.000000 -0.334529 -0.102633 0.74729 0.0347229 -0.953292 -0.0200638 0.299376
304.000000 -0.343085 -0.103566 0.741681 0.0347179 -0.954622 -0.0215713 0.295003
305.000000 -0.351891 -0.104442 0.736778 0.0350354 -0.95608 -0.0224304 0.29014
306.000000 -0.360299 -0.104464 0.731413 0.0357313 -0.957482 -0.0226169 0.285378
307.000000 -0.368375 -0.10246 0.727132 0.0367824 -0.958747 -0.0230182 0.28093
308.000000 -0.376703 -0.101249 0.722544 0.0372962 -0.959969 -0.0243197 0.276544
309.000000 -0.38529 -0.101612 0.717548 0.0374898 -0.961197 -0.0257167 0.272093
310.000000 -0.394808 -0.1015 0.714183 0.0374005 -0.962534 -0.0259976 0.267307
311.000000 -0.402899 -0.0998331 0.710208 0.0373874 -0.963827 -0.0262486 0.262586
312.000000 -0.411018 -0.0986318 0.706233 0.0365595 -0.965175 -0.0268893 0.257637
313.000000 -0.420289 -0.0972475 0.703147 0.0354192 -0.966694 -0.0272157 0.252007
314.000000 -0.428123 -0.0936273 0.70009 0.0345823 -0.96814 -0.0278898 0.246437
315.000000 -0.436671 -0.0910589 0.697508 0.0344728 -0.969501 -0.0290074 0.240909
316.000000 -0.443705 -0.0878317 0.694262 0.0347988 -0.970555 -0.0301911 0.236434
317.000000 -0.450689 -0.0852587 0.691645 0.0345474 -0.971451 -0.0323127 0.232477
318.000000 -0.457284 -0.0840602 0.687456 0.0337794 -0.972246 -0.0340533 0.228993
319.000000 -0.464092 -0.0830405 0.683538 0.0327064 -0.973053 -0.034699 0.225596
320.000000 -0.469408 -0.080311 0.679245 0.0316389 -0.973776 -0.0350482 0.222557
321.000000 -0.474766 -0.0759833 0.675913 0.0306525 -0.9744 -0.0359383 0.219802
322.000000 -0.480597 -0.0746758 0.671573 0.0292151 -0.974987 -0.0375007 0.21712
323.000000 -0.486238 -0.07272 0.666439 0.0282871 -0.975673 -0.0385116 0.213959
324.000000 -0.491568 -0.0695989 0.661806 0.0279203 -0.976381 -0.0393482 0.2106
325.000000 -0.495947 -0.0663142 0.656782 0.027562 -0.976983 -0.0405306 0.207608
326.000000 -0.501581 -0.0641424 0.651329 0.0270797 -0.977561 -0.0417923 0.204683
327.000000 -0.506591 -0.0617464 0.646722 0.0264991 -0.977972 -0.0426835 0.2026
328.000000 -0.51147 -0.0590327 0.6411 0.0259198 -0.978233 -0.0438066 0.20117
329.000000 -0.516216 -0.0561297 0.635557 0.0250646 -0.97844 -0.0448812 0.200034
330.000000 -0.520795 -0.0540531 0.629148 0.0243505 -0.978647 -0.0460053 0.19885
331.000000 -0.525291 -0.0510877 0.623034 0.0238705 -0.978843 -0.0472139 0.197657
332.000000 -0.529411 -0.050025 0.615048 0.0234595 -0.978955 -0.0487712 0.196767
333.000000 -0.534142 -0.048584 0.607599 0.0236053 -0.979092 -0.0498402 0.195801
334.000000 -0.538279 -0.0429133 0.601795 0.0242987 -0.979128 -0.0510023 0.195238
335.000000 -0.542265 -0.0423459 0.593463 0.024211 -0.978944 -0.0541132 0.195331
336.000000 -0.546432 -0.0432085 0.582383 0.0241152 -0.978878 -0.0565163 0.194995
337.000000 -0.550583 -0.0418086 0.574612 0.0241598 -0.978955 -0.0582198 0.1941
338.000000 -0.555058 -0.0425749 0.565645 0.0239173 -0.979122 -0.060034 0.19273
339.000000 -0.559514 -0.043645 0.556482 0.0233636 -0.979347 -0.0608323 0.191399
340.000000 -0.563961 -0.0435328 0.548219 0.0228496 -0.979637 -0.060804 0.18998
341.000000 -0.568163 -0.0421315 0.539595 0.0232128 -0.9799 -0.0607427 0.188594
342.000000 -0.571723 -0.0395036 0.531408 0.0237091 -0.979976 -0.0610714 0.188032
343.000000 -0.575055 -0.0390396 0.520722 0.0234891 -0.979965 -0.0624938 0.187644
344.000000 -0.578389 -0.0394502 0.510473 0.0229816 -0.980047 -0.0637029 0.186874
345.000000 -0.581759 -0.0391005 0.501431 0.0229899 -0.980218 -0.0640731 0.185848
346.000000 -0.584998 -0.0377112 0.491994 0.0228864 -0.980358 -0.0639827 0.185153
347.000000 -0.588255 -0.0358051 0.484014 0.0228099 -0.980406 -0.0643123 0.184793
348.000000 -0.591255 -0.033825 0.474908 0.0220923 -0.980372 -0.0649927 0.18482
349.000000 -0.593481 -0.031998 0.464615 0.0212141 -0.980298 -0.06598 0.184965
350.000000 -0.595951 -0.0294421 0.455808 0.0202081 -0.98026 -0.0668829 0.184954
351.000000 -0.59842 -0.0275731 0.445865 0.0191704 -0.980228 -0.0682236 0.184745
352.000000 -0.600752 -0.0259532 0.436853 0.0182105 -0.980228 -0.0694181 0.184398
353.000000 -0.604011 -0.02606 0.427432 0.0171143 -0.98034 -0.0702362 0.183597
354.000000 -0.606385 -0.0250364 0.419622 0.0164103 -0.980518 -0.0700635 0.182775
355.000000 -0.608756 -0.0238947 0.410994 0.0155878 -0.980737 -0.0699231 0.181722
356.000000 -0.611474 -0.0239834 0.402135 0.0141705 -0.981083 -0.0697509 0.180025
357.000000 -0.614851 -0.0237193 0.39505 0.0130817 -0.981575 -0.068794 0.177781
358.000000 -0.616407 -0.0199333 0.386979 0.012732 -0.982011 -0.0675307 0.175878
359.000000 -0.616616 -0.0161887 0.379645 0.012032 -0.982316 -0.0680709 0.174001
360.000000 -0.618508 -0.0151543 0.372167 0.0107289 -0.982711 -0.0697159 0.171182
361.000000 -0.620254 -0.0144049 0.362761 0.00994347 -0.983279 -0.0705451 0.167595
362.000000 -0.622136 -0.0114518 0.355946 0.00969125 -0.983935 -0.0709388 0.163542
363.000000 -0.622902 -0.00964097 0.34794 0.00978457 -0.984491 -0.0720935 0.15964
364.000000 -0.625593 -0.0106695 0.339474 0.00965994 -0.985054 -0.0729391 0.155738
365.000000 -0.627673 -0.0104143 0.33117 0.0100954 -0.985682 -0.0720278 0.152124
366.000000 -0.627954 -0.00586159 0.323668 0.0109323 -0.986276 -0.0710004 0.148657
367.000000 -0.628794 -0.00345611 0.315612 0.0110277 -0.986827 -0.0720041 0.144452
368.000000 -0.62978 -0.00276758 0.307884 0.011166 -0.987408 -0.0729935 0.139907
369.000000 -0.631419 -0.00328276 0.300168 0.0112746 -0.988027 -0.0735197 0.13517
370.000000 -0.633891 -0.00447401 0.290663 0.0110362 -0.988722 -0.0733061 0.130127
371.000000 -0.635076 -0.00361048 0.280805 0.0107558 -0.989458 -0.0720828 0.125141
372.000000 -0.636572 -0.00418661 0.271307 0.010194 -0.990184 -0.0708987 0.120024
373.000000 -0.639422 -0.00476007 0.263202 0.00975484 -0.990945 -0.0688473 0.114861
374.000000 -0.641341 -0.000389495 0.256975 0.00947604 -0.991676 -0.0662613 0.109993
375.000000 -0.642981 0.00199195 0.249076 0.00863193 -0.992186 -0.0654144 0.105894
376.000000 -0.64637 -0.000687687 0.240656 0.0072121 -0.992607 -0.0651015 0.102185
377.000000 -0.647311 0.00161067 0.231666 0.0060061 -0.993112 -0.0627036 0.0987952
378.000000 -0.649053 0.00559335 0.223878 0.00562217 -0.993601 -0.0612403 0.0947417
379.000000 -0.651431 0.0056677 0.214052 0.00544329 -0.99401 -0.061375 0.0902647
380.000000 -0.654453 0.00623165 0.206926 0.00531225 -0.994426 -0.0608021 0.085977
381.000000 -0.656086 0.00826338 0.197131 0.00449347 -0.994737 -0.0602742 0.0827397
382.000000 -0.658762 0.0084498 0.189724 0.0030544 -0.995027 -0.0601768 0.0793186
383.000000 -0.662986 0.00836289 0.180829 0.00169781 -0.995364 -0.0597591 0.0753415
384.000000 -0.667203 0.00792216 0.172951 0.000567193 -0.995678 -0.0590036 0.0717245
385.000000 -0.669363 0.00828937 0.163375 -0.00026522 -0.995939 -0.0583771 0.0685336
386.000000 -0.672821 0.00729176 0.154317 -0.000875913 -0.996196 -0.058075 0.0649622
387.000000 -0.677967 0.00550015 0.147062 -0.00140448 -0.996491 -0.0570732 0.0612026
388.000000 -0.681043 0.00491881 0.137644 -0.00130215 -0.996761 -0.0555572 0.0581366
389.000000 -0.686026 0.00448467 0.130024 -0.00114298 -0.996995 -0.0543058 0.0552298
390.000000 -0.691168 0.00166973 0.121827 -0.00132129 -0.997178 -0.0534619 0.0526829
391.000000 -0.695676 0.000319191 0.113356 -0.00117624 -0.997387 -0.0516401 0.0505143
392.000000 -0.698745 -5.83758e-05 0.105381 -0.00158914 -0.997537 -0.0500248 0.0491403
393.000000 -0.702962 -0.00114407 0.0976036 -0.0021773 -0.997682 -0.0486407 0.0475502
394.000000 -0.709462 -0.00322715 0.0886405 -0.00308802 -0.997814 -0.047478 0.0458578
395.000000 -0.712326 -0.00548686 0.0791482 -0.00358587 -0.997905 -0.0460639 0.0452886
396.000000 -0.71665 -0.00711097 0.0722088 -0.00382548 -0.998054 -0.0439756 0.0440385
397.000000 -0.72071 -0.00495785 0.0640516 -0.00375533 -0.998229 -0.0415552 0.0424125
398.000000 -0.724297 -0.00415589 0.0568238 -0.0032079 -0.998346 -0.0404773 0.0407036
399.000000 -0.728482 -0.00761603 0.0480506 -0.00299466 -0.998459 -0.0399658 0.0383763
400.000000 -0.731628 -0.00760214 0.0403825 -0.0028407 -0.998635 -0.0378606 0.035864
401.000000 -0.735544 -0.00829788 0.0329563 -0.00237883 -0.998787 -0.0363685 0.0331102
402.000000 -0.739163 -0.0100835 0.025195 -0.00248827 -0.99893 -0.0344467 0.0307662
403.000000 -0.740191 -0.0112053 0.0164535 -0.00271911 -0.999084 -0.0316969 0.0286165
404.000000 -0.743652 -0.00983088 0.0106364 -0.00213477 -0.999257 -0.0286674 0.0256826
405.000000 -0.745891 -0.0142769 0.00212462 -0.000840361 -0.999347 -0.0272918 0.0236684
406.000000 -0.74881 -0.0143336 -0.00369794 -0.000200167 -0.999458 -0.0244935 0.0220029
407.000000 -0.750191 -0.0144435 -0.0106971 5.79017e-06 -0.999542 -0.0223429 0.0204336
408.000000 -0.752212 -0.0142439 -0.0175746 2.45417e-05 -0.999603 -0.0211998 0.0185363
409.000000 -0.753388 -0.0175539 -0.0250004 -0.000546445 -0.99965 -0.0204667 0.0167245
410.000000 -0.754556 -0.0186857 -0.0318686 -0.000969337 -0.999724 -0.0182028 0.0147948
411.000000 -0.756303 -0.0203817 -0.0391824 -0.000785307 -0.999783 -0.0160189 0.0132963
412.000000 -0.758523 -0.0203301 -0.0458684 -0.000870593 -0.999826 -0.0143439 0.0118986
413.000000 -0.759316 -0.0204795 -0.0530267 -0.0014032 -0.999855 -0.0133361 0.0104886
414.000000 -0.760271 -0.0227955 -0.0615165 -0.00257134 -0.999872 -0.0129811 0.00902731
415.000000 -0.761521 -0.0226098 -0.068633 -0.00412897 -0.999895 -0.011868 0.00722207
416.000000 -0.763948 -0.0239408 -0.0767857 -0.00599919 -0.999914 -0.0106455 0.00469035
417.000000 -0.767156 -0.0265781 -0.0851707 -0.00699187 -0.999934 -0.00892643 0.00186141
418.000000 -0.768484 -0.0300432 -0.0945116 0.00711098 0.999955 0.00633264 0.000171737
419.000000 -0.768613 -0.0291836 -0.102663 0.00661376 0.999972 0.00316221 0.00165315
420.000000 -0.770126 -0.0308365 -0.111987 0.00615321 0.999976 0.00165816 0.00273664
421.000000 -0.768693 -0.0327244 -0.121217 0.0058818 0.999979 0.000294728 0.0027482
422.000000 -0.771422 -0.0341043 -0.129681 0.00563504 0.999979 -0.00107721 0.00303717
423.000000 -0.772238 -0.0368463 -0.139659 0.00541024 0.999979 -0.00242944 0.00244208
424.000000 -0.771268 -0.0371201 -0.149495 0.0046072 0.999974 -0.00533882 0.00128026
425.000000 -0.770548 -0.0370693 -0.158763 -0.00302898 -0.99997 0.0071014 0.000106053
426.000000 -0.770667 -0.0354469 -0.167611 -0.00130264 -0.999969 0.00765408 0.00155921
427.000000 -0.765444 -0.0371321 -0.178451 0.000193458 -0.999962 0.00773639 0.00402529
428.000000 -0.764063 -0.0369243 -0.188556 0.00158537 -0.999949 0.00837055 0.00547199
429.000000 -0.765302 -0.0374106 -0.198114 0.00232632 -0.999941 0.00868296 0.00608675
430.000000 -0.764076 -0.0391799 -0.209573 0.00240333 -0.999932 0.00882947 0.00721575
431.000000 -0.763708 -0.0399154 -0.219107 0.00199612 -0.999918 0.0100633 0.00761366
432.000000 -0.764199 -0.0402994 -0.229797 0.00185326 -0.999898 0.0116487 0.00804614
433.000000 -0.763117 -0.0407162 -0.239664 0.00139586 -0.999874 0.0127037 0.00940495
434.000000 -0.763559 -0.0444598 -0.251027 0.000343056 -0.999863 0.0132671 0.00991455
435.000000 -0.761024 -0.0448619 -0.261333 0.000121865 -0.999821 0.0156943 0.010607
436.000000 -0.758818 -0.0451527 -0.270455 0.0009146 -0.999761 0.0185657 0.0114815
437.000000 -0.755015 -0.0458222 -0.280764 0.00222864 -0.999711 0.0201428 0.0129615
438.000000 -0.747744 -0.0467992 -0.290657 0.00399833 -0.999646 0.0218794 0.0146183
439.000000 -0.745733 -0.0471871 -0.299259 0.00516563 -0.999577 0.0240705 0.0154629
440.000000 -0.743532 -0.0484179 -0.307787 0.0063903 -0.999495 0.0262479 0.0167604
441.000000 -0.742873 -0.046729 -0.316349 0.00684357 -0.999401 0.0288388 0.0178616
442.000000 -0.742176 -0.0443471 -0.3237 0.00717076 -0.999314 0.0308823 0.0191351
443.000000 -0.74153 -0.0437651 -0.332011 0.00698432 -0.999254 0.0318823 0.0206421
444.000000 -0.741828 -0.0455119 -0.341077 0.00669053 -0.999239 0.0318282 0.0215398
445.000000 -0.741699 -0.0456222 -0.349907 0.00676188 -0.999249 0.0313217 0.021775
446.000000 -0.742115 -0.0465919 -0.358056 0.00684368 -0.999283 0.0302725 0.0217076
447.000000 -0.740735 -0.0463182 -0.366167 0.0068219 -0.999252 0.0309308 0.0221693
448.000000 -0.739001 -0.0424401 -0.372997 0.00740922 -0.999203 0.0319609 0.0227241
449.000000 -0.740155 -0.044381 -0.389668 0.0057568 -0.999214 0.0316277 0.0231856
450.000000 -0.73988 -0.0427392 -0.397641 0.00491345 -0.999131 0.0339132 0.0237279
451.000000 -0.740967 -0.0382789 -0.40414 0.004287 -0.999041 0.0362175 0.0242399
452.000000 -0.741282 -0.035661 -0.411398 0.00350919 -0.998934 0.0383603 0.0254519
453.000000 -0.742789 -0.0368 -0.420564 0.00318838 -0.998863 0.0396049 0.0263599
454.000000 -0.744583 -0.0399859 -0.430406 0.00255653 -0.998857 0.0393381 0.0270311
455.000000 -0.746151 -0.0425053 -0.439471 0.00205004 -0.998831 0.0397924 0.0273697
456.000000 -0.747643 -0.041006 -0.447271 0.00229254 -0.998734 0.0418275 0.0278446
457.000000 -0.750198 -0.0427944 -0.45645 0.00200135 -0.998663 0.0432865 0.0281854
458.000000 -0.753455 -0.0426081 -0.464921 0.00186091 -0.998546 0.0461668 0.0277609
459.000000 -0.754207 -0.0425799 -0.474386 0.00277363 -0.998446 0.0484321 0.0274367
460.000000 -0.756866 -0.0429475 -0.483641 0.00328293 -0.998377 0.0499372 0.0271726
461.000000 -0.757832 -0.0397885 -0.491387 0.00338824 -0.998203 0.0531258 0.0274994
462.000000 -0.75955 -0.0396381 -0.500873 0.00403744 -0.998071 0.0553995 0.0277095
463.000000 -0.762364 -0.0371675 -0.508934 0.00519927 -0.997946 0.0573017 0.0281495
464.000000 -0.76465 -0.0380039 -0.518793 0.00634669 -0.997812 0.0588886 0.0293897
465.000000 -0.769302 -0.0414787 -0.529659 0.00710896 -0.997756 0.0594448 0.0299717
466.000000 -0.773418 -0.0446897 -0.53998 0.00758406 -0.997738 0.0593169 0.030694
467.000000 -0.777108 -0.0477271 -0.550297 0.00750891 -0.997678 0.0597481 0.0318301
468.000000 -0.779772 -0.0482932 -0.559542 0.00727126 -0.997532 0.0615146 0.0330666
469.000000 -0.785176 -0.0563306 -0.571242 0.00709709 -0.997509 0.0618407 0.0331819
470.000000 -0.786621 -0.0548025 -0.579609 0.00806631 -0.997224 0.0655493 0.0343855
471.000000 -0.789483 -0.05785 -0.589574 0.00949578 -0.99676 0.0712997 0.0360078
472.000000 -0.792566 -0.0563933 -0.598972 0.0112656 -0.996293 0.0763475 0.0379975
473.000000 -0.798503 -0.0574546 -0.607864 0.0124597 -0.99608 0.0782203 0.0393832
474.000000 -0.802888 -0.0611922 -0.61704 0.0130936 -0.995903 0.0796131 0.0408473
475.000000 -0.806568 -0.0659642 -0.626614 0.0138667 -0.995605 0.0825623 0.0419736
476.000000 -0.809006 -0.0717684 -0.636754 0.0149793 -0.995395 0.0842973 0.0431207
477.000000 -0.812436 -0.078114 -0.645607 0.0149436 -0.995308 0.0849417 0.0438629
478.000000 -0.817047 -0.0806202 -0.654114 0.0146683 -0.995192 0.0865821 0.043369
479.000000 -0.819871 -0.0830758 -0.662849 0.014636 -0.995051 0.0885658 0.0425969
480.000000 -0.823009 -0.0849538 -0.6709 0.0148863 -0.994966 0.0900442 0.0413786
481.000000 -0.826675 -0.087744 -0.679578 0.0150162 -0.994888 0.0915763 0.0398252
482.000000 -0.828933 -0.0851482 -0.686359 0.0148983 -0.99464 0.094738 0.0386541
483.000000 -0.830788 -0.0859623 -0.69305 0.0152863 -0.994528 0.0963307 0.037415
484.000000 -0.831753 -0.0863816 -0.699033 0.015732 -0.994491 0.0970502 0.0363579
485.000000 -0.832582 -0.0880371 -0.705739 0.0156079 -0.994484 0.0976107 0.0350842
486.000000 -0.834401 -0.0907827 -0.712745 0.0151044 -0.994447 0.0986258 0.033462
487.000000 -0.835399 -0.0926762 -0.72008 0.0144606 -0.99439 0.0999436 0.0314779
488.000000 -0.836229 -0.0910318 -0.726255 0.0141336 -0.994255 0.102036 0.0290835
489.000000 -0.836832 -0.092933 -0.733126 0.0143395 -0.994205 0.10318 0.0265531
490.000000 -0.839886 -0.0933113 -0.739894 0.013481 -0.99426 0.103603 0.0230631
491.000000 -0.838693 -0.0956349 -0.746777 0.0129395 -0.994317 0.103857 0.0195114
492.000000 -0.839536 -0.0956383 -0.75348 0.0128229 -0.994296 0.104817 0.0149773
493.000000 -0.837785 -0.0983732 -0.760332 0.0124841 -0.994299 0.105301 0.0112103
494.000000 -0.841482 -0.0964264 -0.767614 0.0119749 -0.994162 0.107044 0.00630847
495.000000 -0.846016 -0.0961756 -0.775901 0.0109842 -0.994024 0.108599 0.00150092
496.000000 -0.846813 -0.0938639 -0.782308 -0.0102968 0.993889 -0.10988 0.00236161
497.000000 -0.842615 -0.0876811 -0.786325 -0.0102213 0.993747 -0.111091 0.0046969
498.000000 -0.840736 -0.0877455 -0.79361 -0.0100447 0.993743 -0.111008 0.00718976
499.000000 -0.83778 -0.0889732 -0.801288 -0.0100623 0.993734 -0.110942 0.00911303
500.000000 -0.840572 -0.0817797 -0.809005 -0.00937439 0.993398 -0.113681 0.0122175
501.000000 -0.843744 -0.078616 -0.818246 -0.00855172 0.993026 -0.116559 0.0154996
502.000000 -0.841628 -0.0816835 -0.827665 -0.00907941 0.992916 -0.117102 0.0179833
503.000000 -0.839703 -0.0830714 -0.835396 -0.00910314 0.992857 -0.11718 0.0205391
504.000000 -0.839169 -0.0861681 -0.844698 -0.00846292 0.992843 -0.116792 0.0234693
505.000000 -0.840172 -0.0887358 -0.853099 -0.00705588 0.992775 -0.116705 0.0269746
506.000000 -0.842173 -0.0843461 -0.861559 -0.00575053 0.992549 -0.117679 0.0310694
507.000000 -0.841286 -0.0835057 -0.870773 -0.00464208 0.992356 -0.118332 0.0347152
508.000000 -0.838069 -0.0812355 -0.877657 -0.00386853 0.992085 -0.119663 0.03785
509.000000 -0.8372 -0.0839808 -0.885884 -0.00217145 0.991732 -0.121321 0.0417689
510.000000 -0.837326 -0.0850681 -0.89494 -0.000845351 0.991513 -0.121736 0.045631
511.000000 -0.836248 -0.0863694 -0.904534 0.000188385 0.991355 -0.121887 0.0485633
512.000000 -0.82727 -0.0900709 -0.914119 0.00216367 0.991227 -0.122499 0.0495833
513.000000 -0.824682 -0.0892073 -0.924464 0.00359097 0.990991 -0.123498 0.0516957
514.000000 -0.819596 -0.0864847 -0.933318 0.00504548 0.990799 -0.124378 0.0531291
515.000000 -0.811407 -0.0839551 -0.941762 0.00702974 0.990584 -0.12568 0.053837
516.000000 -0.804543 -0.0842889 -0.949782 0.00849557 0.990432 -0.126326 0.054905
517.000000 -0.798666 -0.0860747 -0.958213 0.00996765 0.990232 -0.127345 0.0558913
518.000000 -0.79433 -0.0873306 -0.967032 0.011617 0.990011 -0.128453 0.0569478
519.000000 -0.791644 -0.0856225 -0.974894 0.0120165 0.989774 -0.129647 0.0582695
520.000000 -0.788576 -0.0887129 -0.982348 0.0130163 0.989626 -0.130001 0.0597515
521.000000 -0.786701 -0.0946713 -0.990755 0.0145818 0.989439 -0.130245 0.0619172
522.000000 -0.784025 -0.0956135 -0.998421 0.0148961 0.989265 -0.130398 0.0642591
523.000000 -0.783139 -0.0950974 -1.0066 0.0153333 0.989141 -0.129922 0.066967
524.000000 -0.780921 -0.095154 -1.01431 0.016102 0.989081 -0.1289 0.0695968
525.000000 -0.779075 -0.0964347 -1.02183 0.017026 0.989007 -0.12763 0.0727079
526.000000 -0.776977 -0.0964923 -1.02826 0.0186112 0.988873 -0.126454 0.0761173
527.000000 -0.773581 -0.096675 -1.03451 0.0206238 0.988806 -0.124442 0.0797009
528.000000 -0.771203 -0.0931146 -1.04074 0.0232432 0.988679 -0.12268 0.0832056
529.000000 -0.771959 -0.0922669 -1.04712 0.0250522 0.988546 -0.120732 0.0870203
530.000000 -0.769617 -0.0925512 -1.05349 0.0262198 0.988493 -0.11834 0.0904964
531.000000 -0.766931 -0.0874185 -1.05861 0.0274011 0.988524 -0.11569 0.0931909
532.000000 -0.765151 -0.0858509 -1.06402 0.0281566 0.988504 -0.113183 0.0962148
533.000000 -0.763343 -0.0825448 -1.06868 0.029772 0.988262 -0.112177 0.0993353
534.000000 -0.762703 -0.0788895 -1.07321 0.0309141 0.988084 -0.110715 0.102359
535.000000 -0.761548 -0.0789275 -1.07871 0.0325149 0.987871 -0.108988 0.105709
536.000000 -0.761822 -0.0753827 -1.08289 0.032875 0.987655 -0.107497 0.109091
537.000000 -0.760133 -0.0745244 -1.08687 0.0334979 0.98759 -0.104779 0.112092
538.000000 -0.758422 -0.0709334 -1.09112 0.0334348 0.98753 -0.101779 0.115356
539.000000 -0.758189 -0.0697332 -1.09538 0.0334775 0.987423 -0.099346 0.118345
540.000000 -0.758307 -0.0685051 -1.09995 0.0335847 0.987142 -0.0972445 0.122338
541.000000 -0.723924 -0.0637374 -1.10398 0.034174 0.986765 -0.0955077 0.12651
542.000000 -0.542807 -0.0606334 -1.10841 0.0341627 0.986343 -0.09361 0.131141
543.000000 -0.492065 -0.0568987 -1.11279 0.0345036 0.985745 -0.0924185 0.136289
544.000000 -0.37346 -0.0523557 -1.11653 0.035454 0.985045 -0.0915095 0.14162
545.000000 -0.319916 -0.0492926 -1.1202 0.035352 0.984381 -0.0893677 0.147503
546.000000 -0.27923 -0.0443774 -1.12377 0.03523 0.983784 -0.0860172 0.153394
547.000000 -0.255188 -0.0408516 -1.12799 0.034727 0.983069 -0.083335 0.159448
548.000000 -0.250138 -0.0291276 -1.13101 0.0372936 0.98232 -0.080611 0.164798
549.000000 -0.253093 -0.0262365 -1.13488 0.0373182 0.981558 -0.0781916 0.170406
550.000000 -0.254622 -0.0266074 -1.13914 0.0380452 0.980684 -0.0768817 0.175788
551.000000 -0.256689 -0.0233774 -1.14238 0.0382277 0.979851 -0.0756889 0.180838
552.000000 -0.259317 -0.0165604 -1.14534 0.0399482 0.979076 -0.0738979 0.185346
553.000000 -0.260798 -0.0156827 -1.14852 0.0398288 0.978352 -0.0714913 0.19008
554.000000 -0.261817 -0.0198373 -1.15287 0.0389803 0.977588 -0.0695621 0.19484
555.000000 -0.262129 -0.0187879 -1.15625 0.0400953 0.976712 -0.0688277 0.199222
556.000000 -0.262588 -0.0131698 -1.15871 0.0409665 0.975841 -0.0684503 0.203399
557.000000 -0.261732 -0.0114974 -1.16095 0.0401697 0.975205 -0.0669832 0.207061
558.000000 -0.262865 -0.0101436 -1.16417 0.0394372 0.974649 -0.0649808 0.21043
559.000000 -0.263938 -0.0105141 -1.16697 0.0385008 0.974104 -0.0636121 0.213524
560.000000 -0.26318 -0.00820021 -1.16948 0.0381126 0.973479 -0.0622191 0.216828
561.000000 -0.265109 -0.00597234 -1.17198 0.0376239 0.972881 -0.0609472 0.219936
562.000000 -0.265233 -0.00428307 -1.17432 0.0373506 0.972315 -0.0595591 0.222849
563.000000 -0.265604 -0.00386808 -1.1764 0.0360399 0.971738 -0.0579053 0.225995
564.000000 -0.267887 -0.000827193 -1.17899 0.0358108 0.971111 -0.055934 0.229201
565.000000 -0.267284 0.000146882 -1.18085 0.0349671 0.970484 -0.0543084 0.232356
566.000000 -0.268082 0.0015932 -1.18395 0.0347362 0.969755 -0.0528034 0.235754
567.000000 -0.269413 0.00381849 -1.18525 0.0344094 0.969093 -0.0511834 0.238862
568.000000 -0.270056 0.00496339 -1.18748 0.0348816 0.968405 -0.0488164 0.24206
569.000000 -0.271432 0.00628219 -1.18961 0.0349827 0.967681 -0.0467967 0.245315
570.000000 -0.271946 0.00978038 -1.19208 0.0368518 0.966845 -0.0444491 0.248751
571.000000 -0.271983 0.00878661 -1.19483 0.0367535 0.965943 -0.0418136 0.252693
572.000000 -0.272912 0.0102195 -1.19789 0.0379426 0.964813 -0.0401099 0.257074
573.000000 -0.271789 0.0131838 -1.2013 0.0391799 0.963665 -0.0381453 0.261458
574.000000 -0.271555 0.0152063 -1.20426 0.0396409 0.962551 -0.0359572 0.265764
575.000000 -0.272432 0.0181996 -1.20788 0.0406743 0.961336 -0.0335042 0.270291
576.000000 -0.271034 0.0210799 -1.21064 0.0412954 0.960124 -0.03101 0.274764
577.000000 -0.270875 0.0241942 -1.2134 0.0416221 0.959007 -0.0284622 0.27886
578.000000 -0.270659 0.0273501 -1.21634 0.0415231 0.957858 -0.0261937 0.283017
579.000000 -0.271224 0.0291607 -1.21908 0.0406576 0.956731 -0.0238849 0.287127
580.000000 -0.271457 0.0319304 -1.22092 0.0393388 0.955607 -0.0219258 0.291181
581.000000 -0.269044 0.0332346 -1.22299 0.0377109 0.954408 -0.0201248 0.295428
582.000000 -0.266392 0.0330252 -1.22554 0.0370405 0.953141 -0.0177923 0.299722
583.000000 -0.268011 0.0377799 -1.22772 0.0365817 0.9519 -0.0160513 0.303794
584.000000 -0.265563 0.0392521 -1.22827 0.035443 0.950894 -0.0134362 0.307187
585.000000 -0.264825 0.0388419 -1.23043 0.0347262 0.949637 -0.010451 0.311247
586.000000 -0.2645 0.0404226 -1.23213 0.0344543 0.948333 -0.00829035 0.315291
587.000000 -0.262401 0.0427696 -1.23198 0.0340886 0.947104 -0.00606126 0.319054
588.000000 -0.262205 0.0434066 -1.23367 0.0335376 0.945812 -0.00371984 0.322956
589.000000 -0.26184 0.0445873 -1.23501 0.0333111 0.944545 -0.00158195 0.326685
590.000000 -0.261972 0.0499348 -1.23498 0.0334831 0.943318 6.73431e-05 0.330196
591.000000 -0.262187 0.0521234 -1.23615 0.0331459 0.942014 0.00271336 0.333921
592.000000 -0.262146 0.0536077 -1.23671 0.0328254 0.940927 0.00494163 0.336979
593.000000 -0.262114 0.0553852 -1.23858 0.0326129 0.939715 0.0064705 0.340338
594.000000 -0.261891 0.0584625 -1.23896 0.0326526 0.93861 0.00833464 0.343329
595.000000 -0.263752 0.0603291 -1.23985 0.0325367 0.937452 0.0104786 0.346431
596.000000 -0.263104 0.0612328 -1.23954 0.0327923 0.936439 0.0121944 0.349081
597.000000 -0.263448 0.0632529 -1.24023 0.0331112 0.935279 0.0135549 0.352099
598.000000 -0.263054 0.0673365 -1.23989 0.0331386 0.934091 0.0143889 0.355202
599.000000 -0.262424 0.0706001 -1.24038 0.0331519 0.932829 0.0153542 0.358462
600.000000 -0.262441 0.0732206 -1.24039 0.0334649 0.931588 0.0166968 0.361587
601.000000 -0.261777 0.0767866 -1.24009 0.0336864 0.930308 0.0184173 0.364765
602.000000 -0.261082 0.0792594 -1.23933 0.0339717 0.929026 0.0208817 0.367859
603.000000 -0.260557 0.0809723 -1.2387 0.03385 0.927665 0.0229395 0.371169
604.000000 -0.261246 0.0814487 -1.23916 0.033792 0.926095 0.0243108 0.374988
605.000000 -0.260383 0.0835221 -1.23912 0.0337274 0.924665 0.0249874 0.378461
606.000000 -0.259099 0.0848266 -1.23911 0.0335852 0.92333 0.0255772 0.381679
607.000000 -0.257538 0.0862264 -1.23897 0.0331151 0.922113 0.0260924 0.384616
608.000000 -0.259583 0.0905401 -1.23898 0.0328061 0.920903 0.0266164 0.387497
609.000000 -0.258772 0.0909129 -1.24004 0.0324645 0.919529 0.0282726 0.390658
610.000000 -0.25777 0.0941122 -1.23944 0.0325931 0.918134 0.0291841 0.393848
611.000000 -0.257171 0.0948764 -1.24084 0.0325972 0.916465 0.0305081 0.397615
612.000000 -0.253986 0.0916822 -1.24069 0.032577 0.915086 0.0314878 0.400705
613.000000 -0.253413 0.0922957 -1.24094 0.0343302 0.913396 0.0312533 0.404417
614.000000 -0.254925 0.0975255 -1.24181 0.036578 0.911068 0.0315486 0.409416
615.000000 -0.255482 0.103419 -1.24306 0.0376254 0.908686 0.0329482 0.414474
616.000000 -0.253667 0.104545 -1.24284 0.0373135 0.906852 0.0348028 0.418349
617.000000 -0.251557 0.106867 -1.24334 0.0373033 0.905133 0.0365146 0.421912
618.000000 -0.249607 0.107284 -1.24464 0.0362665 0.903149 0.0392805 0.425985
619.000000 -0.248625 0.105431 -1.24822 0.0352432 0.900864 0.0414232 0.430681
620.000000 -0.245899 0.105797 -1.24911 0.0347521 0.898831 0.0418102 0.434911
621.000000 -0.242001 0.107713 -1.24934 0.0343393 0.89706 0.0416334 0.438601
622.000000 -0.238989 0.108917 -1.24934 0.0337009 0.895593 0.0418132 0.441621
623.000000 -0.23712 0.111695 -1.25067 0.0329448 0.893838 0.042057 0.445196
624.000000 -0.232343 0.11093 -1.25014 0.0318087 0.892468 0.042852 0.447944
625.000000 -0.228041 0.109723 -1.25031 0.0314027 0.890791 0.0430008 0.451283
626.000000 -0.22418 0.112564 -1.25075 0.0320583 0.888796 0.0429538 0.455157
627.000000 -0.219127 0.111369 -1.25094 0.0319512 0.887083 0.0439862 0.458398
628.000000 -0.213264 0.106791 -1.25289 0.0316715 0.885316 0.0445505 0.461767
629.000000 -0.209559 0.107918 -1.25262 0.0320141 0.883814 0.0430764 0.46475
630.000000 -0.203548 0.10985 -1.25136 0.0316292 0.882444 0.0422122 0.467451
631.000000 -0.198055 0.10975 -1.25143 0.0308444 0.880808 0.0420785 0.47059
632.000000 -0.192787 0.10608 -1.25199 0.0302625 0.87896 0.0419797 0.47408
633.000000 -0.18623 0.106413 -1.25013 0.0307341 0.877172 0.0409573 0.477439
634.000000 -0.179243 0.107351 -1.24777 0.0312781 0.875402 0.0398759 0.480731
635.000000 -0.173255 0.106878 -1.2489 0.0314475 0.873336 0.0390697 0.48453
636.000000 -0.165645 0.106022 -1.24765 0.0314568 0.871531 0.03809 0.487845
637.000000 -0.159828 0.109277 -1.24583 0.0318024 0.869843 0.0367188 0.490932
638.000000 -0.152066 0.108964 -1.24567 0.0315197 0.868167 0.036481 0.493925
639.000000 -0.143987 0.107539 -1.24395 0.0313376 0.86659 0.0359526 0.496736
640.000000 -0.134625 0.105909 -1.2421 0.0312925 0.86517 0.035344 0.499252
641.000000 -0.127719 0.107652 -1.2418 0.0314861 0.863567 0.0342852 0.502081
642.000000 -0.119233 0.105391 -1.24128 0.0310451 0.862242 0.0341638 0.504389
643.000000 -0.110935 0.10594 -1.23877 0.03151 0.861106 0.0334932 0.506342
644.000000 -0.102458 0.107898 -1.23645 0.0318486 0.860029 0.0332048 0.508166
645.000000 -0.0942398 0.10632 -1.23542 0.0314011 0.858824 0.0340116 0.510175
646.000000 -0.0853406 0.104575 -1.23289 0.0313329 0.857863 0.0339695 0.511796
647.000000 -0.0782152 0.106359 -1.23032 0.0317703 0.856865 0.0332452 0.513486
648.000000 -0.0696917 0.107508 -1.22902 0.031383 0.85575 0.0331561 0.515371
649.000000 -0.0609908 0.105685 -1.22703 0.0305352 0.854995 0.0335528 0.516648
650.000000 -0.0528459 0.103766 -1.22555 0.0297135 0.854316 0.0335477 0.517818
651.000000 -0.0450612 0.103275 -1.22611 0.0289196 0.853437 0.0331767 0.519335
652.000000 -0.0376731 0.103856 -1.22549 0.0285378 0.852828 0.0328909 0.520374
653.000000 -0.0194712 0.100696 -1.21931 0.02776 0.853107 0.0333642 0.519928
654.000000 -0.0122294 0.102695 -1.21792 0.027974 0.852975 0.0331453 0.520146
655.000000 -0.00288865 0.100921 -1.21465 0.0275336 0.853095 0.0335431 0.519948
656.000000 0.00577459 0.100933 -1.21095 0.0277059 0.853268 0.0336913 0.519645
657.000000 0.0140926 0.10144 -1.20895 0.02788 0.852861 0.03389 0.520291
658.000000 0.0224913 0.0998786 -1.2086 0.0280256 0.852274 0.0345185 0.521202
659.000000 0.0308102 0.101229 -1.20582 0.0283844 0.85197 0.0344717 0.521683
660.000000 0.040331 0.101876 -1.20135 0.0286032 0.852071 0.0349268 0.521475
661.000000 0.0490436 0.101224 -1.19933 0.028177 0.851983 0.0357098 0.521589
662.000000 0.0570775 0.103006 -1.1975 0.0275603 0.852083 0.0356024 0.521466
663.000000 0.0647183 0.106468 -1.19439 0.0267436 0.852738 0.0359923 0.52041
664.000000 0.0714658 0.111681 -1.19326 0.0258117 0.853086 0.0369856 0.519818
665.000000 0.0796344 0.113396 -1.19148 0.0243094 0.853291 0.0387069 0.519428
666.000000 0.0872853 0.11562 -1.19096 0.0229851 0.853125 0.0401817 0.519649
667.000000 0.095096 0.117556 -1.18922 0.0212386 0.852999 0.0412412 0.519847
668.000000 0.102364 0.121078 -1.1891 0.0192252 0.852824 0.0421125 0.520142
669.000000 0.109993 0.122192 -1.18956 0.0161956 0.852754 0.0437007 0.52023
670.000000 0.118297 0.121099 -1.19086 0.013523 0.852869 0.0448886 0.520016
671.000000 0.125539 0.125415 -1.19126 0.0119792 0.852904 0.0452221 0.519968
672.000000 0.133639 0.127893 -1.19159 0.0100992 0.852829 0.0471398 0.51996
673.000000 0.142514 0.125594 -1.19285 0.00871626 0.852556 0.0495871 0.520205
674.000000 0.150741 0.125971 -1.19638 0.00863942 0.851995 0.0505678 0.521031
675.000000 0.158866 0.130361 -1.19607 0.00871243 0.851769 0.0510101 0.521355
676.000000 0.167614 0.130805 -1.19976 0.00768239 0.851262 0.0522174 0.52208
677.000000 0.17636 0.131977 -1.20181 0.0073783 0.850685 0.0531407 0.52293
678.000000 0.184096 0.133915 -1.20549 0.00745217 0.849492 0.0543466 0.524741
679.000000 0.193375 0.132979 -1.20978 0.00817485 0.848158 0.0558083 0.526732
680.000000 0.202125 0.133827 -1.2137 0.00979225 0.846533 0.0561367 0.529277
681.000000 0.210723 0.135374 -1.2189 0.0113167 0.844556 0.0565354 0.532354
682.000000 0.220288 0.135751 -1.22289 0.0126048 0.842992 0.0572782 0.53472
683.000000 0.229488 0.136745 -1.22853 0.014147 0.84175 0.0574656 0.536614
684.000000 0.238165 0.14316 -1.23143 0.0152754 0.841386 0.0572557 0.537176
685.000000 0.246701 0.146329 -1.23666 0.0145237 0.841249 0.0588309 0.537242
686.000000 0.256508 0.14635 -1.24296 0.0131719 0.841295 0.0607483 0.536991
687.000000 0.266374 0.146941 -1.24916 0.0123312 0.841646 0.0625392 0.536254
688.000000 0.275207 0.148656 -1.25594 0.0113678 0.842 0.0643402 0.535507
689.000000 0.285833 0.146582 -1.26343 0.0101318 0.842271 0.0665228 0.534837
690.000000 0.296455 0.143945 -1.27124 0.00930689 0.842423 0.0667721 0.534583
691.000000 0.306391 0.144041 -1.27928 0.00899688 0.842795 0.0655844 0.534149
692.000000 0.315856 0.14688 -1.28524 0.00832971 0.843396 0.0644758 0.533345
693.000000 0.325483 0.148248 -1.29235 0.00710017 0.843982 0.0645092 0.532431
694.000000 0.335126 0.150269 -1.29838 0.00604713 0.844337 0.0648415 0.531841
695.000000 0.344356 0.151861 -1.30347 0.00494939 0.844503 0.0657838 0.531472
696.000000 0.362978 0.149853 -1.31916 0.0037797 0.844585 0.0670763 0.53119
697.000000 0.370867 0.153834 -1.3242 0.00446743 0.845273 0.0670853 0.530088
698.000000 0.385496 0.15563 -1.33708 0.00331038 0.846139 0.0703642 0.528287
699.000000 0.392219 0.158232 -1.34347 0.00290313 0.846464 0.0710689 0.527674
700.000000 0.399117 0.16182 -1.34731 0.00248613 0.846816 0.0722742 0.526947
701.000000 0.4054 0.165197 -1.35198 0.00176948 0.846801 0.0745119 0.526662
702.000000 0.412399 0.164913 -1.35841 0.00100685 0.846762 0.0778009 0.526251
703.000000 0.420117 0.165074 -1.3631 0.000975685 0.847147 0.0801717 0.525274
704.000000 0.426253 0.16829 -1.3672 0.00106296 0.847748 0.0819031 0.524036
705.000000 0.43289 0.170069 -1.37146 7.9088e-05 0.848256 0.0842485 0.522841
706.000000 0.440657 0.167817 -1.37682 -0.00125824 0.848425 0.0864624 0.522205
707.000000 0.448691 0.167397 -1.3819 -0.00168113 0.848776 0.0867536 0.521585
708.000000 0.455647 0.170939 -1.38415 -0.00141849 0.849327 0.0865745 0.520717
709.000000 0.463286 0.172426 -1.38609 -0.00181136 0.850064 0.0879611 0.519279
710.000000 0.471503 0.170664 -1.39036 -0.00219896 0.850727 0.089409 0.517943
711.000000 0.479023 0.17349 -1.39109 -0.00191846 0.85197 0.0894818 0.515885
712.000000 0.486332 0.176162 -1.39188 -0.00312028 0.853259 0.0902182 0.513615
713.000000 0.494595 0.174772 -1.39441 -0.00516237 0.854356 0.0917139 0.511506
714.000000 0.50412 0.171532 -1.39642 -0.00653667 0.855708 0.092456 0.509091
715.000000 0.513139 0.170107 -1.39706 -0.00665541 0.857493 0.0918167 0.506192
716.000000 0.521954 0.170996 -1.39721 -0.00664038 0.859581 0.0908184 0.502821
717.000000 0.53049 0.171391 -1.3968 -0.00646507 0.861611 0.0906087 0.499374
718.000000 0.539485 0.172485 -1.39522 -0.00645957 0.863574 0.0907811 0.495941
719.000000 0.549477 0.173151 -1.39269 -0.00706083 0.865489 0.0920182 0.492354
720.000000 0.55988 0.169056 -1.39269 -0.00769266 0.867292 0.0940005 0.488784
721.000000 0.571057 0.167757 -1.39032 -0.00682523 0.869404 0.0943138 0.484969
722.000000 0.581649 0.167098 -1.3879 -0.00603599 0.871354 0.0948345 0.481364
723.000000 0.592408 0.16632 -1.38474 -0.00581745 0.873245 0.0951447 0.477867
724.000000 0.603945 0.166041 -1.38076 -0.00594806 0.87517 0.0954799 0.474264
725.000000 0.614106 0.166122 -1.37799 -0.00658392 0.87683 0.0963413 0.471003
726.000000 0.626607 0.162656 -1.37415 -0.00728552 0.878702 0.0981857 0.467107
727.000000 0.638715 0.160082 -1.37055 -0.00656034 0.880571 0.0988083 0.463453
728.000000 0.649638 0.161934 -1.36534 -0.00464191 0.882702 0.0989964 0.459364
729.000000 0.660025 0.162121 -1.36119 -0.00349423 0.884552 0.101156 0.455327
730.000000 0.672358 0.16009 -1.35593 -0.00279137 0.886706 0.103458 0.4506
731.000000 0.68329 0.159065 -1.35157 -0.00202911 0.888943 0.10494 0.445829
732.000000 0.694025 0.157727 -1.34862 -0.00139343 0.891107 0.106287 0.441169
733.000000 0.705123 0.156767 -1.34421 -0.000788233 0.893444 0.107228 0.436188
734.000000 0.714833 0.156933 -1.34035 -0.000497938 0.895658 0.107554 0.431542
735.000000 0.724319 0.1579 -1.33562 -0.000526729 0.89779 0.107829 0.42702
736.000000 0.733343 0.157737 -1.33192 -0.00107127 0.899834 0.108843 0.422434
737.000000 0.742712 0.156376 -1.32835 -0.00143731 0.901957 0.109838 0.417621
738.000000 0.750888 0.157912 -1.32401 -0.00108684 0.90409 0.110112 0.412912
739.000000 0.758453 0.160369 -1.31947 -0.00131449 0.905846 0.111483 0.408672
740.000000 0.765378 0.160525 -1.31596 -0.00282739 0.907396 0.114023 0.404505
741.000000 0.773951 0.159172 -1.31249 -0.00463001 0.909028 0.116048 0.400225
742.000000 0.781158 0.158351 -1.30968 -0.00645903 0.910509 0.117292 0.396453
743.000000 0.788118 0.158678 -1.30639 -0.00802541 0.911937 0.118038 0.392904
744.000000 0.795389 0.155913 -1.30429 -0.00970144 0.912975 0.119106 0.390123
745.000000 0.801815 0.153708 -1.30331 -0.0102997 0.913737 0.118228 0.388588
746.000000 0.806898 0.156906 -1.29994 -0.00974917 0.914476 0.11661 0.38735
747.000000 0.819261 0.155507 -1.29383 -0.0128304 0.915694 0.119141 0.383596
748.000000 0.826019 0.153869 -1.29145 -0.0136979 0.916536 0.119275 0.381506
749.000000 0.831323 0.153637 -1.28924 -0.0140549 0.917263 0.11892 0.379853
750.000000 0.837482 0.151598 -1.28759 -0.0142988 0.917928 0.118902 0.378241
751.000000 0.843738 0.149859 -1.28595 -0.0137752 0.91887 0.117937 0.376269
752.000000 0.849345 0.151062 -1.28351 -0.0120994 0.920192 0.11688 0.373416
753.000000 0.855758 0.150054 -1.28174 -0.0111035 0.921533 0.117034 0.370077
754.000000 0.86117 0.150124 -1.27982 -0.00995312 0.923083 0.116636 0.366354
755.000000 0.865996 0.153033 -1.27659 -0.00879381 0.924745 0.116628 0.362172
756.000000 0.871485 0.155443 -1.27336 -0.00920146 0.926328 0.118416 0.357505
757.000000 0.877453 0.154708 -1.27221 -0.0104752 0.927888 0.121751 0.352265
758.000000 0.884914 0.153405 -1.2705 -0.0114685 0.929676 0.124726 0.346429
759.000000 0.891404 0.15421 -1.26799 -0.0112037 0.931333 0.126892 0.341162
760.000000 0.897616 0.155326 -1.26664 -0.0105073 0.932749 0.12956 0.336277
761.000000 0.905293 0.155007 -1.2639 -0.00949423 0.934304 0.132759 0.330699
762.000000 0.913341 0.154351 -1.26266 -0.00810881 0.935962 0.135556 0.32486
763.000000 0.920994 0.155531 -1.26061 -0.0062351 0.937594 0.138145 0.319053
764.000000 0.927926 0.156016 -1.25919 -0.0052955 0.939068 0.141461 0.31323
765.000000 0.936073 0.153793 -1.25867 -0.00508222 0.940602 0.144621 0.307127
766.000000 0.944598 0.152319 -1.25823 -0.00405253 0.942224 0.146378 0.301282
767.000000 0.951298 0.153279 -1.25738 -0.00279586 0.943585 0.147755 0.296322
768.000000 0.958223 0.151709 -1.25801 -0.00186382 0.94463 0.149684 0.292004
769.000000 0.964878 0.150225 -1.25882 0.000130435 0.945512 0.15064 0.288644
770.000000 0.970875 0.152837 -1.25862 0.00306505 0.946175 0.150725 0.286402
771.000000 0.976229 0.153448 -1.25919 0.00557765 0.946326 0.152788 0.284765
772.000000 0.98358 0.151898 -1.25974 0.00764058 0.946265 0.154409 0.284046
773.000000 0.989587 0.151956 -1.26028 0.00901414 0.946219 0.15483 0.283928
774.000000 0.994699 0.150944 -1.26161 0.00890195 0.946068 0.155094 0.28429
775.000000 1.00015 0.150661 -1.26237 0.0083357 0.945953 0.153892 0.285344
776.000000 1.00513 0.150984 -1.26272 0.00674295 0.94583 0.152952 0.286296
777.000000 1.00997 0.147409 -1.26556 0.00425569 0.945564 0.152466 0.287479
778.000000 1.01394 0.14484 -1.26828 0.00283584 0.945418 0.149683 0.289435
779.000000 1.01755 0.143915 -1.26943 0.00170697 0.945285 0.145362 0.292067
780.000000 1.02073 0.143408 -1.271 -2.14437e-05 0.944973 0.141009 0.295199
781.000000 1.02393 0.142102 -1.2724 -0.00226379 0.944589 0.136798 0.298384
782.000000 1.02659 0.141896 -1.27372 -0.00392223 0.944541 0.13268 0.300371
783.000000 1.02889 0.14261 -1.27434 -0.00424689 0.944472 0.129539 0.301951
784.000000 1.03108 0.143478 -1.2748 -0.00412079 0.944155 0.128168 0.303524
785.000000 1.03426 0.141003 -1.27645 -0.00464862 0.943784 0.127859 0.304799
786.000000 1.03716 0.13905 -1.27761 -0.0040302 0.943504 0.126142 0.306386
787.000000 1.03987 0.137588 -1.27825 -0.00310224 0.943426 0.124123 0.30746
788.000000 1.04318 0.134133 -1.27958 -0.00312997 0.943458 0.121979 0.308219
789.000000 1.04594 0.131616 -1.28013 -0.00207573 0.943799 0.117925 0.30876
790.000000 1.04908 0.130928 -1.28027 -0.00028511 0.944239 0.113607 0.309041
791.000000 1.05256 0.129309 -1.27997 0.00099645 0.944435 0.110769 0.309469
792.000000 1.05498 0.126854 -1.28053 0.00215601 0.944245 0.108054 0.311001
793.000000 1.05807 0.123597 -1.2808 0.00319943 0.944031 0.104416 0.312878
794.000000 1.0605 0.12175 -1.27984 0.00448855 0.943938 0.10033 0.314475
795.000000 1.06272 0.118846 -1.27954 0.00499521 0.943801 0.0959929 0.316228
796.000000 1.06545 0.115614 -1.27892 0.00546494 0.943599 0.0895131 0.318714
797.000000 1.06601 0.114451 -1.27901 0.00571856 0.943239 0.0822529 0.321716
798.000000 1.06793 0.113209 -1.27823 0.005449 0.942966 0.0767504 0.323875
799.000000 1.06994 0.112266 -1.27771 0.00553667 0.942383 0.0731345 0.326398
800.000000 1.07243 0.11134 -1.27634 0.00561419 0.941546 0.0709354 0.329285
801.000000 1.07509 0.110535 -1.27529 0.00612904 0.940485 0.0688003 0.33274
802.000000 1.07776 0.109268 -1.27441 0.00697857 0.939255 0.0672139 0.336503
803.000000 1.08019 0.108347 -1.27264 0.00755542 0.937972 0.0655387 0.340377
804.000000 1.0824 0.107493 -1.27154 0.00828164 0.936747 0.063598 0.344081
805.000000 1.08467 0.107529 -1.26975 0.00898298 0.935413 0.0618823 0.347984
806.000000 1.08764 0.1068 -1.26824 0.00866729 0.93419 0.0610754 0.351402
807.000000 1.08965 0.105934 -1.26676 0.00781442 0.93291 0.0603232 0.354935
808.000000 1.09225 0.105281 -1.26508 0.00733691 0.931714 0.0591858 0.358264
809.000000 1.09435 0.105575 -1.2628 0.00696744 0.930333 0.0579355 0.362043
810.000000 1.09703 0.105659 -1.26057 0.00634533 0.928799 0.0574539 0.366047
811.000000 1.09978 0.105916 -1.25804 0.00565274 0.927006 0.0576592 0.370544
812.000000 1.10325 0.105254 -1.25586 0.00479347 0.925249 0.0581539 0.374846
813.000000 1.10594 0.105683 -1.2529 0.00426293 0.923478 0.0592473 0.379025
814.000000 1.10875 0.105725 -1.25002 0.00331291 0.921623 0.0610987 0.383233
815.000000 1.1116 0.104921 -1.24787 0.00251246 0.9197 0.0630368 0.387521
816.000000 1.11414 0.105155 -1.245 0.00215013 0.917773 0.064914 0.391758
817.000000 1.11642 0.105006 -1.24235 0.00140314 0.915902 0.0669524 0.395777
818.000000 1.11854 0.105085 -1.23913 0.000778045 0.914006 0.0687779 0.399828
819.000000 1.1195 0.105628 -1.23644 -9.78526e-05 0.911986 0.0707545 0.404073
820.000000 1.12033 0.105766 -1.23445 -0.00125862 0.910064 0.0727906 0.408023
821.000000 1.12037 0.10739 -1.23155 -0.00147003 0.90816 0.0748151 0.41188
822.000000 1.12156 0.108255 -1.22781 -0.00216919 0.906311 0.0776492 0.415411
823.000000 1.12153 0.109762 -1.22493 -0.00306832 0.904417 0.0802509 0.419022
824.000000 1.12163 0.110624 -1.22205 -0.00454939 0.902728 0.0830964 0.422086
825.000000 1.1213 0.110589 -1.2202 -0.00622293 0.900888 0.0858927 0.425424
826.000000 1.12082 0.111639 -1.21767 -0.00782119 0.899223 0.0881015 0.428455
827.000000 1.1195 0.113234 -1.21576 -0.0093594 0.897706 0.0906613 0.431065
828.000000 1.11823 0.112774 -1.21427 -0.0114608 0.896113 0.0932834 0.433761
829.000000 1.11757 0.112723 -1.21056 -0.0127456 0.894968 0.094921 0.43573
830.000000 1.11345 0.112122 -1.20723 -0.0154944 0.892136 0.0968725 0.440987
831.000000 1.11283 0.112513 -1.20359 -0.0160942 0.891084 0.0972509 0.443004
832.000000 1.11036 0.113081 -1.20131 -0.0170553 0.889356 0.0979723 0.44627
833.000000 1.10835 0.112154 -1.19878 -0.018335 0.887454 0.0987721 0.449816
834.000000 1.10707 0.111747 -1.19544 -0.0187793 0.885606 0.0988299 0.453411
835.000000 1.10424 0.112832 -1.19266 -0.0192976 0.883432 0.0988846 0.4576
836.000000 1.10134 0.113541 -1.19014 -0.0206899 0.881303 0.0994017 0.461515
837.000000 1.09847 0.113356 -1.18821 -0.0228021 0.879414 0.099929 0.464894
838.000000 1.095 0.113592 -1.18705 -0.0250256 0.877713 0.100074 0.467952
839.000000 1.09151 0.115764 -1.18436 -0.0267688 0.876287 0.100385 0.470454
840.000000 1.08748 0.118492 -1.18028 -0.0292382 0.874764 0.101541 0.472888
841.000000 1.08379 0.11961 -1.17806 -0.0324262 0.872801 0.103803 0.475807
842.000000 1.08032 0.11948 -1.17598 -0.0350809 0.870623 0.105528 0.479217
843.000000 1.07652 0.120886 -1.1728 -0.036636 0.86839 0.106579 0.482905
844.000000 1.07237 0.121341 -1.1725 -0.0385255 0.865693 0.108236 0.487214
845.000000 1.06898 0.120406 -1.17073 -0.0402599 0.863048 0.109729 0.491413
846.000000 1.06586 0.119881 -1.16781 -0.0411074 0.860495 0.110461 0.495639
847.000000 1.06206 0.119597 -1.16638 -0.0412696 0.857531 0.110397 0.500748
848.000000 1.05876 0.118863 -1.16511 -0.0410926 0.854351 0.110019 0.506252
849.000000 1.0554 0.11887 -1.16155 -0.0403406 0.851013 0.109188 0.512082
850.000000 1.05168 0.119468 -1.16138 -0.0400605 0.846957 0.107889 0.519055
851.000000 1.04675 0.120007 -1.16272 -0.0406995 0.842671 0.106526 0.526215
852.000000 1.04297 0.121084 -1.16156 -0.0418732 0.838871 0.105297 0.532405
853.000000 1.03946 0.122657 -1.15866 -0.043014 0.835342 0.104244 0.538039
854.000000 1.0357 0.126607 -1.15433 -0.0441749 0.831905 0.103425 0.543402
855.000000 1.03238 0.128936 -1.14871 -0.046483 0.828664 0.104501 0.547937
856.000000 1.02951 0.128345 -1.14535 -0.049053 0.825481 0.10609 0.552195
857.000000 1.02583 0.130075 -1.14074 -0.0496463 0.822584 0.106635 0.556346
858.000000 1.02179 0.131332 -1.13513 -0.0500693 0.819627 0.107641 0.560462
859.000000 1.0178 0.130544 -1.13091 -0.0507917 0.816603 0.108324 0.564664
860.000000 1.01353 0.130945 -1.12713 -0.0507702 0.814023 0.10791 0.568458
861.000000 1.00915 0.131083 -1.12089 -0.0506289 0.811943 0.107596 0.571496
862.000000 1.00461 0.129844 -1.11575 -0.0506217 0.809948 0.107528 0.574334
863.000000 0.998806 0.128654 -1.10983 -0.0499802 0.808062 0.106856 0.577165
864.000000 0.993009 0.129398 -1.10282 -0.0486514 0.806344 0.10573 0.579882
865.000000 0.986614 0.129872 -1.0949 -0.048278 0.804124 0.105489 0.583032
866.000000 0.980012 0.127688 -1.09015 -0.048691 0.801906 0.10573 0.586001
867.000000 0.972967 0.125623 -1.08309 -0.0480362 0.800164 0.104649 0.588624
868.000000 0.965772 0.122809 -1.07798 -0.0473533 0.798577 0.103223 0.591082
869.000000 0.95766 0.120919 -1.0687 -0.0460686 0.797224 0.100978 0.593393
870.000000 0.949055 0.122295 -1.06145 -0.0445454 0.795923 0.0986819 0.595638
871.000000 0.939869 0.123292 -1.05186 -0.0444122 0.794397 0.0985175 0.597709
872.000000 0.931296 0.118587 -1.04543 -0.0450997 0.79288 0.0999757 0.599427
873.000000 0.922442 0.114192 -1.03924 -0.0435476 0.791884 0.099232 0.60098
874.000000 0.912961 0.112665 -1.03144 -0.0408544 0.791304 0.0969671 0.6023
875.000000 0.903362 0.111315 -1.02472 -0.0389922 0.790916 0.0947145 0.603292
876.000000 0.893735 0.108762 -1.01723 -0.0377175 0.790381 0.0927681 0.604375
877.000000 0.88367 0.108842 -1.00996 -0.0368638 0.789686 0.090287 0.605711
878.000000 0.874043 0.106404 -1.00427 -0.0375822 0.788434 0.0887431 0.607523
879.000000 0.864682 0.102666 -0.996704 -0.0374109 0.787271 0.0860362 0.609428
880.000000 0.854965 0.102515 -0.990043 -0.0360621 0.785966 0.0823355 0.611701
881.000000 0.845403 0.102082 -0.982205 -0.0359478 0.784606 0.080281 0.613724
882.000000 0.835463 0.101021 -0.97496 -0.0364097 0.782824 0.0791542 0.616113
883.000000 0.826766 0.0975717 -0.96933 -0.037197 0.780756 0.0782288 0.618803
884.000000 0.817702 0.0955632 -0.96351 -0.0373749 0.778734 0.0769812 0.621491
885.000000 0.808245 0.0952566 -0.956846 -0.0376176 0.776739 0.0760554 0.624081
886.000000 0.799194 0.0946495 -0.951039 -0.0377181 0.774394 0.075572 0.627041
887.000000 0.790459 0.0941485 -0.945306 -0.0376224 0.771565 0.0755763 0.630523
888.000000 0.782418 0.0921651 -0.939951 -0.0377212 0.768124 0.0762923 0.63462
889.000000 0.774677 0.0899027 -0.934533 -0.0373204 0.764207 0.0765702 0.639321
890.000000 0.766982 0.087116 -0.929604 -0.0364666 0.75984 0.0764471 0.644569
891.000000 0.759488 0.0854588 -0.924701 -0.034893 0.75516 0.0762569 0.650155
892.000000 0.751967 0.0837245 -0.920302 -0.0330655 0.750219 0.075777 0.656
893.000000 0.744617 0.0819452 -0.916059 -0.0311857 0.7453 0.07511 0.66175
894.000000 0.737209 0.0805973 -0.912087 -0.0297944 0.740786 0.0742253 0.666962
895.000000 0.729877 0.0799448 -0.907754 -0.0286568 0.736521 0.0735241 0.671796
896.000000 0.722834 0.0781169 -0.90467 -0.0283989 0.732194 0.0729576 0.676582
897.000000 0.715564 0.0757284 -0.901381 -0.0277022 0.727633 0.0722042 0.681593
898.000000 0.70786 0.0750909 -0.898859 -0.0260037 0.722649 0.0712124 0.687045
899.000000 0.70037 0.0762083 -0.897116 -0.0241806 0.717496 0.0709592 0.692517
900.000000 0.693388 0.0757278 -0.896833 -0.0240135 0.712724 0.0716139 0.697366
901.000000 0.686373 0.0745868 -0.896216 -0.0239967 0.708254 0.0714282 0.701925
902.000000 0.678661 0.0748477 -0.894969 -0.0239309 0.704084 0.0708645 0.706166
903.000000 0.671237 0.0745911 -0.894756 -0.0244278 0.700187 0.0703585 0.710065
904.000000 0.663834 0.0729836 -0.89288 -0.0247129 0.696277 0.0695404 0.713969
905.000000 0.655921 0.0729518 -0.892619 -0.0246983 0.692121 0.0681649 0.718131
906.000000 0.648002 0.0738693 -0.893372 -0.0245194 0.687993 0.0668051 0.72222
907.000000 0.63998 0.0744654 -0.895333 -0.0248103 0.683863 0.0662612 0.726172
908.000000 0.631989 0.074407 -0.895282 -0.0254058 0.680115 0.065961 0.72969
909.000000 0.62398 0.073674 -0.89525 -0.0254246 0.67694 0.0655453 0.732673
910.000000 0.615809 0.0747064 -0.89621 -0.0249052 0.673821 0.0648001 0.735627
911.000000 0.608098 0.0740536 -0.895953 -0.0249939 0.67082 0.0646631 0.738373
912.000000 0.600557 0.0730078 -0.895478 -0.0249654 0.6679 0.064032 0.741071
913.000000 0.592364 0.0735862 -0.895218 -0.0244877 0.665059 0.0627963 0.743743
914.000000 0.584868 0.0743636 -0.896496 -0.0240542 0.662051 0.0616496 0.746531
915.000000 0.577543 0.0747786 -0.896352 -0.023567 0.65921 0.0610579 0.749105
916.000000 0.570068 0.0770246 -0.896859 -0.0233128 0.656312 0.0607842 0.751675
917.000000 0.563139 0.0771041 -0.89612 -0.0236804 0.653879 0.0610459 0.75376
918.000000 0.55677 0.0762612 -0.895605 -0.0234535 0.651572 0.0609379 0.755772
919.000000 0.550434 0.0769226 -0.895444 -0.0225022 0.649314 0.0603629 0.757787
920.000000 0.544901 0.0763514 -0.894945 -0.0215576 0.647246 0.0600749 0.759604
921.000000 0.539832 0.0746134 -0.893556 -0.0201171 0.645578 0.059435 0.761113
922.000000 0.534944 0.0742947 -0.892907 -0.0177598 0.643955 0.0584284 0.762622
923.000000 0.530411 0.0751921 -0.893291 -0.015453 0.642451 0.0570534 0.764044
924.000000 0.525565 0.0759543 -0.892661 -0.0139878 0.641375 0.0562757 0.765033
925.000000 0.521613 0.0750416 -0.892518 -0.0136151 0.639983 0.0559469 0.766228
926.000000 0.518103 0.0745639 -0.892506 -0.0128465 0.638284 0.0552309 0.767709
927.000000 0.514911 0.0718641 -0.890485 -0.0120066 0.636937 0.0540317 0.768927
928.000000 0.511899 0.0712075 -0.889566 -0.0103679 0.635504 0.0523148 0.770253
929.000000 0.509369 0.0703559 -0.888762 -0.00927509 0.63422 0.0505846 0.77144
930.000000 0.506857 0.0691741 -0.887889 -0.00834006 0.633519 0.0490996 0.772123
931.000000 0.504802 0.0685237 -0.887679 -0.00726414 0.633093 0.047926 0.772556
932.000000 0.502571 0.0670138 -0.886396 -0.00618352 0.633134 0.0468086 0.772601
933.000000 0.500891 0.064613 -0.884987 -0.0047611 0.633079 0.0455122 0.772734
934.000000 0.499606 0.0633572 -0.884689 -0.00250254 0.633248 0.0437971 0.772705
935.000000 0.498271 0.0628982 -0.884527 -0.000752833 0.633448 0.0424074 0.772622
936.000000 0.497344 0.0629439 -0.884423 0.000511008 0.633474 0.0414034 0.772655
937.000000 0.496521 0.0629901 -0.884501 0.00161029 0.633507 0.0404131 0.772679
938.000000 0.496543 0.0623169 -0.885379 0.00220319 0.63358 0.039751 0.772653
939.000000 0.49646 0.0613697 -0.885816 0.00253542 0.634085 0.0390914 0.77227
940.000000 0.496167 0.0595874 -0.885533 0.00313681 0.634906 0.0382331 0.771637
941.000000 0.49645 0.0580226 -0.885883 0.00415687 0.635763 0.0372124 0.770976
942.000000 0.496712 0.0573204 -0.886665 0.00540107 0.636317 0.0358023 0.770578
943.000000 0.497096 0.055763 -0.8873 0.0063559 0.636789 0.034538 0.770238
944.000000 0.497563 0.0548344 -0.887995 0.00768637 0.637217 0.0333081 0.769926
945.000000 0.497552 0.0543417 -0.888265 0.00892376 0.637737 0.0320771 0.769534
946.000000 0.497942 0.0533793 -0.888217 0.00993019 0.638422 0.0311483 0.768992
947.000000 0.498204 0.0527139 -0.88844 0.0110538 0.639236 0.0300082 0.768345
948.000000 0.4988 0.0518555 -0.889208 0.012393 0.639943 0.0289499 0.767777
949.000000 0.499574 0.0505583 -0.889988 0.0132525 0.640362 0.0281828 0.767441
950.000000 0.500222 0.0496811 -0.890359 0.0139846 0.640547 0.0275348 0.767298
951.000000 0.500625 0.0488506 -0.890028 0.0150508 0.640954 0.0262923 0.766981
952.000000 0.501755 0.0480936 -0.891213 0.0158585 0.641195 0.0255989 0.766786
953.000000 0.502504 0.0469912 -0.891435 0.0163802 0.64156 0.025365 0.766479
954.000000 0.502983 0.0469576 -0.891496 0.0175432 0.641903 0.0249132 0.76618
955.000000 0.503971 0.0458424 -0.892394 0.0184947 0.642251 0.0248082 0.76587
956.000000 0.504343 0.0463845 -0.893025 0.0194893 0.642597 0.0245575 0.765563
957.000000 0.504811 0.0457146 -0.893094 0.0204975 0.643089 0.0249747 0.76511
958.000000 0.505678 0.0458506 -0.893854 0.0216494 0.643327 0.0253154 0.764867
959.000000 0.506146 0.0454347 -0.893801 0.0222877 0.64382 0.0258087 0.764417
960.000000 0.507095 0.0451096 -0.894388 0.0229891 0.644097 0.0263054 0.764146
961.000000 0.507895 0.044899 -0.894944 0.0239588 0.644523 0.0267197 0.763742
962.000000 0.508711 0.0454201 -0.89535 0.0250376 0.645039 0.0270438 0.76326
963.000000 0.509694 0.0447502 -0.895748 0.0259135 0.645602 0.0273122 0.762746
964.000000 0.510486 0.0444683 -0.895898 0.0268024 0.646382 0.0271705 0.762059
965.000000 0.511253 0.0445226 -0.896409 0.0274941 0.647139 0.0268803 0.761402
