5800.002496 -0.00817048 0.015075 -0.0110795 0.707789 -0.706423 0.00119798 0.000383942
5800.035812 -0.0092187 0.00871631 -0.00934059 -0.711241 0.702942 0.000880123 0.00285659
5800.069129 -0.0114034 -0.000575837 -0.00719263 -0.713552 0.700571 0.00289951 0.00594056
5800.102445 -0.0150175 -0.0097962 -0.0049375 -0.714361 0.699647 0.00744689 0.011292
5800.135761 -0.0195411 -0.0213577 -0.00159396 -0.715877 0.697915 0.011126 0.0176203
5800.169078 -0.0217703 -0.0330963 0.00142295 -0.716257 0.697348 0.0139725 0.0220496
5800.202394 -0.0231401 -0.0454024 0.00395868 -0.715812 0.697538 0.0173958 0.0274166
5800.235711 -0.0243916 -0.0621067 0.00619087 -0.715401 0.697495 0.0213698 0.0352996
5800.269027 -0.0244608 -0.0788985 0.00790801 -0.714707 0.697559 0.0263264 0.0437343
5800.302343 -0.0250938 -0.0958476 0.00907525 -0.714307 0.697182 0.0320633 0.0517251
5800.335810 -0.0233404 -0.113665 0.00983861 -0.714251 0.696063 0.0380084 0.0624294
5800.369126 -0.0222855 -0.131925 0.00988336 -0.713108 0.695781 0.0456999 0.0726545
5800.402442 -0.0233168 -0.150461 0.0091923 -0.711541 0.695887 0.0541256 0.080756
5800.435759 -0.0242314 -0.169529 0.00816258 -0.710027 0.695641 0.0628509 0.089415
5800.469075 -0.0197463 -0.188723 0.00597192 -0.706435 0.697118 0.0723269 0.0987167
5800.502391 -0.0131368 -0.208644 0.00254499 -0.703902 0.697296 0.081942 0.107637
5800.535707 -0.00648413 -0.229605 -0.00184677 -0.700208 0.698587 0.0912712 0.115565
5800.569024 -0.00106035 -0.249709 -0.00747803 -0.696139 0.69995 0.101734 0.122925
5800.602340 0.0116052 -0.266476 -0.0134879 -0.691638 0.701769 0.110925 0.129819
5800.635656 0.0200651 -0.282326 -0.0189114 -0.689151 0.702284 0.117349 0.134528
5800.669123 0.0337703 -0.296998 -0.0257905 -0.685262 0.704738 0.122934 0.13656
5800.702439 0.0467026 -0.310367 -0.0340827 -0.679147 0.707795 0.133304 0.141475
5800.735755 0.0617716 -0.320551 -0.0436842 -0.673504 0.70981 0.145024 0.146732
5800.769072 0.0807813 -0.329845 -0.0545595 -0.670789 0.710354 0.154447 0.14692
5800.802388 0.107137 -0.332333 -0.0647561 -0.669073 0.712297 0.159894 0.139312
5800.835704 0.129308 -0.332458 -0.074379 -0.670184 0.712309 0.163989 0.128753
5800.869021 0.157142 -0.3289 -0.0834504 -0.669131 0.713552 0.168023 0.121966
5800.902337 0.186387 -0.319039 -0.0929279 -0.667222 0.715467 0.172892 0.114147
5800.935653 0.211171 -0.309201 -0.105088 -0.666971 0.716172 0.179134 0.100786
5800.968970 0.244642 -0.294927 -0.116204 -0.669508 0.714025 0.184508 0.0887903
5801.002286 0.266697 -0.282354 -0.127264 -0.672706 0.711083 0.189287 0.07745
5801.035752 0.299966 -0.265519 -0.138939 -0.676497 0.70742 0.194046 0.065233
5801.069069 0.333005 -0.246981 -0.149227 -0.679106 0.704986 0.197287 0.0537261
5801.102385 0.35997 -0.229337 -0.158418 -0.679735 0.705077 0.197498 0.0426632
5801.135701 0.389029 -0.209621 -0.168201 -0.680409 0.70543 0.1966 0.0275873
5801.169018 0.410312 -0.181857 -0.172438 -0.684807 0.702351 0.193901 0.0120393
5801.202334 0.428226 -0.158147 -0.176974 0.68911 -0.699318 -0.189944 0.00145693
5801.235651 0.448263 -0.13367 -0.181625 0.692075 -0.697078 -0.186837 0.0143725
5801.268967 0.465171 -0.110149 -0.185486 0.695811 -0.694709 -0.180127 0.0279364
5801.302283 0.486649 -0.0854526 -0.188549 0.698645 -0.693409 -0.171558 0.0405752
5801.335599 0.500935 -0.0663234 -0.190102 0.703533 -0.68986 -0.162121 0.0533863
5801.369066 0.51677 -0.0530147 -0.190473 0.711033 -0.684192 -0.150018 0.0617145
5801.402382 0.524453 -0.0363721 -0.186628 0.717189 -0.67957 -0.138981 0.0671407
5801.435699 0.530685 -0.0199185 -0.180515 0.722689 -0.675779 -0.125895 0.0720744
5801.469015 0.536625 -0.00830725 -0.172296 0.728909 -0.671515 -0.109331 0.076199
5801.502331 0.538632 0.00235134 -0.161168 0.733979 -0.668278 -0.0937812 0.0767072
5801.535648 0.535357 0.00874563 -0.148306 0.73523 -0.669275 -0.0786704 0.0729282
5801.568964 0.531179 0.0112502 -0.133255 0.735583 -0.671256 -0.0603583 0.0684775
5801.602280 0.525439 0.0112233 -0.116816 0.737212 -0.671441 -0.0393082 0.0643381
5801.635596 0.520156 0.00971185 -0.0999956 0.737163 -0.672992 -0.0176302 0.0579774
5801.668913 0.513299 0.00252731 -0.0833098 0.734344 -0.676997 -0.00172048 0.0490895
5801.702379 0.507634 -0.0122114 -0.0666744 0.730801 -0.681609 0.00629779 0.0360402
5801.735696 0.501756 -0.0308539 -0.0492617 0.730031 -0.682991 0.0122382 0.0206929
5801.769012 0.49291 -0.0515845 -0.0317893 0.729632 -0.683581 0.0176958 0.00646583
5801.802328 0.484773 -0.076076 -0.015043 -0.727091 0.686144 -0.0219315 0.00803192
5801.835644 0.478163 -0.104248 0.000741362 -0.722732 0.690323 -0.0235164 0.0236383
5801.868961 0.47628 -0.132678 0.0146166 -0.718061 0.694522 -0.0187215 0.0409524
5801.902277 0.468913 -0.163586 0.0253646 -0.713995 0.697521 -0.00964413 0.0598533
5801.935594 0.461817 -0.195976 0.0335625 -0.710571 0.699198 0.00241526 0.0787729
5801.968910 0.456589 -0.228229 0.0398359 -0.707523 0.700153 0.015449 0.0946468
5802.002226 0.457156 -0.260725 0.0446456 -0.703996 0.701374 0.0282699 0.108006
5802.035543 0.456114 -0.290182 0.0479797 -0.699742 0.702996 0.0424949 0.119799
5802.069009 0.459908 -0.314406 0.0500006 -0.69502 0.704605 0.0581296 0.130767
5802.102325 0.46653 -0.339275 0.0491279 -0.69022 0.705535 0.0752926 0.141939
5802.135642 0.474869 -0.360835 0.0472765 -0.686755 0.704284 0.0936167 0.153583
5802.168958 0.490768 -0.379166 0.0434047 -0.681127 0.705792 0.109865 0.16079
5802.202274 0.508274 -0.395346 0.037479 -0.6772 0.706375 0.125571 0.163302
5802.235590 0.529672 -0.407784 0.0307927 -0.674994 0.704921 0.142251 0.165029
5802.268907 0.551193 -0.41658 0.0230259 -0.674335 0.701956 0.157858 0.166162
5802.302223 0.576414 -0.426339 0.0132218 -0.672299 0.701279 0.170886 0.164376
5802.335539 0.601285 -0.433642 0.00132693 -0.669665 0.70117 0.184976 0.160293
5802.368856 0.627042 -0.436563 -0.0106974 -0.667077 0.700587 0.198911 0.156911
5802.402322 0.65525 -0.43961 -0.0228533 -0.665961 0.699072 0.209573 0.154509
5802.435638 0.683107 -0.439584 -0.0341273 -0.663944 0.698468 0.219519 0.152092
5802.468955 0.708655 -0.439935 -0.0462139 -0.660779 0.699894 0.22766 0.147278
5802.502271 0.737784 -0.435936 -0.0567736 -0.656841 0.704055 0.230516 0.140459
5802.535587 0.763911 -0.43059 -0.0668541 -0.652044 0.710338 0.231099 0.129813
5802.568904 0.794086 -0.425179 -0.0784271 -0.646053 0.718019 0.23081 0.117435
5802.602221 0.821693 -0.419427 -0.0896485 -0.641147 0.724538 0.229856 0.105549
5802.635536 0.850751 -0.409211 -0.100325 -0.637257 0.729336 0.22942 0.0966379
5802.668853 0.879436 -0.397959 -0.111707 -0.635484 0.731614 0.230626 0.087819
5802.702169 0.910331 -0.385043 -0.123947 -0.635535 0.732182 0.231625 0.0797196
5802.735485 0.941476 -0.369362 -0.135838 -0.636729 0.731201 0.234182 0.0712729
5802.768952 0.9688 -0.353499 -0.14998 -0.638757 0.728199 0.240408 0.0626121
5802.802268 0.997689 -0.337671 -0.16505 -0.643101 0.72299 0.246476 0.0543694
5802.835584 1.02826 -0.325329 -0.182177 -0.646926 0.718626 0.250384 0.0486858
5802.868901 1.05977 -0.314408 -0.200999 -0.647758 0.716952 0.254179 0.0422272
5802.902217 1.0944 -0.299259 -0.217572 -0.648635 0.715957 0.2563 0.0314187
5802.935533 1.12329 -0.277538 -0.225638 -0.651031 0.714396 0.25581 0.0189254
5802.968850 1.14975 -0.258324 -0.232419 -0.652169 0.713662 0.255541 0.0078089
5803.002166 1.17808 -0.239623 -0.241375 0.65416 -0.711751 -0.25587 0.003935
5803.035483 1.20556 -0.22335 -0.249996 0.656934 -0.709031 -0.255935 0.0144629
5803.068799 1.23012 -0.207744 -0.256624 0.658404 -0.707337 -0.256141 0.0238657
5803.102265 1.25551 -0.189784 -0.262605 0.661981 -0.703785 -0.255282 0.0360391
5803.135581 1.27963 -0.173103 -0.267476 0.667641 -0.698724 -0.252331 0.0486686
5803.168898 1.2982 -0.156812 -0.269093 0.671882 -0.694146 -0.251088 0.0607509
5803.202215 1.31775 -0.141114 -0.271565 0.676293 -0.689136 -0.250323 0.0711193
5803.235531 1.3358 -0.126268 -0.272529 0.680938 -0.683806 -0.249684 0.0799415
5803.268847 1.35284 -0.113789 -0.273096 0.684613 -0.679024 -0.250149 0.0875028
5803.302163 1.3688 -0.102754 -0.272097 0.688158 -0.674492 -0.25021 0.0943097
5803.335480 1.38425 -0.0922805 -0.270181 0.689733 -0.67244 -0.24872 0.101144
5803.368796 1.41761 -0.0624412 -0.275999 0.693113 -0.669401 -0.247654 0.100813
5803.402112 1.43143 -0.0560221 -0.27128 0.694547 -0.667808 -0.245179 0.107353
5803.435428 1.44314 -0.0539609 -0.265023 0.694018 -0.668091 -0.243256 0.113226
5803.468895 1.45493 -0.0539617 -0.258423 0.693394 -0.669187 -0.239451 0.118565
5803.502211 1.46732 -0.0564409 -0.251722 0.693046 -0.670589 -0.233333 0.124713
5803.535528 1.47841 -0.0633431 -0.243759 0.69146 -0.672599 -0.229102 0.130407
5803.568844 1.48975 -0.0743626 -0.236025 0.689045 -0.67473 -0.228296 0.133561
5803.602160 1.4997 -0.0885294 -0.227436 0.686181 -0.675892 -0.233673 0.133125
5803.635476 1.50955 -0.106281 -0.219281 0.685056 -0.67451 -0.242506 0.130098
5803.668793 1.51768 -0.126588 -0.210721 0.685935 -0.671337 -0.252604 0.122441
5803.702109 1.52404 -0.148399 -0.202133 0.686483 -0.668794 -0.263344 0.110029
5803.735426 1.52737 -0.171586 -0.193114 0.685172 -0.667995 -0.27324 0.0982975
5803.768742 1.52712 -0.197062 -0.185896 0.679168 -0.670347 -0.286029 0.0869118
5803.802208 1.5249 -0.223922 -0.181678 0.670586 -0.674801 -0.298712 0.0756897
5803.835525 1.52085 -0.247975 -0.17835 0.663569 -0.678749 -0.307997 0.0641413
5803.868841 1.5149 -0.26968 -0.176011 0.658383 -0.682219 -0.313581 0.0526871
5803.902157 1.50915 -0.288533 -0.17622 0.65503 -0.685296 -0.315433 0.0425194
5803.935473 1.50051 -0.303543 -0.176389 0.652141 -0.687565 -0.317406 0.0349306
5803.968790 1.48914 -0.31654 -0.176802 0.649877 -0.689135 -0.319218 0.029193
5804.002106 1.47834 -0.324822 -0.178875 0.64798 -0.69033 -0.321072 0.0218767
5804.035422 1.46395 -0.331158 -0.180375 0.646403 -0.690985 -0.323251 0.0145719
5804.068739 1.45086 -0.333241 -0.182911 0.64663 -0.690397 -0.324239 0.00957144
5804.102055 1.43784 -0.33195 -0.184922 0.650353 -0.687581 -0.322833 0.00716989
5804.135371 1.4242 -0.330815 -0.186817 0.655464 -0.684707 -0.318634 0.00405613
5804.168838 1.41063 -0.3284 -0.188652 0.6604 -0.68262 -0.312879 0.00287538
5804.202154 1.3969 -0.325865 -0.19088 0.664408 -0.68141 -0.306973 0.00303003
5804.235471 1.38201 -0.322109 -0.192859 0.666182 -0.681364 -0.303223 0.000612775
5804.268787 1.36397 -0.316809 -0.193329 -0.668176 0.680604 0.300521 0.00239227
5804.302103 1.34462 -0.309508 -0.193536 -0.671313 0.678853 0.297413 0.00662316
5804.335419 1.32451 -0.299919 -0.192879 -0.674724 0.677664 0.292189 0.0120226
5804.368736 1.30418 -0.28761 -0.191968 -0.678002 0.678192 0.283134 0.014242
5804.402052 1.28644 -0.269579 -0.192518 -0.68181 0.678971 0.272036 0.0113568
5804.435368 1.26763 -0.24439 -0.189453 -0.687657 0.678821 0.257515 0.00397055
5804.468685 1.25075 -0.219364 -0.189331 0.694384 -0.677567 -0.242328 0.00336605
5804.502151 1.23411 -0.192719 -0.190354 0.69999 -0.676306 -0.229171 0.0102865
5804.535467 1.21736 -0.170607 -0.19482 0.701085 -0.679236 -0.216527 0.0153153
5804.568784 1.19882 -0.151272 -0.200185 0.696027 -0.687328 -0.206767 0.0193595
5804.602100 1.1834 -0.129868 -0.207088 0.690176 -0.696614 -0.193683 0.0295435
5804.635417 1.16673 -0.111032 -0.213931 0.685052 -0.704363 -0.181745 0.039305
5804.668733 1.14595 -0.0933859 -0.218072 0.680642 -0.710156 -0.17546 0.0402308
5804.702049 1.12702 -0.0748998 -0.223014 0.678458 -0.713581 -0.16954 0.0418663
5804.735365 1.10878 -0.0562292 -0.228444 0.68105 -0.712058 -0.164332 0.0462523
5804.768682 1.08718 -0.0443912 -0.233198 0.685337 -0.708789 -0.160526 0.0464998
5804.801998 1.06969 -0.0414471 -0.241232 0.687973 -0.70776 -0.153512 0.0469307
5804.835464 1.05123 -0.0402811 -0.248159 0.687747 -0.709334 -0.146573 0.0486318
5804.868782 1.02987 -0.0515779 -0.253544 0.687032 -0.711529 -0.138986 0.0489527
5804.902097 1.01153 -0.0675274 -0.256402 0.687068 -0.713091 -0.131688 0.0457988
5804.935413 0.989854 -0.0827743 -0.257539 0.686094 -0.714751 -0.129819 0.0394074
5804.968730 0.968097 -0.0954801 -0.25857 0.684728 -0.715992 -0.132546 0.0305609
5805.002046 0.949624 -0.107007 -0.2583 0.685888 -0.714846 -0.134926 0.0186328
5805.035363 0.931374 -0.122747 -0.257253 0.687199 -0.713789 -0.134998 0.00619586
5805.068679 0.909337 -0.139524 -0.255579 -0.687897 0.713425 0.13349 0.00152678
5805.101995 0.891076 -0.156041 -0.255219 -0.6881 0.713008 0.134256 0.0106792
5805.135311 0.868014 -0.175482 -0.256024 -0.687174 0.712418 0.140289 0.0239044
5805.168628 0.848669 -0.196935 -0.257771 -0.685542 0.712161 0.146449 0.0375827
5805.202094 0.833651 -0.211929 -0.258087 -0.683992 0.712096 0.150543 0.0491016
5805.235410 0.81833 -0.235341 -0.257379 -0.682985 0.712003 0.151384 0.0605503
5805.268727 0.799539 -0.256458 -0.257142 -0.679217 0.713766 0.154624 0.0727482
5805.302043 0.774535 -0.27993 -0.259443 -0.674997 0.715734 0.159304 0.0820116
5805.335359 0.75562 -0.297368 -0.261468 -0.670574 0.717773 0.163781 0.0911552
5805.368676 0.738732 -0.306735 -0.260567 -0.667691 0.717827 0.169989 0.100085
5805.401992 0.722633 -0.314178 -0.26071 -0.664004 0.718001 0.177704 0.109519
5805.435309 0.7014 -0.325484 -0.262432 -0.661075 0.717001 0.185528 0.120284
5805.468625 0.673927 -0.337916 -0.264258 -0.658094 0.716803 0.191219 0.12861
5805.501941 0.651275 -0.343636 -0.264948 -0.657293 0.715999 0.194477 0.132249
5805.535407 0.632052 -0.342367 -0.261779 -0.660297 0.713685 0.192873 0.132142
5805.568724 0.612944 -0.336459 -0.256668 -0.663469 0.711809 0.188873 0.132153
5805.602040 0.597139 -0.327697 -0.251436 -0.666266 0.710787 0.183477 0.13118
5805.635356 0.581768 -0.314818 -0.245192 -0.670554 0.709688 0.1753 0.126375
5805.668673 0.570331 -0.301696 -0.239527 -0.673671 0.710415 0.164717 0.119781
5805.701989 0.545398 -0.296147 -0.236786 -0.678081 0.709503 0.154991 0.11309
5805.735306 0.523965 -0.285471 -0.233324 -0.682874 0.70786 0.146047 0.10624
5805.768622 0.507763 -0.27639 -0.231251 -0.686662 0.707205 0.135455 0.100043
5805.801938 0.496387 -0.256555 -0.22868 -0.688426 0.708063 0.126921 0.092782
5805.835255 0.480901 -0.238605 -0.22588 -0.691124 0.707308 0.12162 0.0852775
5805.868571 0.464091 -0.221669 -0.221763 -0.693091 0.70734 0.113589 0.0799469
5805.902037 0.45185 -0.214201 -0.219258 -0.693482 0.70979 0.100129 0.0724895
5805.935353 0.4315 -0.199376 -0.214668 -0.693034 0.713045 0.0859763 0.0622758
5805.968670 0.414956 -0.181913 -0.210363 -0.693159 0.714905 0.0737525 0.0547865
5806.001986 0.402584 -0.174113 -0.207537 -0.693332 0.716475 0.0599776 0.0485511
5806.035302 0.386787 -0.167216 -0.203918 -0.693021 0.71805 0.0482931 0.0423495
5806.068619 0.375471 -0.161894 -0.20027 -0.693648 0.718102 0.0407135 0.0390414
5806.101935 0.361454 -0.158149 -0.197331 -0.694397 0.717768 0.0368703 0.0355337
5806.135251 0.347624 -0.157646 -0.193502 -0.696512 0.716028 0.0340535 0.0318708
5806.168568 0.332667 -0.158211 -0.189606 -0.700464 0.712427 0.0307126 0.0292512
5806.201884 0.321629 -0.160818 -0.185398 -0.703628 0.709383 0.0293259 0.0286849
5806.235351 0.305839 -0.168501 -0.182812 -0.704211 0.708532 0.0344622 0.0296975
5806.268667 0.291258 -0.179653 -0.182016 -0.703676 0.708294 0.0442875 0.0346171
5806.301983 0.275803 -0.192169 -0.18069 -0.703827 0.707038 0.0553688 0.0407367
5806.335299 0.258634 -0.206417 -0.179735 -0.704249 0.705531 0.0638395 0.0467359
5806.368616 0.241993 -0.220118 -0.179333 -0.701356 0.706949 0.0734711 0.0540861
5806.401932 0.228111 -0.234335 -0.179971 -0.697124 0.709449 0.0832182 0.0614439
5806.435249 0.213655 -0.250547 -0.180795 -0.692012 0.712918 0.0910769 0.0676221
5806.468565 0.195937 -0.267626 -0.181705 -0.686281 0.717032 0.0975797 0.0732183
5806.501881 0.180442 -0.282359 -0.184811 -0.680258 0.72141 0.104753 0.0764417
5806.535197 0.161624 -0.292823 -0.187639 -0.676209 0.723432 0.114215 0.0796355
5806.568514 0.145689 -0.300838 -0.19126 -0.674595 0.723317 0.122262 0.0823791
5806.601980 0.129429 -0.307145 -0.195192 -0.674468 0.722074 0.128753 0.0844064
5806.635296 0.112457 -0.315031 -0.200827 -0.674199 0.720802 0.135336 0.0870837
5806.668613 0.0962342 -0.317814 -0.206839 -0.674029 0.719226 0.143082 0.0890308
5806.701929 0.0783936 -0.317796 -0.212582 -0.674215 0.717542 0.150285 0.0893447
5806.735246 0.0606692 -0.316445 -0.218815 -0.675794 0.714843 0.155669 0.0898291
5806.768562 0.0393783 -0.310328 -0.222973 -0.677701 0.711851 0.160403 0.090886
5806.801878 0.0228727 -0.302684 -0.22762 -0.682358 0.707254 0.160602 0.0915818
5806.835194 0.00378727 -0.296993 -0.232765 -0.688039 0.703342 0.155568 0.0878085
5806.868511 -0.0182359 -0.279134 -0.234077 -0.693777 0.700029 0.149324 0.0795937
5806.901827 -0.0310805 -0.264698 -0.237667 -0.699222 0.696718 0.143212 0.0718618
5806.935293 -0.0454536 -0.250895 -0.240494 -0.70348 0.694357 0.136713 0.0655289
5806.968610 -0.0632386 -0.240464 -0.242471 -0.707305 0.69305 0.125941 0.059496
5807.001926 -0.0862403 -0.230495 -0.244355 -0.707111 0.695098 0.117045 0.0559676
5807.035242 -0.110845 -0.218319 -0.245131 -0.704069 0.699727 0.109023 0.0527522
5807.068559 -0.136283 -0.203957 -0.244077 -0.70094 0.704974 0.0968399 0.0481339
5807.101875 -0.153113 -0.194239 -0.244288 -0.69854 0.709915 0.079558 0.0416385
5807.135191 -0.168764 -0.184808 -0.244835 -0.697319 0.712992 0.0630254 0.0376527
5807.168508 -0.189357 -0.180066 -0.244723 -0.696316 0.715243 0.0491112 0.0340533
5807.201824 -0.207605 -0.175109 -0.244747 -0.696559 0.715804 0.0376289 0.0318318
5807.235140 -0.229875 -0.175252 -0.243026 -0.695076 0.717751 0.0274692 0.030784
5807.268457 -0.255472 -0.176879 -0.240802 -0.69188 0.721029 0.0220933 0.03052
5807.301923 -0.275561 -0.179765 -0.236992 -0.690045 0.722794 0.0177613 0.0330371
5807.335240 -0.302162 -0.184646 -0.231443 -0.689345 0.723417 0.0138516 0.0357775
5807.368556 -0.330164 -0.190389 -0.224163 -0.688278 0.724357 0.010256 0.0384233
5807.401872 -0.362092 -0.201108 -0.21588 -0.687036 0.725525 0.00635796 0.039426
5807.435188 -0.394946 -0.211309 -0.207555 -0.686763 0.725537 0.00867672 0.0433276
5807.468505 -0.426461 -0.221447 -0.199338 -0.687217 0.724542 0.0150453 0.0504518
5807.501821 -0.453375 -0.229972 -0.189228 -0.688051 0.723168 0.0197818 0.0567658
5807.535137 -0.482804 -0.239204 -0.177827 -0.689615 0.721101 0.0256496 0.0615429
5807.568454 -0.518095 -0.246945 -0.164058 -0.690396 0.719116 0.0357222 0.0703453
5807.601770 -0.548012 -0.260135 -0.153211 -0.687338 0.721046 0.0438849 0.075724
5807.635236 -0.574036 -0.26895 -0.142165 -0.685843 0.721966 0.047968 0.0779961
5807.668553 -0.597277 -0.277095 -0.130929 -0.686565 0.721058 0.050171 0.0786561
5807.701869 -0.622065 -0.28418 -0.120181 -0.68807 0.719009 0.0550677 0.0809523
5807.735185 -0.644393 -0.288183 -0.109532 -0.690864 0.715273 0.0621778 0.0850073
5807.768502 -0.669282 -0.290832 -0.0972807 -0.691391 0.714349 0.064513 0.0867332
5807.801818 -0.691737 -0.292882 -0.085204 -0.691419 0.714485 0.0631548 0.0863831
5807.835135 -0.710034 -0.291358 -0.0744912 -0.690466 0.715967 0.0593563 0.084404
5807.868451 -0.726394 -0.290292 -0.0641275 -0.693525 0.71413 0.0497595 0.081024
5807.901767 -0.746177 -0.283905 -0.0534762 -0.69652 0.712477 0.0396719 0.0752464
5807.935083 -0.766948 -0.273628 -0.0444952 -0.698794 0.711133 0.0335789 0.0696398
5807.968550 -0.785892 -0.265902 -0.035587 -0.704579 0.705777 0.0259675 0.069089
5808.001866 -0.799649 -0.264887 -0.0291154 -0.708688 0.702351 0.0123138 0.0656638
5808.035182 -0.823383 -0.264708 -0.0220856 -0.705198 0.706487 -0.00208485 0.0597256
5808.068499 -0.843181 -0.26594 -0.0172372 -0.696899 0.714737 -0.0120511 0.0577622
5808.101815 -0.864475 -0.264896 -0.0125253 -0.688425 0.72265 -0.0190426 0.0590372
5808.135131 -0.886534 -0.263665 -0.00842682 -0.681531 0.728702 -0.026654 0.0616224
5808.168448 -0.907696 -0.25941 -0.0043428 -0.677354 0.732111 -0.035078 0.0630506
5808.201764 -0.934167 -0.256168 -0.000376592 -0.674157 0.734549 -0.044043 0.063322
5808.235081 -0.955808 -0.254434 0.00164479 -0.670923 0.737018 -0.0498158 0.0646885
5808.268397 -0.980338 -0.252357 0.00254668 -0.669596 0.737912 -0.0508842 0.0673714
5808.301713 -0.999739 -0.25537 0.00442197 -0.67009 0.736994 -0.0507588 0.0724071
5808.335179 -1.02152 -0.262341 0.00534575 -0.670489 0.736182 -0.0471763 0.0790943
5808.368496 -1.0436 -0.273051 0.00499428 -0.669754 0.736419 -0.0401041 0.0866548
5808.401812 -1.06443 -0.285186 0.00422583 -0.670127 0.735491 -0.0314294 0.0948456
5808.435128 -1.08452 -0.2942 0.00327112 -0.671654 0.733499 -0.020459 0.102182
5808.468445 -1.1036 -0.301755 0.00113385 -0.677414 0.727925 -0.00748762 0.105733
5808.501761 -1.12173 -0.306401 0.000259927 -0.684687 0.720406 0.00731652 0.110301
5808.535077 -1.13702 -0.315583 -0.00139972 -0.690476 0.714082 0.0216143 0.113414
5808.568394 -1.15314 -0.326154 -0.00298835 -0.696406 0.707433 0.0354602 0.115323
5808.601710 -1.16546 -0.3318 -0.00397345 -0.701325 0.701077 0.0490809 0.119269
5808.635026 -1.17929 -0.331753 -0.00268642 -0.703526 0.697397 0.0620586 0.121809
5808.668493 -1.18965 -0.332537 -0.00078818 -0.703932 0.696244 0.0697526 0.121895
5808.701809 -1.19795 -0.334596 0.0011318 -0.70392 0.696441 0.0729155 0.118956
5808.735126 -1.20503 -0.338889 0.00236872 -0.702861 0.69864 0.0727815 0.11221
5808.768442 -1.20664 -0.33894 0.00260714 -0.704188 0.698422 0.0724505 0.10525
5808.801758 -1.21285 -0.338337 0.00409916 -0.706061 0.69712 0.0725012 0.101217
5808.835075 -1.21555 -0.338132 0.00571544 -0.710242 0.692951 0.0737099 0.0997108
5808.868391 -1.21505 -0.332598 0.00855628 -0.712315 0.691349 0.0747381 0.0951776
5808.901707 -1.21743 -0.331887 0.0105453 -0.711758 0.692148 0.0761551 0.0923715
5808.935023 -1.22279 -0.330437 0.0147974 -0.708871 0.695526 0.0751746 0.0899734
5808.968340 -1.22954 -0.331488 0.0197701 -0.704582 0.700855 0.069231 0.0870239
5809.001656 -1.23324 -0.332648 0.0244168 -0.698455 0.707962 0.0630552 0.0835142
5809.035123 -1.238 -0.332985 0.0308297 -0.693177 0.714211 0.055486 0.0795644
5809.068439 -1.24223 -0.330825 0.0377059 -0.691755 0.716576 0.0471343 0.0759792
5809.101755 -1.24512 -0.327457 0.0440734 -0.691601 0.717184 0.0432232 0.073937
5809.135071 -1.2505 -0.327957 0.0504795 -0.692008 0.716711 0.0441559 0.0741666
5809.168388 -1.25627 -0.328226 0.0570713 -0.691841 0.716515 0.0472223 0.0757121
5809.201704 -1.26203 -0.327294 0.0647932 -0.691295 0.716947 0.0479188 0.0761665
5809.235020 -1.26837 -0.325278 0.0742833 -0.691563 0.717358 0.0440952 0.0720686
5809.268337 -1.27457 -0.32272 0.0847936 -0.688936 0.720522 0.0392605 0.0683707
5809.301653 -1.28152 -0.32335 0.0945858 -0.68595 0.723818 0.0371007 0.064673
5809.334969 -1.2846 -0.320455 0.105527 -0.68519 0.725073 0.034587 0.0598852
5809.368436 -1.28633 -0.31713 0.116407 -0.685446 0.725042 0.0347475 0.0571932
5809.401752 -1.28884 -0.312979 0.127856 -0.686302 0.724233 0.0390274 0.0543388
5809.435069 -1.29794 -0.30951 0.141237 -0.687784 0.722981 0.0428171 0.0491752
5809.468385 -1.30015 -0.308441 0.154478 -0.690007 0.720961 0.0451902 0.0454387
5809.501701 -1.30006 -0.305875 0.169145 -0.693129 0.717681 0.0505337 0.044191
5809.535018 -1.30476 -0.305563 0.1852 -0.694841 0.715434 0.0579853 0.0445981
5809.568334 -1.31428 -0.304949 0.204668 -0.694828 0.715098 0.0635866 0.0424916
5809.601650 -1.32439 -0.304894 0.224233 -0.693906 0.715887 0.066857 0.0391079
5809.634967 -1.32738 -0.308468 0.241294 -0.693867 0.715903 0.0682824 0.0369976
5809.668283 -1.32672 -0.317115 0.256882 -0.695043 0.714898 0.0680687 0.0346686
5809.701599 -1.33581 -0.324053 0.274865 -0.695078 0.714556 0.071276 0.0345941
5809.735065 -1.34719 -0.329674 0.294182 -0.693517 0.715468 0.0763514 0.0362075
5809.768382 -1.36019 -0.332999 0.315326 -0.691857 0.716698 0.0801459 0.0354263
5809.801698 -1.36761 -0.330884 0.334194 -0.691765 0.716669 0.0824453 0.0324053
5809.835014 -1.37107 -0.333057 0.349692 -0.694991 0.713147 0.0867255 0.0297888
5809.868331 -1.37512 -0.343409 0.361941 -0.698603 0.708784 0.0932162 0.0298268
5809.901647 -1.38203 -0.350618 0.374482 -0.699841 0.706897 0.0986681 0.0280004
5809.934964 -1.37904 -0.352003 0.385749 -0.704046 0.702498 0.101388 0.023141
5809.968280 -1.38292 -0.346914 0.401033 -0.705295 0.700904 0.104843 0.017338
