5815.001325 -0.00817048 0.015075 -0.0110795 0.707789 -0.706423 0.00119798 0.000383942
5815.034641 0.00461068 0.0196177 0.00568837 0.708781 -0.70537 -0.00455323 0.0078758
5815.067958 0.0177702 0.0243423 0.0226299 0.711779 -0.702137 -0.0115726 0.0155343
5815.101274 0.031302 0.0292111 0.0398436 0.714826 -0.698694 -0.0176223 0.0232392
5815.134590 0.0450182 0.0343462 0.0571251 0.717581 -0.695389 -0.0203851 0.0331103
5815.167907 0.059085 0.0390903 0.0744315 0.720664 -0.691393 -0.0207771 0.0467776
5815.201223 0.0718974 0.0425685 0.0914425 0.721576 -0.689523 -0.02505 0.0570858
5815.234539 0.0840245 0.0442192 0.10827 0.720548 -0.689731 -0.0323762 0.0635141
5815.267856 0.0967829 0.0455538 0.124694 0.72003 -0.689023 -0.0394159 0.0724583
5815.301322 0.108012 0.0467868 0.141263 0.718675 -0.689392 -0.045051 0.0788369
5815.334638 0.121283 0.0478582 0.156576 0.71557 -0.691739 -0.0492596 0.083847
5815.367955 0.133853 0.0494683 0.170746 0.712618 -0.693281 -0.055367 0.0920359
5815.401271 0.148074 0.0526718 0.183281 0.711488 -0.692569 -0.0614731 0.101749
5815.434587 0.161965 0.0567698 0.194552 0.711647 -0.69046 -0.0675379 0.11073
5815.467904 0.176702 0.0622798 0.204132 0.713907 -0.686027 -0.0720973 0.120442
5815.501220 0.191465 0.0673569 0.212477 0.716887 -0.680674 -0.0766668 0.129914
5815.534536 0.20599 0.0718164 0.21915 0.718104 -0.676879 -0.0860176 0.136973
5815.567853 0.221234 0.0770178 0.224102 0.719108 -0.672823 -0.097106 0.144096
5815.601169 0.236133 0.0820705 0.22849 0.719966 -0.668873 -0.105664 0.151962
5815.634635 0.250994 0.0890086 0.231982 0.720798 -0.665319 -0.111937 0.158969
5815.667952 0.265742 0.0947982 0.234688 0.720595 -0.662574 -0.114651 0.169097
5815.701268 0.281866 0.102721 0.234975 0.719391 -0.660762 -0.115906 0.1801
5815.734584 0.298218 0.110025 0.233545 0.717016 -0.660036 -0.116916 0.191236
5815.767901 0.314096 0.117001 0.230258 0.713062 -0.660053 -0.119456 0.203968
5815.801217 0.330733 0.125161 0.225248 0.710216 -0.657763 -0.125455 0.217262
5815.834533 0.34499 0.129665 0.222079 0.710798 -0.6531 -0.134883 0.223679
5815.867850 0.358933 0.133612 0.219423 0.711158 -0.650053 -0.142669 0.226562
5815.901166 0.373301 0.13849 0.216733 0.710448 -0.648709 -0.146195 0.230362
5815.934482 0.387069 0.142301 0.214442 0.708111 -0.649841 -0.146871 0.23391
5815.967799 0.400204 0.146572 0.21236 0.705995 -0.651558 -0.145144 0.236596
5816.001265 0.413871 0.153944 0.209111 0.705524 -0.650898 -0.142578 0.241328
5816.034581 0.428227 0.161648 0.20478 0.706472 -0.64781 -0.141616 0.247356
5816.067898 0.441267 0.169231 0.200464 0.707914 -0.643929 -0.143184 0.252411
5816.101214 0.456294 0.177692 0.193862 0.709418 -0.640131 -0.145322 0.256594
5816.134530 0.471348 0.186509 0.186727 0.711532 -0.635068 -0.145525 0.263124
5816.167847 0.486741 0.194093 0.179422 0.712891 -0.630656 -0.145472 0.269995
5816.201163 0.50291 0.200675 0.17181 0.713931 -0.627564 -0.145312 0.274499
5816.234479 0.518232 0.206794 0.164821 0.714776 -0.625837 -0.14171 0.278105
5816.267796 0.534406 0.211872 0.15732 0.714434 -0.62477 -0.135759 0.284283
5816.301112 0.55136 0.215839 0.148701 0.712871 -0.624562 -0.131076 0.290786
5816.334578 0.569325 0.218836 0.139115 0.712263 -0.624027 -0.127817 0.294848
5816.367895 0.586823 0.222371 0.128989 0.712217 -0.622212 -0.127558 0.298878
5816.401211 0.603643 0.226311 0.119003 0.712182 -0.620383 -0.13062 0.301431
5816.434527 0.621194 0.230235 0.109712 0.712416 -0.619657 -0.131678 0.301911
5816.467844 0.638823 0.236046 0.100894 0.713277 -0.617925 -0.129438 0.304386
5816.501160 0.656386 0.242451 0.0926008 0.715363 -0.614624 -0.125297 0.307887
5816.534479 0.672066 0.248119 0.0860341 0.717057 -0.612429 -0.121019 0.310022
5816.567793 0.689334 0.25326 0.0787924 0.717744 -0.611628 -0.117351 0.311421
5816.601109 0.705722 0.258256 0.0721445 0.717259 -0.611455 -0.113779 0.314192
5816.634425 0.72203 0.263184 0.0651453 0.71586 -0.611249 -0.110134 0.319045
5816.667742 0.73806 0.268634 0.0574861 0.714088 -0.61062 -0.10828 0.324803
5816.701208 0.751841 0.274261 0.0504624 0.712916 -0.60924 -0.107613 0.330146
5816.734524 0.766735 0.279403 0.0430982 0.712271 -0.606983 -0.103136 0.337053
5816.767841 0.780727 0.284288 0.0357812 0.710377 -0.60503 -0.0992711 0.345614
5816.801157 0.794783 0.288339 0.0286358 0.708736 -0.603196 -0.098568 0.352323
5816.834473 0.809051 0.292994 0.0214981 0.708715 -0.600562 -0.09665 0.357362
5816.867790 0.822025 0.298825 0.0148904 0.709554 -0.595689 -0.095204 0.364175
5816.901106 0.835611 0.304402 0.00761811 0.71141 -0.589078 -0.0965611 0.370891
5816.934422 0.848008 0.310221 0.00132789 0.714378 -0.582405 -0.0987084 0.375132
5816.967739 0.860772 0.315573 -0.00501858 0.716438 -0.576551 -0.100092 0.379852
5817.001055 0.87353 0.320721 -0.0111538 0.717279 -0.57124 -0.102516 0.385598
5817.034521 0.885903 0.325657 -0.0161634 0.718229 -0.567022 -0.104639 0.389466
5817.067838 0.898641 0.330794 -0.0207862 0.719092 -0.563449 -0.105656 0.392771
5817.101154 0.911677 0.336575 -0.0254798 0.719271 -0.559662 -0.106944 0.397479
5817.134470 0.925174 0.34285 -0.0302097 0.720574 -0.554324 -0.108051 0.402273
5817.167787 0.938832 0.349206 -0.0347863 0.722418 -0.548052 -0.109398 0.407166
5817.201103 0.952538 0.35564 -0.0394055 0.723538 -0.542257 -0.111326 0.41238
5817.234419 0.967223 0.361901 -0.0445754 0.723563 -0.537221 -0.114762 0.417947
5817.267736 0.981682 0.367383 -0.0487068 0.723568 -0.533089 -0.118262 0.422232
5817.301052 0.996909 0.371565 -0.0516671 0.724554 -0.530299 -0.117234 0.424337
5817.334368 1.01247 0.374853 -0.0539236 0.723806 -0.529926 -0.114783 0.426742
5817.367685 1.02845 0.376858 -0.0557391 0.722002 -0.531052 -0.113591 0.428712
5817.401151 1.04455 0.378683 -0.0568901 0.721316 -0.531607 -0.113663 0.429159
5817.434467 1.0602 0.380618 -0.058036 0.721425 -0.531018 -0.115145 0.42931
5817.467784 1.07598 0.3829 -0.0594539 0.722269 -0.527648 -0.113013 0.4326
5817.501100 1.09228 0.384249 -0.0603065 0.722597 -0.524457 -0.10941 0.436838
5817.534416 1.10831 0.384493 -0.0605782 0.721149 -0.524713 -0.109459 0.438906
5817.567733 1.12462 0.383989 -0.0605759 0.719203 -0.525619 -0.112123 0.44034
5817.601049 1.14108 0.383269 -0.0604378 0.718058 -0.525807 -0.11392 0.441523
5817.634365 1.15753 0.382668 -0.0607693 0.716075 -0.526583 -0.115639 0.443367
5817.667682 1.17379 0.381851 -0.0615967 0.713305 -0.527238 -0.118673 0.446243
5817.700998 1.19006 0.380178 -0.062638 0.710988 -0.528261 -0.122681 0.447645
5817.734464 1.2057 0.378094 -0.0643368 0.708342 -0.529842 -0.127325 0.448673
5817.767781 1.22047 0.376091 -0.0666722 0.705539 -0.530884 -0.131558 0.450632
5817.801097 1.23459 0.37379 -0.0695148 0.703893 -0.530458 -0.134056 0.452966
5817.834413 1.24788 0.371448 -0.0728294 0.702487 -0.530249 -0.135885 0.454844
5817.867730 1.26061 0.367561 -0.0756005 0.700396 -0.531441 -0.138884 0.455772
5817.901046 1.27267 0.363497 -0.0785096 0.698463 -0.532088 -0.144572 0.456213
5817.934362 1.28437 0.36016 -0.0817816 0.698396 -0.530501 -0.150966 0.456093
5817.967679 1.29504 0.356409 -0.083946 0.699514 -0.528826 -0.154825 0.45503
5818.000995 1.30552 0.351367 -0.0864064 0.698466 -0.530008 -0.158193 0.454106
5818.034311 1.3146 0.345447 -0.0886152 0.694766 -0.53341 -0.162276 0.454358
5818.067778 1.32343 0.339066 -0.0910399 0.692278 -0.536999 -0.165567 0.452736
5818.101096 1.33222 0.332371 -0.0939122 0.691277 -0.539803 -0.167465 0.450228
5818.134410 1.33989 0.325396 -0.0961442 0.690183 -0.542102 -0.169701 0.448302
5818.167727 1.34723 0.318124 -0.0983571 0.689489 -0.545339 -0.173447 0.443989
5818.201044 1.35398 0.310811 -0.100268 0.689103 -0.549349 -0.177939 0.437825
5818.234359 1.36056 0.303152 -0.102302 0.688995 -0.5533 -0.180188 0.432062
5818.267676 1.36729 0.29571 -0.105276 0.688461 -0.558122 -0.181629 0.426065
5818.300992 1.37331 0.289382 -0.108656 0.687565 -0.563461 -0.184995 0.418978
5818.334308 1.38035 0.283252 -0.113085 0.688542 -0.567546 -0.187854 0.410503
5818.367625 1.38813 0.277672 -0.118746 0.690288 -0.569475 -0.189793 0.403955
5818.400941 1.39679 0.272199 -0.126409 0.690277 -0.571098 -0.194809 0.399267
5818.434407 1.40572 0.267186 -0.135098 0.690094 -0.572714 -0.200972 0.394181
5818.467724 1.41476 0.262053 -0.144021 0.691395 -0.574431 -0.204488 0.387539
5818.501040 1.42409 0.25587 -0.153673 0.69098 -0.577718 -0.209155 0.380846
5818.534356 1.43278 0.249464 -0.163014 0.688888 -0.583411 -0.213673 0.373375
5818.567673 1.44168 0.243289 -0.172627 0.687314 -0.589066 -0.216127 0.36591
5818.600989 1.45058 0.236688 -0.182403 0.685634 -0.594142 -0.217538 0.35997
5818.634305 1.45934 0.230749 -0.192568 0.684074 -0.59819 -0.218528 0.355608
5818.667622 1.46771 0.223771 -0.202739 0.682594 -0.603246 -0.217955 0.350222
5818.700938 1.47565 0.216324 -0.213317 0.680561 -0.61029 -0.218178 0.341732
5818.734254 1.48256 0.208206 -0.224587 0.677033 -0.617857 -0.22028 0.3337
5818.767721 1.48927 0.200471 -0.236716 0.673384 -0.623933 -0.224332 0.327013
5818.801037 1.496 0.194242 -0.249796 0.669451 -0.629456 -0.230605 0.320065
5818.834353 1.50243 0.189235 -0.263006 0.66695 -0.63255 -0.236544 0.314811
5818.867670 1.50903 0.186657 -0.276374 0.665683 -0.634388 -0.23883 0.312055
5818.900986 1.51562 0.185951 -0.289454 0.664706 -0.635784 -0.238841 0.311286
5818.934302 1.52205 0.1875 -0.302261 0.664068 -0.637384 -0.236999 0.310784
5818.967619 1.52799 0.191363 -0.314264 0.664596 -0.637543 -0.234122 0.31151
5819.000935 1.53443 0.197181 -0.326566 0.666671 -0.634891 -0.232678 0.313566
5819.034251 1.54123 0.204245 -0.338623 0.671671 -0.628788 -0.230887 0.316505
5819.067568 1.54787 0.213688 -0.350342 0.67865 -0.620373 -0.228424 0.319992
5819.100884 1.5544 0.223279 -0.361475 0.685656 -0.610656 -0.229284 0.323116
5819.134350 1.56099 0.233185 -0.371702 0.692259 -0.601998 -0.230751 0.324237
5819.167667 1.56808 0.242674 -0.381398 0.696923 -0.595919 -0.230301 0.325791
5819.200983 1.57504 0.2518 -0.390718 0.698301 -0.592465 -0.230987 0.328644
5819.234299 1.58367 0.260581 -0.400711 0.700801 -0.587178 -0.230159 0.333357
5819.267616 1.59221 0.270107 -0.410469 0.702406 -0.58224 -0.228603 0.339652
5819.300932 1.60122 0.279898 -0.421053 0.702971 -0.57693 -0.229905 0.346594
5819.334248 1.61069 0.290757 -0.43209 0.704959 -0.569464 -0.234 0.352119
5819.367565 1.62035 0.301784 -0.443064 0.709183 -0.561464 -0.236313 0.354927
5819.400882 1.63004 0.31372 -0.454576 0.713004 -0.553153 -0.235586 0.360757
5819.434197 1.64166 0.324844 -0.468048 0.714135 -0.54613 -0.23432 0.369927
5819.467664 1.65266 0.334774 -0.48161 0.713426 -0.54073 -0.233823 0.379422
5819.500980 1.66351 0.34606 -0.49468 0.713825 -0.533348 -0.233999 0.388894
5819.534296 1.67472 0.355963 -0.507756 0.714551 -0.526455 -0.23447 0.396593
5819.567613 1.68709 0.365928 -0.52205 0.715485 -0.520108 -0.236733 0.401904
5819.600929 1.69973 0.376255 -0.536607 0.716557 -0.513233 -0.239745 0.407013
5819.634245 1.712 0.385917 -0.550613 0.716936 -0.506243 -0.242377 0.413491
5819.667562 1.72605 0.396169 -0.56733 0.716459 -0.500415 -0.243206 0.420859
5819.700878 1.73885 0.404739 -0.583338 0.716707 -0.492766 -0.244712 0.428519
5819.734194 1.7515 0.414659 -0.599804 0.718904 -0.483665 -0.245363 0.43479
5819.767511 1.76444 0.4234 -0.615748 0.721603 -0.474651 -0.245566 0.440106
5819.800827 1.7772 0.430169 -0.631642 0.72093 -0.468983 -0.247419 0.446204
5819.834293 1.78878 0.436183 -0.647095 0.717587 -0.465785 -0.250704 0.453057
5819.867610 1.80132 0.441367 -0.663521 0.714449 -0.463053 -0.252886 0.459558
5819.900926 1.81343 0.446107 -0.679602 0.710583 -0.46111 -0.255589 0.465965
5819.934242 1.82575 0.450901 -0.695987 0.708579 -0.458064 -0.257012 0.47121
5819.967559 1.83799 0.455926 -0.712034 0.708994 -0.451585 -0.256728 0.476958
5820.000875 1.85001 0.459772 -0.727745 0.708185 -0.445983 -0.259372 0.481975
5820.034191 1.86218 0.462459 -0.742952 0.704946 -0.444478 -0.266717 0.484099
5820.067508 1.87476 0.466041 -0.759087 0.701915 -0.443385 -0.274904 0.484925
5820.100824 1.88693 0.469775 -0.774546 0.699976 -0.439186 -0.281821 0.487571
5820.134140 1.89864 0.473971 -0.790213 0.698833 -0.434639 -0.286989 0.490264
5820.167607 1.9095 0.478376 -0.805729 0.697697 -0.43015 -0.289982 0.494064
5820.200923 1.9201 0.483707 -0.823199 0.696286 -0.424792 -0.290735 0.500211
5820.234239 1.92932 0.489053 -0.840824 0.694424 -0.418336 -0.293339 0.506678
5820.267557 1.93737 0.494012 -0.857833 0.693127 -0.411085 -0.297582 0.511888
5820.300872 1.94451 0.497509 -0.874399 0.691424 -0.403305 -0.302518 0.517456
5820.334188 1.95059 0.501338 -0.890087 0.688086 -0.396352 -0.308986 0.523422
5820.367505 1.9561 0.504139 -0.905736 0.684712 -0.388227 -0.316508 0.529407
5820.400821 1.9605 0.507158 -0.92052 0.682205 -0.378153 -0.325552 0.534428
5820.434137 1.96428 0.510018 -0.934228 0.680086 -0.3682 -0.334714 0.538404
5820.467454 1.96803 0.51369 -0.949649 0.678824 -0.359507 -0.341629 0.541518
5820.500770 1.97093 0.516755 -0.965162 0.677446 -0.3505 -0.348193 0.544957
5820.534236 1.97313 0.51948 -0.980606 0.675399 -0.341361 -0.354913 0.54895
5820.567553 1.97488 0.522424 -0.997296 0.673299 -0.333864 -0.36214 0.551414
5820.600869 1.97597 0.525053 -1.01319 0.671398 -0.326875 -0.369914 0.552758
5820.634185 1.97673 0.52748 -1.02858 0.66982 -0.32027 -0.375747 0.554601
5820.667502 1.97715 0.529683 -1.04378 0.667897 -0.314444 -0.380896 0.556737
5820.700818 1.97734 0.531756 -1.05966 0.665584 -0.309401 -0.385984 0.558825
5820.734134 1.97738 0.5333 -1.07588 0.663057 -0.305504 -0.390871 0.560573
5820.767451 1.97676 0.535263 -1.09262 0.660302 -0.301641 -0.395657 0.562556
5820.800767 1.97599 0.536779 -1.10886 0.657107 -0.297894 -0.401178 0.564381
5820.834083 1.97487 0.538135 -1.12635 0.653739 -0.296505 -0.406968 0.564878
5820.867550 1.97281 0.539814 -1.14346 0.651581 -0.294186 -0.410819 0.565795
5820.900866 1.96983 0.542352 -1.16284 0.65001 -0.290291 -0.412182 0.568617
5820.934182 1.96598 0.544315 -1.18332 0.646418 -0.2858 -0.41463 0.573187
5820.967499 1.96114 0.545872 -1.20382 0.641812 -0.281988 -0.419201 0.576915
5821.000815 1.9555 0.547791 -1.22552 0.637934 -0.277175 -0.424634 0.579569
5821.034131 1.94883 0.549755 -1.24694 0.63402 -0.271214 -0.431743 0.581429
5821.067448 1.94195 0.55189 -1.2698 0.631117 -0.26458 -0.438465 0.582612
5821.100764 1.93569 0.552621 -1.29192 0.627042 -0.260314 -0.444445 0.5844
5821.134080 1.92979 0.553093 -1.31536 0.621602 -0.259729 -0.449494 0.586606
5821.167397 1.92471 0.553223 -1.33751 0.616138 -0.260105 -0.452534 0.589859
5821.200863 1.91948 0.553304 -1.35933 0.611329 -0.259672 -0.452329 0.595186
5821.234179 1.9139 0.554073 -1.38057 0.607365 -0.258788 -0.450526 0.600968
5821.267496 1.90789 0.555394 -1.40194 0.605205 -0.256997 -0.44876 0.605223
5821.300812 1.90265 0.555587 -1.42107 0.603289 -0.256406 -0.448891 0.607285
5821.334128 1.89754 0.555554 -1.43979 0.600807 -0.259618 -0.448659 0.608551
5821.367445 1.89246 0.555239 -1.45632 0.596904 -0.262787 -0.44889 0.610857
5821.400761 1.8871 0.555061 -1.47188 0.593616 -0.264371 -0.450671 0.612065
5821.434077 1.88252 0.555178 -1.48528 0.592799 -0.264979 -0.452876 0.610965
5821.467394 1.87961 0.554262 -1.49638 0.593692 -0.267387 -0.453216 0.608793
5821.500710 1.87704 0.553806 -1.50532 0.596019 -0.268449 -0.451454 0.60736
5821.534026 1.8757 0.552447 -1.51154 0.599545 -0.267804 -0.448559 0.606319
5821.567493 1.87562 0.549948 -1.51658 0.601738 -0.269206 -0.446214 0.605254
5821.600809 1.87796 0.544862 -1.51878 0.60025 -0.274917 -0.447387 0.603295
5821.634125 1.88182 0.538921 -1.51929 0.598422 -0.282843 -0.451946 0.598026
5821.667442 1.8878 0.531456 -1.51707 0.597189 -0.291488 -0.456749 0.591422
5821.700758 1.89465 0.524033 -1.51347 0.596671 -0.30143 -0.458209 0.585806
5821.734074 1.90283 0.515952 -1.50781 0.5976 -0.312257 -0.455149 0.581558
5821.767391 1.91224 0.507763 -1.50112 0.598582 -0.323662 -0.451189 0.577383
5821.800707 1.92229 0.499364 -1.49453 0.599881 -0.335137 -0.449052 0.571121
5821.834024 1.93328 0.489304 -1.486 0.600977 -0.347165 -0.448757 0.562957
5821.867340 1.9445 0.479088 -1.47756 0.600909 -0.36108 -0.449208 0.553842
5821.900806 1.95607 0.467206 -1.46747 0.600801 -0.375612 -0.448185 0.545055
5821.934122 1.968 0.455009 -1.456 0.601489 -0.390469 -0.444968 0.536422
5821.967439 1.97988 0.442958 -1.44421 0.601932 -0.406082 -0.440497 0.527956
5822.000755 1.99204 0.430295 -1.4321 0.602513 -0.42177 -0.434909 0.519559
5822.034071 2.00413 0.417322 -1.41966 0.603492 -0.435618 -0.427577 0.513042
5822.067388 2.01571 0.404499 -1.40761 0.603161 -0.449197 -0.421456 0.506748
5822.100704 2.02739 0.391053 -1.39449 0.603321 -0.462301 -0.415615 0.499546
5822.134020 2.03877 0.378571 -1.38234 0.606003 -0.472221 -0.409283 0.492193
5822.167337 2.04937 0.366491 -1.37204 0.607348 -0.481921 -0.406325 0.483508
5822.200653 2.05968 0.353816 -1.35995 0.608465 -0.491328 -0.405037 0.473616
5822.233969 2.07027 0.341829 -1.3488 0.612181 -0.49917 -0.402248 0.462883
5822.267436 2.08054 0.330128 -1.33745 0.617122 -0.503593 -0.397679 0.455419
5822.300752 2.09073 0.318565 -1.32624 0.621059 -0.508232 -0.390331 0.451251
5822.334068 2.10193 0.306962 -1.31584 0.621421 -0.516426 -0.38148 0.449014
5822.367385 2.1148 0.294817 -1.30774 0.618352 -0.526658 -0.374704 0.447067
5822.400701 2.12646 0.282982 -1.29947 0.614431 -0.535014 -0.371062 0.445587
5822.434018 2.134 0.27109 -1.28896 0.611657 -0.540402 -0.369988 0.443792
5822.467334 2.14313 0.260602 -1.28083 0.610626 -0.543436 -0.371594 0.44015
5822.500650 2.15124 0.250625 -1.2723 0.610311 -0.546789 -0.374621 0.433822
5822.533966 2.15719 0.239707 -1.26244 0.611219 -0.550427 -0.376291 0.426434
5822.567283 2.16379 0.228947 -1.25385 0.612818 -0.55357 -0.3759 0.420373
5822.600749 2.1719 0.221062 -1.24746 0.615738 -0.557239 -0.373504 0.413335
5822.634065 2.17945 0.212583 -1.24076 0.620315 -0.561419 -0.367601 0.406062
5822.667382 2.18697 0.204744 -1.23446 0.62622 -0.564488 -0.357649 0.401609
5822.700698 2.19404 0.199041 -1.22821 0.630413 -0.565656 -0.349336 0.40072
5822.734014 2.20087 0.192683 -1.22284 0.633734 -0.565 -0.343671 0.401307
5822.767331 2.20834 0.186039 -1.2185 0.637247 -0.563226 -0.340179 0.401212
5822.800647 2.2151 0.178726 -1.214 0.641839 -0.561356 -0.338246 0.398135
5822.833963 2.22158 0.171185 -1.20899 0.647626 -0.560543 -0.336257 0.39154
5822.867280 2.22988 0.163051 -1.20442 0.652504 -0.562825 -0.333902 0.382068
5822.900596 2.23971 0.154702 -1.2005 0.655286 -0.568304 -0.331878 0.370792
5822.933912 2.24892 0.145528 -1.19558 0.657742 -0.57345 -0.327961 0.361901
5822.967379 2.2584 0.136747 -1.19051 0.658809 -0.578941 -0.32043 0.357943
5823.000695 2.26738 0.127664 -1.18582 0.658863 -0.583746 -0.310839 0.358494
5823.034011 2.27876 0.119092 -1.18298 0.656693 -0.590037 -0.303244 0.358683
5823.067328 2.28981 0.108013 -1.17961 0.654595 -0.597233 -0.296498 0.35624
5823.100644 2.30016 0.0972676 -1.17604 0.654247 -0.603617 -0.291727 0.350003
5823.133960 2.3121 0.0895666 -1.17484 0.656125 -0.607543 -0.290699 0.340419
5823.167277 2.3232 0.0791832 -1.17458 0.659931 -0.608599 -0.292207 0.329718
5823.200593 2.33253 0.0683582 -1.17255 0.663299 -0.608857 -0.293403 0.321313
5823.233909 2.3431 0.0577119 -1.17271 0.667574 -0.607615 -0.292701 0.315396
5823.267226 2.35279 0.0491032 -1.1728 0.672844 -0.604579 -0.289575 0.312906
5823.300692 2.36205 0.0432301 -1.17261 0.677869 -0.601324 -0.285083 0.312458
5823.334008 2.37089 0.0356261 -1.17152 0.681333 -0.60096 -0.277438 0.312508
5823.367325 2.3795 0.0264659 -1.17095 0.682127 -0.6032 -0.270807 0.312275
5823.400641 2.38605 0.0152154 -1.1701 0.680358 -0.607255 -0.270716 0.308331
5823.433958 2.39384 0.00484729 -1.17046 0.678074 -0.612742 -0.273738 0.299717
5823.467274 2.40044 -0.002536 -1.16886 0.675264 -0.618838 -0.276031 0.291317
5823.600539 2.42906 -0.0255811 -1.15006 0.670797 -0.636014 -0.259055 0.280013
5823.900536 2.48938 -0.0160103 -1.0765 0.686592 -0.620821 -0.269418 0.265681
5823.967169 2.49294 -0.00706954 -1.04909 0.686004 -0.622948 -0.26455 0.26711
5824.000635 2.49455 -0.000928797 -1.03401 0.686418 -0.623351 -0.259593 0.269955
5824.167217 2.4891 0.0445804 -0.945121 0.690208 -0.623533 -0.227395 0.288288
5824.200533 2.48457 0.0582263 -0.924157 0.692396 -0.622206 -0.221889 0.290193
5824.300482 2.46346 0.0910465 -0.859636 0.695362 -0.623173 -0.205995 0.292733
5824.367265 2.44835 0.118086 -0.819582 0.696974 -0.624265 -0.18625 0.299721
5824.400581 2.43941 0.127886 -0.799649 0.694959 -0.629232 -0.17364 0.301575
5824.433897 2.4308 0.136815 -0.780524 0.692555 -0.634091 -0.161814 0.3035
5824.467214 2.41963 0.145022 -0.761109 0.69008 -0.638489 -0.151254 0.305359
5824.500530 2.40965 0.152466 -0.743154 0.687863 -0.643183 -0.140717 0.305548
5824.533846 2.39671 0.15973 -0.724288 0.687792 -0.644891 -0.130794 0.306513
5824.567163 2.38645 0.168137 -0.709183 0.689624 -0.645266 -0.122432 0.30506
5824.600479 2.37616 0.173772 -0.694564 0.692366 -0.645744 -0.114912 0.300731
5824.633795 2.36427 0.181947 -0.681092 0.695369 -0.645601 -0.108553 0.296441
5824.667112 2.35216 0.187941 -0.668806 0.698215 -0.645037 -0.103039 0.292926
5824.700578 2.33967 0.19408 -0.657431 0.700665 -0.64438 -0.0971217 0.290533
5824.733894 2.32683 0.199538 -0.647014 0.702776 -0.643677 -0.091411 0.288843
5824.767211 2.31347 0.204156 -0.636893 0.70394 -0.644634 -0.0853559 0.285709
5824.800527 2.2972 0.208448 -0.625868 0.703938 -0.647838 -0.0789045 0.280269
5824.833843 2.28162 0.21298 -0.615958 0.703378 -0.652004 -0.0706437 0.274152
5824.867160 2.26372 0.218823 -0.605714 0.703474 -0.654577 -0.0612595 0.27
5824.900476 2.24656 0.223408 -0.596335 0.704261 -0.657061 -0.0519688 0.263791
5824.933792 2.22761 0.226978 -0.586799 0.704164 -0.661248 -0.0444085 0.254817
5824.967109 2.20777 0.231159 -0.578011 0.704111 -0.665137 -0.0355564 0.246081
